-------------------------------------------------------------------------------
 L       Percentage of nodes in the largest component
 D       Percentage of nodes in components of size at most 3 [-div option]
 R       Percentage of nodes not in L or D: 100 - L -D
 S       Percentage of nodes that are singletons
 E       Fraction of edges retained (input graph has 90)
 cce     Expected size of component, nodewise [ sum(sz^2) / sum^2(sz) ]
 EW      Edge weight traits (mean, median and IQR)
 ND      Node degree traits [mean, median and IQR]
 CCF     Clustering coefficient (scale 1-100)
 eff     Induced component efficiency relative to start graph (scale 1-1000)
Total number of nodes: 10
----------------------------------------------------------------------------------------------
  L   D   R   S     E     cce  EWmean   EWmed   EWiqr  NDmean   NDmed  NDiqr CCF  eff  Cutoff 
----------------------------------------------------------------------------------------------
100   0   0   0 1.000      10    0.90    0.91    0.03     9.0     9.5    0.5   -    -     0.50
100   0   0   0 1.000      10    0.90    0.91    0.03     9.0     9.5    0.5   -    -     0.51
100   0   0   0 1.000      10    0.90    0.91    0.03     9.0     9.5    0.5   -    -     0.52
100   0   0   0 1.000      10    0.90    0.91    0.03     9.0     9.5    0.5   -    -     0.53
100   0   0   0 1.000      10    0.90    0.91    0.03     9.0     9.5    0.5   -    -     0.54
100   0   0   0 1.000      10    0.90    0.91    0.03     9.0     9.5    0.5   -    -     0.55
100   0   0   0 1.000      10    0.90    0.91    0.03     9.0     9.5    0.5   -    -     0.56
100   0   0   0 1.000      10    0.90    0.91    0.03     9.0     9.5    0.5   -    -     0.57
100   0   0   0 1.000      10    0.90    0.91    0.03     9.0     9.5    0.5   -    -     0.58
100   0   0   0 1.000      10    0.90    0.91    0.03     9.0     9.5    0.5   -    -     0.59
100   0   0   0 1.000      10    0.90    0.91    0.03     9.0     9.5    0.5   -    -     0.60
100   0   0   0 1.000      10    0.90    0.91    0.03     9.0     9.5    0.5   -    -     0.61
100   0   0   0 1.000      10    0.90    0.91    0.03     9.0     9.5    0.5   -    -     0.62
100   0   0   0 1.000      10    0.90    0.91    0.03     9.0     9.5    0.5   -    -     0.63
100   0   0   0 1.000      10    0.90    0.91    0.03     9.0     9.5    0.5   -    -     0.64
100   0   0   0 1.000      10    0.90    0.91    0.03     9.0     9.5    0.5   -    -     0.65
100   0   0   0 1.000      10    0.90    0.91    0.03     9.0     9.5    0.5   -    -     0.66
100   0   0   0 1.000      10    0.90    0.91    0.03     9.0     9.5    0.5   -    -     0.67
100   0   0   0 1.000      10    0.90    0.91    0.03     9.0     9.5    0.5   -    -     0.68
100   0   0   0 1.000      10    0.90    0.91    0.03     9.0     9.5    0.5   -    -     0.69
100   0   0   0 1.000      10    0.90    0.91    0.03     9.0     9.5    0.5   -    -     0.70
100   0   0   0 1.000      10    0.90    0.91    0.03     9.0     9.5    0.5   -    -     0.71
100   0   0   0 1.000      10    0.90    0.91    0.03     9.0     9.5    0.5   -    -     0.72
100   0   0   0 1.000      10    0.90    0.91    0.03     9.0     9.5    0.5   -    -     0.73
100   0   0   0 1.000      10    0.90    0.91    0.03     9.0     9.5    0.5   -    -     0.74
100   0   0   0 1.000      10    0.90    0.91    0.03     9.0     9.5    0.5   -    -     0.75
100   0   0   0 1.000      10    0.90    0.91    0.03     9.0     9.5    0.5   -    -     0.76
100   0   0   0 1.000      10    0.90    0.91    0.03     9.0     9.5    0.5   -    -     0.77
100   0   0   0 1.000      10    0.90    0.91    0.03     9.0     9.5    0.5   -    -     0.78
100   0   0   0 1.000      10    0.90    0.91    0.03     9.0     9.5    0.5   -    -     0.79
100   0   0   0 1.000      10    0.90    0.91    0.03     9.0     9.5    0.5   -    -     0.80
100   0   0   0 1.000      10    0.90    0.91    0.03     9.0     9.5    0.5   -    -     0.81
100   0   0   0 1.000      10    0.90    0.91    0.03     9.0     9.5    0.5   -    -     0.82
100   0   0   0 0.978      10    0.90    0.91    0.03     8.8     9.5    0.5   -    -     0.83
100   0   0   0 0.933      10    0.91    0.91    0.03     8.4     9.5    1.5   -    -     0.84
100   0   0   0 0.844      10    0.91    0.91    0.02     7.6     8.5    0.5   -    -     0.85
100   0   0   0 0.844      10    0.91    0.91    0.02     7.6     8.5    0.5   -    -     0.86
100   0   0   0 0.844      10    0.91    0.91    0.02     7.6     8.5    0.5   -    -     0.87
100   0   0   0 0.844      10    0.91    0.91    0.02     7.6     8.5    0.5   -    -     0.88
 90  10   0  10 0.756       8    0.92    0.91    0.03     6.8     8.5    1.5   -    -     0.89
 90  10   0  10 0.644       8    0.92    0.92    0.02     5.8     7.5    2.5   -    -     0.90
 90  10   0  10 0.467       8    0.93    0.92    0.02     4.2     4.5    1.5   -    -     0.91
 50  10  40  10 0.289       4    0.93    0.93    0.02     2.6     3.5    2.0   -    -     0.92
 50  50   0  30 0.178       3    0.94    0.94    0.01     1.6     1.5    3.0   -    -     0.93
 40  60   0  60 0.111       2    0.94    0.94    0.00     1.0     0.5    2.5   -    -     0.94
  0 100   0 100 0.000       1    0.00    0.00    0.00     0.0     0.5    0.5   -    -     0.95
  0 100   0 100 0.000       1    0.00    0.00    0.00     0.0     0.5    0.5   -    -     0.96
  0 100   0 100 0.000       1    0.00    0.00    0.00     0.0     0.5    0.5   -    -     0.97
  0 100   0 100 0.000       1    0.00    0.00    0.00     0.0     0.5    0.5   -    -     0.98
  0 100   0 100 0.000       1    0.00    0.00    0.00     0.0     0.5    0.5   -    -     0.99
---------------------------------------------------------------------------------------------
