1 1 (0) 1 : 0.012 0.144 0.844
2 2 (1) 1 : 0.077 0.286 0.637
3 3 (0) 1 : 0.056 0.233 0.711
4 4 (13) 2 : 0.959 0.019 0.021
5 5 (0) 2 : 0.986 0.007 0.007
6 6 (13) 2 : 0.960 0.021 0.019
7 7 (0) 2 : 0.967 0.015 0.017
8 8 (0) 2 : 0.956 0.024 0.019
9 9 (10) 2 : 0.926 0.042 0.032
10 10 (9) 2 : 0.919 0.035 0.046
11 11 (0) 2 : 0.920 0.032 0.047
12 12 (0) 2 : 0.844 0.059 0.097
13 13 (0) 2 : 0.019 0.412 0.570
14 14 (0) 2 : 0.811 0.061 0.128
15 15 (0) 2 : 0.944 0.027 0.030
16 16 (0) 2 : 0.981 0.009 0.010
17 17 (0) 2 : 0.848 0.081 0.070
18 18 (0) 2 : 0.977 0.010 0.013
19 19 (0) 2 : 0.962 0.015 0.023
20 20 (0) 2 : 0.867 0.050 0.084
21 21 (0) 2 : 0.949 0.028 0.023
22 22 (0) 2 : 0.916 0.039 0.044
23 23 (0) 2 : 0.616 0.148 0.236
24 24 (0) 2 : 0.976 0.013 0.012
25 25 (0) 2 : 0.919 0.044 0.038
26 26 (0) 2 : 0.929 0.038 0.034
27 27 (0) 2 : 0.938 0.024 0.038
28 28 (0) 2 : 0.757 0.086 0.157
29 29 (9) 2 : 0.881 0.055 0.064
30 30 (0) 2 : 0.244 0.362 0.394
31 31 (0) 2 : 0.917 0.021 0.063
32 32 (0) 2 : 0.963 0.015 0.022
33 33 (0) 2 : 0.630 0.135 0.236
34 34 (0) 2 : 0.933 0.035 0.032
35 35 (0) 2 : 0.910 0.041 0.049
36 36 (0) 2 : 0.983 0.009 0.008
37 37 (0) 2 : 0.932 0.032 0.036
38 38 (0) 2 : 0.354 0.457 0.188
39 39 (0) 2 : 0.972 0.012 0.016
40 40 (0) 2 : 0.959 0.017 0.024
41 41 (0) 2 : 0.937 0.034 0.029
42 42 (0) 2 : 0.829 0.068 0.103
43 43 (0) 2 : 0.955 0.017 0.028
44 44 (5) 2 : 0.965 0.019 0.017
45 45 (0) 2 : 0.968 0.019 0.013
46 46 (0) 2 : 0.905 0.046 0.049
47 47 (0) 2 : 0.970 0.017 0.012
48 48 (0) 2 : 0.970 0.014 0.016
49 49 (0) 2 : 0.272 0.351 0.377
50 50 (0) 2 : 0.934 0.031 0.035
51 51 (0) 2 : 0.920 0.042 0.038
52 52 (0) 2 : 0.911 0.032 0.057
53 53 (0) 2 : 0.799 0.108 0.092
54 54 (0) 2 : 0.974 0.014 0.012
55 55 (4) 2 : 0.415 0.244 0.341
56 56 (0) 2 : 0.522 0.205 0.274
57 57 (1) 2 : 0.229 0.591 0.180
58 58 (0) 2 : 0.921 0.035 0.043
59 59 (0) 2 : 0.972 0.013 0.015
60 60 (0) 2 : 0.958 0.021 0.021
61 61 (0) 2 : 0.756 0.138 0.106
62 62 (0) 2 : 0.981 0.010 0.009
63 63 (0) 2 : 0.954 0.023 0.022
64 64 (0) 2 : 0.949 0.023 0.028
65 65 (0) 2 : 0.544 0.243 0.214
66 66 (0) 2 : 0.956 0.020 0.024
67 67 (0) 2 : 0.931 0.040 0.029
68 68 (0) 2 : 0.960 0.017 0.023
69 69 (0) 2 : 0.885 0.036 0.079
70 70 (1) 2 : 0.976 0.012 0.012
71 71 (0) 3 : 0.060 0.230 0.711
72 72 (0) 3 : 0.009 0.560 0.432
73 73 (0) 3 : 0.012 0.468 0.519
74 74 (0) 3 : 0.086 0.154 0.760
75 75 (0) 3 : 0.049 0.367 0.584
76 76 (0) 3 : 0.022 0.645 0.332
77 77 (0) 3 : 0.014 0.846 0.140
78 78 (0) 3 : 0.042 0.863 0.095
79 79 (0) 3 : 0.066 0.554 0.379
80 80 (8) 3 : 0.012 0.687 0.301
81 81 (0) 3 : 0.038 0.447 0.515
82 82 (0) 3 : 0.513 0.135 0.352
83 83 (0) 3 : 0.122 0.576 0.302
84 84 (0) 3 : 0.021 0.277 0.702
85 85 (0) 3 : 0.144 0.703 0.153
86 86 (0) 3 : 0.030 0.639 0.330
87 87 (0) 3 : 0.011 0.663 0.326
88 88 (0) 3 : 0.077 0.507 0.416
89 89 (0) 3 : 0.077 0.405 0.518
90 90 (0) 3 : 0.018 0.796 0.185
91 91 (0) 3 : 0.058 0.283 0.659
92 92 (0) 3 : 0.036 0.566 0.398
93 93 (0) 3 : 0.189 0.479 0.332
94 94 (0) 3 : 0.083 0.678 0.239
95 95 (0) 3 : 0.039 0.338 0.623
96 96 (0) 3 : 0.020 0.662 0.318
97 97 (0) 3 : 0.008 0.572 0.420
98 98 (0) 3 : 0.342 0.343 0.315
99 99 (0) 3 : 0.085 0.415 0.499
100 100 (0) 3 : 0.012 0.704 0.284
101 101 (0) 3 : 0.033 0.381 0.586
102 102 (0) 3 : 0.042 0.509 0.450
103 103 (0) 3 : 0.023 0.740 0.236
104 104 (0) 3 : 0.046 0.625 0.329
105 105 (0) 3 : 0.025 0.551 0.424
106 106 (0) 3 : 0.031 0.721 0.248
107 107 (0) 3 : 0.059 0.175 0.766
108 108 (0) 3 : 0.009 0.633 0.358
109 109 (0) 3 : 0.482 0.234 0.284
110 110 (0) 3 : 0.033 0.257 0.710
111 111 (0) 3 : 0.042 0.695 0.263
112 112 (0) 3 : 0.181 0.561 0.258
113 113 (0) 3 : 0.037 0.709 0.254
114 114 (0) 3 : 0.024 0.342 0.634
115 115 (0) 3 : 0.097 0.411 0.492
116 116 (0) 3 : 0.024 0.667 0.309
117 117 (0) 3 : 0.042 0.455 0.503
118 118 (0) 3 : 0.019 0.574 0.408
119 119 (0) 3 : 0.035 0.494 0.471
120 120 (7) 4 : 0.032 0.447 0.521
121 121 (12) 4 : 0.024 0.694 0.282
122 122 (12) 4 : 0.045 0.446 0.509
123 123 (3) 4 : 0.034 0.684 0.282
124 124 (12) 4 : 0.095 0.511 0.393
125 125 (13) 4 : 0.024 0.425 0.551
126 126 (0) 4 : 0.650 0.183 0.167
127 127 (3) 4 : 0.059 0.477 0.464
128 128 (0) 4 : 0.025 0.499 0.476
129 129 (0) 4 : 0.019 0.754 0.227
130 130 (9) 4 : 0.007 0.422 0.571
131 131 (9) 4 : 0.015 0.715 0.270
132 132 (12) 4 : 0.031 0.472 0.496
133 133 (0) 5 : 0.922 0.046 0.032
134 134 (0) 5 : 0.021 0.653 0.327
135 135 (0) 5 : 0.900 0.038 0.061
136 136 (0) 6 : 0.019 0.578 0.404
137 137 (0) 6 : 0.008 0.493 0.498
138 138 (9) 6 : 0.010 0.641 0.349
139 139 (0) 6 : 0.008 0.318 0.674
140 140 (0) 6 : 0.015 0.798 0.187
141 141 (0) 6 : 0.024 0.136 0.840
142 142 (0) 6 : 0.023 0.670 0.306
143 143 (0) 6 : 0.042 0.238 0.719
144 144 (11) 6 : 0.042 0.280 0.678
145 145 (0) 6 : 0.064 0.501 0.435
146 146 (0) 6 : 0.145 0.283 0.572
147 147 (0) 6 : 0.053 0.354 0.593
148 148 (4) 6 : 0.038 0.402 0.560
149 149 (0) 6 : 0.041 0.222 0.737
150 150 (0) 6 : 0.118 0.288 0.594
151 151 (0) 6 : 0.010 0.778 0.211
152 152 (0) 6 : 0.119 0.616 0.265
153 153 (4) 6 : 0.009 0.781 0.210
154 154 (5) 6 : 0.021 0.548 0.432
155 155 (0) 6 : 0.015 0.665 0.320
156 156 (5) 6 : 0.020 0.539 0.440
157 157 (0) 6 : 0.015 0.237 0.748
158 158 (0) 6 : 0.045 0.288 0.667
159 159 (10) 6 : 0.028 0.255 0.717
160 160 (0) 6 : 0.019 0.654 0.326
161 161 (0) 6 : 0.009 0.614 0.377
162 162 (0) 6 : 0.031 0.540 0.429
163 163 (5) 6 : 0.059 0.577 0.364
164 164 (0) 6 : 0.148 0.225 0.627
165 165 (0) 6 : 0.041 0.233 0.726
166 166 (0) 6 : 0.067 0.359 0.575
167 167 (10) 6 : 0.034 0.301 0.665
168 168 (0) 6 : 0.030 0.337 0.632
169 169 (0) 6 : 0.008 0.766 0.226
170 170 (0) 6 : 0.021 0.311 0.668
171 171 (0) 6 : 0.026 0.531 0.443
172 172 (0) 6 : 0.011 0.903 0.085
173 173 (0) 6 : 0.017 0.906 0.077
174 174 (0) 6 : 0.027 0.572 0.401
175 175 (0) 6 : 0.021 0.626 0.353
176 176 (0) 6 : 0.062 0.322 0.616
177 177 (0) 6 : 0.052 0.597 0.351
178 178 (2) 6 : 0.024 0.419 0.557
179 179 (0) 6 : 0.082 0.693 0.226
180 180 (0) 6 : 0.022 0.616 0.363
181 181 (0) 6 : 0.029 0.547 0.424
182 182 (0) 6 : 0.074 0.412 0.513
183 183 (7) 6 : 0.018 0.620 0.362
184 184 (0) 6 : 0.035 0.551 0.414
185 185 (10) 6 : 0.114 0.336 0.550
186 186 (0) 6 : 0.791 0.113 0.096
187 187 (8) 6 : 0.024 0.384 0.592
188 188 (0) 6 : 0.013 0.423 0.564
189 189 (7) 6 : 0.031 0.260 0.709
190 190 (0) 6 : 0.008 0.800 0.192
191 191 (0) 6 : 0.024 0.827 0.148
192 192 (0) 6 : 0.093 0.421 0.487
193 193 (0) 6 : 0.015 0.280 0.705
194 194 (2) 6 : 0.033 0.725 0.242
195 195 (0) 6 : 0.048 0.775 0.177
196 196 (0) 6 : 0.150 0.460 0.390
197 197 (3) 6 : 0.052 0.468 0.479
198 198 (0) 6 : 0.042 0.459 0.499
199 199 (0) 6 : 0.010 0.540 0.450
200 200 (0) 6 : 0.482 0.134 0.384
201 201 (0) 6 : 0.022 0.363 0.615
202 202 (0) 6 : 0.087 0.373 0.540
203 203 (0) 6 : 0.069 0.507 0.424
204 204 (13) 6 : 0.038 0.147 0.815
205 205 (0) 6 : 0.029 0.466 0.506
206 206 (12) 6 : 0.105 0.226 0.669
207 207 (0) 6 : 0.063 0.418 0.519
208 208 (0) 6 : 0.012 0.364 0.624
209 209 (8) 6 : 0.013 0.177 0.810
210 210 (0) 6 : 0.031 0.160 0.809
211 211 (0) 6 : 0.013 0.230 0.757
212 212 (0) 6 : 0.068 0.250 0.682
213 213 (0) 6 : 0.037 0.300 0.663
214 214 (0) 6 : 0.031 0.654 0.315
215 215 (14) 6 : 0.018 0.607 0.375
216 216 (0) 6 : 0.206 0.316 0.478
217 217 (0) 6 : 0.023 0.450 0.526
218 218 (0) 6 : 0.011 0.439 0.549
219 219 (14) 6 : 0.020 0.348 0.632
220 220 (0) 6 : 0.116 0.310 0.574
221 221 (7) 6 : 0.039 0.143 0.819
222 222 (0) 6 : 0.017 0.201 0.782
223 223 (0) 6 : 0.064 0.640 0.296
224 224 (0) 6 : 0.018 0.238 0.744
225 225 (5) 6 : 0.023 0.229 0.747
226 226 (0) 6 : 0.159 0.293 0.548
227 227 (0) 2 : 0.940 0.026 0.034
228 228 (0) 2 : 0.982 0.010 0.008
229 229 (0) 2 : 0.929 0.036 0.035
230 230 (0) 2 : 0.904 0.050 0.046
231 231 (0) 2 : 0.934 0.027 0.039
232 232 (0) 2 : 0.981 0.009 0.010
233 233 (0) 2 : 0.617 0.153 0.230
234 234 (0) 2 : 0.988 0.007 0.005
235 235 (0) 2 : 0.845 0.088 0.067
1 1 (0) 1 : 0.130 0.860 0.010
2 2 (1) 1 : 0.267 0.673 0.060
3 3 (0) 1 : 0.264 0.685 0.051
4 4 (13) 2 : 0.020 0.019 0.961
5 5 (0) 2 : 0.006 0.008 0.985
6 6 (13) 2 : 0.022 0.020 0.958
7 7 (0) 2 : 0.019 0.016 0.965
8 8 (0) 2 : 0.024 0.017 0.959
9 9 (10) 2 : 0.034 0.030 0.937
10 10 (9) 2 : 0.030 0.044 0.926
11 11 (0) 2 : 0.027 0.045 0.928
12 12 (0) 2 : 0.050 0.076 0.874
13 13 (0) 2 : 0.408 0.579 0.013
14 14 (0) 2 : 0.069 0.118 0.813
15 15 (0) 2 : 0.020 0.030 0.950
16 16 (0) 2 : 0.007 0.007 0.986
17 17 (0) 2 : 0.075 0.073 0.852
18 18 (0) 2 : 0.010 0.012 0.978
19 19 (0) 2 : 0.019 0.017 0.964
20 20 (0) 2 : 0.045 0.071 0.884
21 21 (0) 2 : 0.018 0.026 0.956
22 22 (0) 2 : 0.039 0.038 0.923
23 23 (0) 2 : 0.129 0.238 0.633
24 24 (0) 2 : 0.011 0.012 0.977
25 25 (0) 2 : 0.035 0.032 0.933
26 26 (0) 2 : 0.032 0.025 0.943
27 27 (0) 2 : 0.022 0.029 0.949
28 28 (0) 2 : 0.120 0.160 0.721
29 29 (9) 2 : 0.041 0.061 0.898
30 30 (0) 2 : 0.407 0.338 0.256
31 31 (0) 2 : 0.027 0.050 0.923
32 32 (0) 2 : 0.016 0.019 0.966
33 33 (0) 2 : 0.137 0.235 0.627
34 34 (0) 2 : 0.030 0.026 0.944
35 35 (0) 2 : 0.032 0.042 0.926
36 36 (0) 2 : 0.008 0.010 0.982
37 37 (0) 2 : 0.030 0.029 0.941
38 38 (0) 2 : 0.443 0.203 0.354
39 39 (0) 2 : 0.016 0.018 0.966
40 40 (0) 2 : 0.011 0.017 0.972
41 41 (0) 2 : 0.034 0.026 0.939
42 42 (0) 2 : 0.070 0.078 0.852
43 43 (0) 2 : 0.015 0.018 0.966
44 44 (5) 2 : 0.017 0.014 0.969
45 45 (0) 2 : 0.012 0.013 0.976
46 46 (0) 2 : 0.046 0.038 0.915
47 47 (0) 2 : 0.019 0.014 0.966
48 48 (0) 2 : 0.012 0.015 0.973
49 49 (0) 2 : 0.379 0.338 0.283
50 50 (0) 2 : 0.023 0.036 0.942
51 51 (0) 2 : 0.036 0.037 0.927
52 52 (0) 2 : 0.038 0.045 0.917
53 53 (0) 2 : 0.115 0.098 0.787
54 54 (0) 2 : 0.011 0.011 0.978
55 55 (4) 2 : 0.305 0.315 0.380
56 56 (0) 2 : 0.189 0.242 0.569
57 57 (1) 2 : 0.570 0.216 0.213
58 58 (0) 2 : 0.037 0.034 0.929
59 59 (0) 2 : 0.012 0.012 0.976
60 60 (0) 2 : 0.018 0.021 0.961
61 61 (0) 2 : 0.164 0.113 0.723
62 62 (0) 2 : 0.012 0.010 0.978
63 63 (0) 2 : 0.031 0.027 0.942
64 64 (0) 2 : 0.023 0.028 0.949
65 65 (0) 2 : 0.254 0.243 0.503
66 66 (0) 2 : 0.023 0.021 0.956
67 67 (0) 2 : 0.032 0.033 0.935
68 68 (0) 2 : 0.016 0.018 0.966
69 69 (0) 2 : 0.034 0.054 0.912
70 70 (1) 2 : 0.014 0.011 0.976
71 71 (0) 3 : 0.248 0.698 0.054
72 72 (0) 3 : 0.568 0.422 0.010
73 73 (0) 3 : 0.487 0.501 0.012
74 74 (0) 3 : 0.189 0.739 0.072
75 75 (0) 3 : 0.439 0.518 0.043
76 76 (0) 3 : 0.606 0.376 0.018
77 77 (0) 3 : 0.773 0.215 0.012
78 78 (0) 3 : 0.801 0.168 0.032
79 79 (0) 3 : 0.575 0.360 0.065
80 80 (8) 3 : 0.629 0.361 0.010
81 81 (0) 3 : 0.416 0.544 0.039
82 82 (0) 3 : 0.148 0.359 0.493
83 83 (0) 3 : 0.588 0.289 0.122
84 84 (0) 3 : 0.341 0.637 0.021
85 85 (0) 3 : 0.656 0.209 0.135
86 86 (0) 3 : 0.628 0.335 0.037
87 87 (0) 3 : 0.631 0.359 0.011
88 88 (0) 3 : 0.509 0.415 0.076
89 89 (0) 3 : 0.380 0.559 0.061
90 90 (0) 3 : 0.711 0.272 0.017
91 91 (0) 3 : 0.356 0.599 0.046
92 92 (0) 3 : 0.522 0.434 0.045
93 93 (0) 3 : 0.428 0.392 0.180
94 94 (0) 3 : 0.549 0.368 0.083
95 95 (0) 3 : 0.395 0.566 0.039
96 96 (0) 3 : 0.649 0.329 0.022
97 97 (0) 3 : 0.525 0.467 0.007
98 98 (0) 3 : 0.315 0.333 0.352
99 99 (0) 3 : 0.419 0.497 0.084
100 100 (0) 3 : 0.687 0.300 0.013
101 101 (0) 3 : 0.453 0.513 0.034
102 102 (0) 3 : 0.485 0.473 0.041
103 103 (0) 3 : 0.662 0.311 0.027
104 104 (0) 3 : 0.615 0.338 0.047
105 105 (0) 3 : 0.495 0.477 0.028
106 106 (0) 3 : 0.687 0.285 0.027
107 107 (0) 3 : 0.218 0.736 0.045
108 108 (0) 3 : 0.621 0.369 0.010
109 109 (0) 3 : 0.241 0.282 0.477
110 110 (0) 3 : 0.272 0.697 0.030
111 111 (0) 3 : 0.680 0.275 0.044
112 112 (0) 3 : 0.536 0.284 0.180
113 113 (0) 3 : 0.663 0.306 0.031
114 114 (0) 3 : 0.321 0.658 0.021
115 115 (0) 3 : 0.423 0.493 0.084
116 116 (0) 3 : 0.640 0.336 0.025
117 117 (0) 3 : 0.388 0.581 0.030
118 118 (0) 3 : 0.513 0.468 0.019
119 119 (0) 3 : 0.560 0.403 0.036
120 120 (7) 4 : 0.386 0.586 0.028
121 121 (12) 4 : 0.672 0.310 0.018
122 122 (12) 4 : 0.379 0.585 0.036
123 123 (3) 4 : 0.663 0.306 0.031
124 124 (12) 4 : 0.494 0.404 0.102
125 125 (13) 4 : 0.544 0.432 0.025
126 126 (0) 4 : 0.206 0.159 0.635
127 127 (3) 4 : 0.584 0.364 0.052
128 128 (0) 4 : 0.528 0.446 0.026
129 129 (0) 4 : 0.706 0.281 0.014
130 130 (9) 4 : 0.471 0.520 0.008
131 131 (9) 4 : 0.707 0.277 0.016
132 132 (12) 4 : 0.508 0.457 0.035
133 133 (0) 5 : 0.039 0.032 0.929
134 134 (0) 5 : 0.646 0.329 0.025
135 135 (0) 5 : 0.044 0.066 0.889
136 136 (0) 6 : 0.516 0.465 0.020
137 137 (0) 6 : 0.507 0.488 0.005
138 138 (9) 6 : 0.569 0.421 0.010
139 139 (0) 6 : 0.320 0.671 0.009
140 140 (0) 6 : 0.759 0.226 0.015
141 141 (0) 6 : 0.233 0.749 0.018
142 142 (0) 6 : 0.618 0.360 0.022
143 143 (0) 6 : 0.282 0.676 0.041
144 144 (11) 6 : 0.282 0.670 0.047
145 145 (0) 6 : 0.497 0.435 0.068
146 146 (0) 6 : 0.305 0.526 0.170
147 147 (0) 6 : 0.403 0.542 0.055
148 148 (4) 6 : 0.472 0.494 0.034
149 149 (0) 6 : 0.276 0.684 0.040
150 150 (0) 6 : 0.256 0.632 0.112
151 151 (0) 6 : 0.664 0.326 0.010
152 152 (0) 6 : 0.631 0.273 0.096
153 153 (4) 6 : 0.680 0.310 0.010
154 154 (5) 6 : 0.514 0.468 0.018
155 155 (0) 6 : 0.639 0.350 0.011
156 156 (5) 6 : 0.465 0.517 0.018
157 157 (0) 6 : 0.315 0.671 0.014
158 158 (0) 6 : 0.313 0.644 0.043
159 159 (10) 6 : 0.325 0.648 0.027
160 160 (0) 6 : 0.612 0.369 0.019
161 161 (0) 6 : 0.655 0.337 0.009
162 162 (0) 6 : 0.524 0.450 0.025
163 163 (5) 6 : 0.533 0.416 0.052
164 164 (0) 6 : 0.223 0.624 0.154
165 165 (0) 6 : 0.297 0.669 0.034
166 166 (0) 6 : 0.411 0.523 0.067
167 167 (10) 6 : 0.324 0.638 0.038
168 168 (0) 6 : 0.331 0.637 0.032
169 169 (0) 6 : 0.705 0.288 0.007
170 170 (0) 6 : 0.330 0.649 0.021
171 171 (0) 6 : 0.547 0.428 0.025
172 172 (0) 6 : 0.848 0.140 0.012
173 173 (0) 6 : 0.835 0.150 0.015
174 174 (0) 6 : 0.572 0.402 0.026
175 175 (0) 6 : 0.674 0.313 0.014
176 176 (0) 6 : 0.400 0.545 0.055
177 177 (0) 6 : 0.576 0.371 0.053
178 178 (2) 6 : 0.474 0.504 0.022
179 179 (0) 6 : 0.614 0.293 0.093
180 180 (0) 6 : 0.564 0.415 0.021
181 181 (0) 6 : 0.526 0.450 0.024
182 182 (0) 6 : 0.387 0.553 0.060
183 183 (7) 6 : 0.559 0.424 0.017
184 184 (0) 6 : 0.497 0.472 0.030
185 185 (10) 6 : 0.313 0.590 0.097
186 186 (0) 6 : 0.081 0.115 0.804
187 187 (8) 6 : 0.382 0.598 0.020
188 188 (0) 6 : 0.444 0.544 0.011
189 189 (7) 6 : 0.303 0.669 0.028
190 190 (0) 6 : 0.796 0.196 0.008
191 191 (0) 6 : 0.785 0.192 0.023
192 192 (0) 6 : 0.405 0.508 0.087
193 193 (0) 6 : 0.278 0.710 0.013
194 194 (2) 6 : 0.694 0.276 0.030
195 195 (0) 6 : 0.685 0.255 0.060
196 196 (0) 6 : 0.464 0.387 0.149
197 197 (3) 6 : 0.501 0.458 0.042
198 198 (0) 6 : 0.486 0.481 0.033
199 199 (0) 6 : 0.487 0.504 0.009
200 200 (0) 6 : 0.133 0.325 0.542
201 201 (0) 6 : 0.399 0.580 0.021
202 202 (0) 6 : 0.373 0.533 0.094
203 203 (0) 6 : 0.477 0.451 0.072
204 204 (13) 6 : 0.202 0.760 0.037
205 205 (0) 6 : 0.497 0.475 0.028
206 206 (12) 6 : 0.279 0.628 0.092
207 207 (0) 6 : 0.397 0.537 0.067
208 208 (0) 6 : 0.450 0.538 0.011
209 209 (8) 6 : 0.246 0.740 0.014
210 210 (0) 6 : 0.223 0.745 0.032
211 211 (0) 6 : 0.267 0.721 0.011
212 212 (0) 6 : 0.264 0.673 0.062
213 213 (0) 6 : 0.343 0.625 0.032
214 214 (0) 6 : 0.594 0.378 0.028
215 215 (14) 6 : 0.550 0.430 0.020
216 216 (0) 6 : 0.306 0.491 0.203
217 217 (0) 6 : 0.397 0.586 0.016
218 218 (0) 6 : 0.423 0.566 0.011
219 219 (14) 6 : 0.349 0.634 0.017
220 220 (0) 6 : 0.317 0.580 0.103
221 221 (7) 6 : 0.173 0.792 0.035
222 222 (0) 6 : 0.256 0.725 0.019
223 223 (0) 6 : 0.627 0.317 0.056
224 224 (0) 6 : 0.237 0.750 0.013
225 225 (5) 6 : 0.232 0.744 0.024
226 226 (0) 6 : 0.269 0.572 0.159
227 227 (0) 2 : 0.026 0.032 0.942
228 228 (0) 2 : 0.011 0.009 0.979
229 229 (0) 2 : 0.033 0.033 0.933
230 230 (0) 2 : 0.045 0.045 0.909
231 231 (0) 2 : 0.028 0.034 0.937
232 232 (0) 2 : 0.009 0.007 0.983
233 233 (0) 2 : 0.147 0.188 0.665
234 234 (0) 2 : 0.007 0.005 0.989
235 235 (0) 2 : 0.082 0.083 0.834
