1 1 (0) 1 : 0.349 0.239 0.008 0.403
2 2 (1) 1 : 0.235 0.258 0.057 0.449
3 3 (0) 1 : 0.368 0.245 0.046 0.340
4 4 (13) 2 : 0.017 0.020 0.947 0.017
5 5 (0) 2 : 0.008 0.009 0.975 0.008
6 6 (13) 2 : 0.023 0.019 0.941 0.017
7 7 (0) 2 : 0.016 0.018 0.950 0.016
8 8 (0) 2 : 0.027 0.023 0.930 0.020
9 9 (10) 2 : 0.025 0.025 0.913 0.038
10 10 (9) 2 : 0.034 0.029 0.905 0.033
11 11 (0) 2 : 0.042 0.038 0.882 0.038
12 12 (0) 2 : 0.070 0.067 0.798 0.064
13 13 (0) 2 : 0.235 0.310 0.012 0.444
14 14 (0) 2 : 0.092 0.063 0.736 0.109
15 15 (0) 2 : 0.022 0.024 0.923 0.030
16 16 (0) 2 : 0.011 0.007 0.973 0.009
17 17 (0) 2 : 0.049 0.073 0.764 0.114
18 18 (0) 2 : 0.013 0.010 0.964 0.013
19 19 (0) 2 : 0.019 0.021 0.949 0.011
20 20 (0) 2 : 0.040 0.047 0.846 0.067
21 21 (0) 2 : 0.025 0.023 0.929 0.023
22 22 (0) 2 : 0.031 0.029 0.906 0.033
23 23 (0) 2 : 0.120 0.170 0.496 0.213
24 24 (0) 2 : 0.009 0.011 0.971 0.009
25 25 (0) 2 : 0.030 0.045 0.887 0.038
26 26 (0) 2 : 0.028 0.033 0.911 0.028
27 27 (0) 2 : 0.027 0.026 0.914 0.034
28 28 (0) 2 : 0.111 0.098 0.637 0.153
29 29 (9) 2 : 0.038 0.050 0.861 0.051
30 30 (0) 2 : 0.281 0.309 0.181 0.229
31 31 (0) 2 : 0.050 0.030 0.884 0.037
32 32 (0) 2 : 0.018 0.013 0.953 0.016
33 33 (0) 2 : 0.097 0.135 0.510 0.258
34 34 (0) 2 : 0.033 0.032 0.901 0.033
35 35 (0) 2 : 0.035 0.048 0.872 0.045
36 36 (0) 2 : 0.011 0.009 0.971 0.009
37 37 (0) 2 : 0.030 0.036 0.903 0.031
38 38 (0) 2 : 0.171 0.241 0.344 0.244
39 39 (0) 2 : 0.016 0.014 0.955 0.015
40 40 (0) 2 : 0.015 0.014 0.953 0.017
41 41 (0) 2 : 0.032 0.032 0.903 0.033
42 42 (0) 2 : 0.104 0.072 0.773 0.051
43 43 (0) 2 : 0.019 0.019 0.937 0.025
44 44 (5) 2 : 0.015 0.012 0.957 0.016
45 45 (0) 2 : 0.018 0.013 0.958 0.011
46 46 (0) 2 : 0.044 0.046 0.877 0.033
47 47 (0) 2 : 0.012 0.019 0.950 0.019
48 48 (0) 2 : 0.010 0.015 0.960 0.014
49 49 (0) 2 : 0.298 0.300 0.208 0.194
50 50 (0) 2 : 0.030 0.031 0.908 0.031
51 51 (0) 2 : 0.033 0.030 0.910 0.028
52 52 (0) 2 : 0.057 0.042 0.867 0.035
53 53 (0) 2 : 0.071 0.085 0.775 0.069
54 54 (0) 2 : 0.015 0.011 0.963 0.011
55 55 (4) 2 : 0.250 0.204 0.332 0.214
56 56 (0) 2 : 0.172 0.142 0.500 0.187
57 57 (1) 2 : 0.279 0.361 0.217 0.142
58 58 (0) 2 : 0.043 0.033 0.893 0.031
59 59 (0) 2 : 0.014 0.013 0.959 0.014
60 60 (0) 2 : 0.020 0.020 0.941 0.019
61 61 (0) 2 : 0.099 0.125 0.665 0.111
62 62 (0) 2 : 0.006 0.010 0.975 0.009
63 63 (0) 2 : 0.026 0.024 0.913 0.037
64 64 (0) 2 : 0.027 0.024 0.918 0.031
65 65 (0) 2 : 0.132 0.221 0.415 0.232
66 66 (0) 2 : 0.020 0.018 0.943 0.018
67 67 (0) 2 : 0.030 0.041 0.901 0.028
68 68 (0) 2 : 0.017 0.018 0.948 0.018
69 69 (0) 2 : 0.041 0.033 0.885 0.040
70 70 (1) 2 : 0.013 0.009 0.966 0.012
71 71 (0) 3 : 0.401 0.319 0.038 0.241
72 72 (0) 3 : 0.176 0.346 0.007 0.471
73 73 (0) 3 : 0.332 0.321 0.010 0.337
74 74 (0) 3 : 0.350 0.334 0.066 0.249
75 75 (0) 3 : 0.330 0.291 0.051 0.328
76 76 (0) 3 : 0.257 0.344 0.018 0.380
77 77 (0) 3 : 0.397 0.477 0.012 0.114
78 78 (0) 3 : 0.377 0.453 0.022 0.148
79 79 (0) 3 : 0.290 0.405 0.056 0.249
80 80 (8) 3 : 0.441 0.375 0.010 0.174
81 81 (0) 3 : 0.352 0.238 0.033 0.376
82 82 (0) 3 : 0.163 0.150 0.413 0.274
83 83 (0) 3 : 0.318 0.358 0.095 0.229
84 84 (0) 3 : 0.261 0.257 0.016 0.466
85 85 (0) 3 : 0.327 0.380 0.100 0.192
86 86 (0) 3 : 0.340 0.425 0.026 0.209
87 87 (0) 3 : 0.378 0.373 0.012 0.236
88 88 (0) 3 : 0.327 0.395 0.070 0.208
89 89 (0) 3 : 0.208 0.236 0.049 0.507
90 90 (0) 3 : 0.360 0.312 0.016 0.312
91 91 (0) 3 : 0.517 0.265 0.044 0.175
92 92 (0) 3 : 0.323 0.305 0.036 0.337
93 93 (0) 3 : 0.215 0.241 0.179 0.365
94 94 (0) 3 : 0.263 0.304 0.071 0.362
95 95 (0) 3 : 0.236 0.192 0.029 0.543
96 96 (0) 3 : 0.301 0.421 0.020 0.258
97 97 (0) 3 : 0.250 0.317 0.008 0.424
98 98 (0) 3 : 0.189 0.225 0.272 0.315
99 99 (0) 3 : 0.255 0.235 0.064 0.447
100 100 (0) 3 : 0.210 0.351 0.012 0.427
101 101 (0) 3 : 0.426 0.333 0.028 0.213
102 102 (0) 3 : 0.385 0.310 0.040 0.264
103 103 (0) 3 : 0.309 0.370 0.024 0.297
104 104 (0) 3 : 0.255 0.367 0.043 0.335
105 105 (0) 3 : 0.209 0.301 0.021 0.470
106 106 (0) 3 : 0.295 0.388 0.029 0.288
107 107 (0) 3 : 0.463 0.258 0.049 0.230
108 108 (0) 3 : 0.302 0.429 0.008 0.260
109 109 (0) 3 : 0.166 0.170 0.313 0.351
110 110 (0) 3 : 0.335 0.308 0.031 0.326
111 111 (0) 3 : 0.278 0.469 0.034 0.219
112 112 (0) 3 : 0.255 0.368 0.135 0.241
113 113 (0) 3 : 0.348 0.419 0.032 0.200
114 114 (0) 3 : 0.308 0.258 0.021 0.413
115 115 (0) 3 : 0.229 0.244 0.077 0.450
116 116 (0) 3 : 0.352 0.362 0.022 0.263
117 117 (0) 3 : 0.218 0.211 0.024 0.547
118 118 (0) 3 : 0.195 0.334 0.014 0.456
119 119 (0) 3 : 0.372 0.376 0.036 0.216
120 120 (7) 4 : 0.218 0.214 0.020 0.548
121 121 (12) 4 : 0.316 0.463 0.018 0.204
122 122 (12) 4 : 0.210 0.218 0.024 0.548
123 123 (3) 4 : 0.192 0.319 0.029 0.460
124 124 (12) 4 : 0.179 0.347 0.096 0.378
125 125 (13) 4 : 0.254 0.312 0.021 0.413
126 126 (0) 4 : 0.103 0.152 0.559 0.186
127 127 (3) 4 : 0.241 0.321 0.039 0.398
128 128 (0) 4 : 0.415 0.336 0.024 0.225
129 129 (0) 4 : 0.299 0.469 0.015 0.217
130 130 (9) 4 : 0.276 0.352 0.006 0.366
131 131 (9) 4 : 0.256 0.410 0.012 0.321
132 132 (12) 4 : 0.185 0.347 0.027 0.441
133 133 (0) 5 : 0.039 0.037 0.891 0.033
134 134 (0) 5 : 0.364 0.448 0.017 0.172
135 135 (0) 5 : 0.047 0.054 0.846 0.053
136 136 (0) 6 : 0.205 0.316 0.015 0.463
137 137 (0) 6 : 0.264 0.387 0.006 0.343
138 138 (9) 6 : 0.201 0.357 0.010 0.432
139 139 (0) 6 : 0.185 0.268 0.010 0.537
140 140 (0) 6 : 0.364 0.470 0.014 0.153
141 141 (0) 6 : 0.394 0.253 0.019 0.334
142 142 (0) 6 : 0.343 0.311 0.021 0.325
143 143 (0) 6 : 0.314 0.247 0.035 0.404
144 144 (11) 6 : 0.388 0.277 0.038 0.297
145 145 (0) 6 : 0.177 0.293 0.057 0.473
146 146 (0) 6 : 0.341 0.267 0.113 0.279
147 147 (0) 6 : 0.276 0.321 0.046 0.356
148 148 (4) 6 : 0.390 0.333 0.034 0.243
149 149 (0) 6 : 0.367 0.306 0.025 0.302
150 150 (0) 6 : 0.233 0.274 0.090 0.403
151 151 (0) 6 : 0.437 0.498 0.010 0.055
152 152 (0) 6 : 0.314 0.418 0.099 0.169
153 153 (4) 6 : 0.436 0.497 0.006 0.061
154 154 (5) 6 : 0.465 0.426 0.015 0.095
155 155 (0) 6 : 0.294 0.414 0.012 0.280
156 156 (5) 6 : 0.304 0.424 0.015 0.257
157 157 (0) 6 : 0.295 0.227 0.016 0.463
158 158 (0) 6 : 0.274 0.247 0.038 0.440
159 159 (10) 6 : 0.360 0.274 0.024 0.342
160 160 (0) 6 : 0.269 0.392 0.018 0.321
161 161 (0) 6 : 0.238 0.363 0.009 0.389
162 162 (0) 6 : 0.336 0.259 0.024 0.381
163 163 (5) 6 : 0.231 0.411 0.057 0.301
164 164 (0) 6 : 0.306 0.247 0.134 0.313
165 165 (0) 6 : 0.282 0.239 0.033 0.446
166 166 (0) 6 : 0.413 0.341 0.048 0.198
167 167 (10) 6 : 0.388 0.189 0.033 0.390
168 168 (0) 6 : 0.390 0.203 0.028 0.379
169 169 (0) 6 : 0.332 0.448 0.008 0.213
170 170 (0) 6 : 0.400 0.277 0.017 0.306
171 171 (0) 6 : 0.385 0.351 0.027 0.236
172 172 (0) 6 : 0.394 0.368 0.010 0.228
173 173 (0) 6 : 0.390 0.374 0.011 0.225
174 174 (0) 6 : 0.220 0.273 0.026 0.481
175 175 (0) 6 : 0.419 0.381 0.015 0.185
176 176 (0) 6 : 0.326 0.321 0.059 0.294
177 177 (0) 6 : 0.353 0.274 0.041 0.332
178 178 (2) 6 : 0.298 0.327 0.019 0.356
179 179 (0) 6 : 0.281 0.381 0.068 0.270
180 180 (0) 6 : 0.239 0.345 0.015 0.401
181 181 (0) 6 : 0.213 0.248 0.024 0.515
182 182 (0) 6 : 0.198 0.326 0.049 0.427
183 183 (7) 6 : 0.221 0.334 0.017 0.427
184 184 (0) 6 : 0.215 0.359 0.030 0.397
185 185 (10) 6 : 0.365 0.223 0.093 0.319
186 186 (0) 6 : 0.087 0.096 0.699 0.118
187 187 (8) 6 : 0.178 0.368 0.017 0.437
188 188 (0) 6 : 0.202 0.384 0.012 0.402
189 189 (7) 6 : 0.441 0.244 0.026 0.289
190 190 (0) 6 : 0.341 0.460 0.007 0.192
191 191 (0) 6 : 0.352 0.438 0.023 0.188
192 192 (0) 6 : 0.178 0.260 0.063 0.499
193 193 (0) 6 : 0.387 0.303 0.013 0.297
194 194 (2) 6 : 0.357 0.393 0.033 0.216
195 195 (0) 6 : 0.315 0.365 0.043 0.278
196 196 (0) 6 : 0.291 0.276 0.136 0.298
197 197 (3) 6 : 0.126 0.336 0.029 0.509
198 198 (0) 6 : 0.310 0.407 0.031 0.252
199 199 (0) 6 : 0.121 0.285 0.011 0.583
200 200 (0) 6 : 0.227 0.139 0.427 0.207
201 201 (0) 6 : 0.411 0.283 0.020 0.286
202 202 (0) 6 : 0.338 0.324 0.089 0.249
203 203 (0) 6 : 0.321 0.400 0.065 0.214
204 204 (13) 6 : 0.533 0.259 0.026 0.182
205 205 (0) 6 : 0.541 0.316 0.025 0.118
206 206 (12) 6 : 0.439 0.255 0.095 0.210
207 207 (0) 6 : 0.181 0.260 0.049 0.511
208 208 (0) 6 : 0.380 0.280 0.008 0.331
209 209 (8) 6 : 0.532 0.268 0.011 0.188
210 210 (0) 6 : 0.531 0.271 0.021 0.177
211 211 (0) 6 : 0.412 0.326 0.014 0.248
212 212 (0) 6 : 0.396 0.290 0.054 0.260
213 213 (0) 6 : 0.278 0.274 0.023 0.425
214 214 (0) 6 : 0.232 0.422 0.023 0.324
215 215 (14) 6 : 0.241 0.389 0.018 0.352
216 216 (0) 6 : 0.298 0.320 0.161 0.220
217 217 (0) 6 : 0.160 0.184 0.013 0.643
218 218 (0) 6 : 0.190 0.257 0.011 0.542
219 219 (14) 6 : 0.347 0.330 0.020 0.302
220 220 (0) 6 : 0.360 0.270 0.085 0.285
221 221 (7) 6 : 0.533 0.260 0.026 0.181
222 222 (0) 6 : 0.429 0.315 0.018 0.237
223 223 (0) 6 : 0.208 0.376 0.048 0.369
224 224 (0) 6 : 0.441 0.300 0.010 0.249
225 225 (5) 6 : 0.438 0.280 0.016 0.267
226 226 (0) 6 : 0.333 0.177 0.144 0.346
227 227 (0) 2 : 0.027 0.028 0.917 0.027
228 228 (0) 2 : 0.008 0.009 0.974 0.009
229 229 (0) 2 : 0.029 0.033 0.907 0.032
230 230 (0) 2 : 0.035 0.039 0.883 0.043
231 231 (0) 2 : 0.022 0.029 0.897 0.052
232 232 (0) 2 : 0.008 0.012 0.971 0.008
233 233 (0) 2 : 0.143 0.131 0.559 0.168
234 234 (0) 2 : 0.006 0.005 0.983 0.006
235 235 (0) 2 : 0.076 0.076 0.796 0.052
1 1 (0) 1 : 0.010 0.126 0.420 0.445
2 2 (1) 1 : 0.057 0.137 0.334 0.472
3 3 (0) 1 : 0.043 0.267 0.265 0.425
4 4 (13) 2 : 0.950 0.017 0.018 0.015
5 5 (0) 2 : 0.980 0.007 0.005 0.008
6 6 (13) 2 : 0.939 0.024 0.017 0.021
7 7 (0) 2 : 0.950 0.012 0.023 0.015
8 8 (0) 2 : 0.941 0.020 0.021 0.019
9 9 (10) 2 : 0.887 0.034 0.045 0.035
10 10 (9) 2 : 0.911 0.024 0.032 0.032
11 11 (0) 2 : 0.875 0.035 0.038 0.052
12 12 (0) 2 : 0.803 0.055 0.070 0.073
13 13 (0) 2 : 0.011 0.190 0.358 0.441
14 14 (0) 2 : 0.736 0.064 0.102 0.098
15 15 (0) 2 : 0.931 0.025 0.022 0.022
16 16 (0) 2 : 0.974 0.010 0.008 0.008
17 17 (0) 2 : 0.770 0.047 0.102 0.080
18 18 (0) 2 : 0.966 0.012 0.011 0.011
19 19 (0) 2 : 0.949 0.019 0.014 0.018
20 20 (0) 2 : 0.838 0.044 0.057 0.061
21 21 (0) 2 : 0.937 0.015 0.029 0.019
22 22 (0) 2 : 0.894 0.040 0.034 0.031
23 23 (0) 2 : 0.495 0.117 0.176 0.212
24 24 (0) 2 : 0.967 0.011 0.009 0.013
25 25 (0) 2 : 0.893 0.026 0.040 0.041
26 26 (0) 2 : 0.917 0.023 0.035 0.025
27 27 (0) 2 : 0.918 0.024 0.031 0.027
28 28 (0) 2 : 0.644 0.098 0.152 0.106
29 29 (9) 2 : 0.854 0.032 0.048 0.066
30 30 (0) 2 : 0.193 0.296 0.227 0.285
31 31 (0) 2 : 0.886 0.041 0.031 0.042
32 32 (0) 2 : 0.954 0.017 0.015 0.014
33 33 (0) 2 : 0.500 0.059 0.247 0.194
34 34 (0) 2 : 0.906 0.030 0.035 0.029
35 35 (0) 2 : 0.890 0.034 0.036 0.040
36 36 (0) 2 : 0.975 0.008 0.009 0.009
37 37 (0) 2 : 0.906 0.027 0.037 0.031
38 38 (0) 2 : 0.322 0.215 0.215 0.248
39 39 (0) 2 : 0.955 0.015 0.016 0.014
40 40 (0) 2 : 0.964 0.010 0.012 0.014
41 41 (0) 2 : 0.908 0.036 0.037 0.020
42 42 (0) 2 : 0.773 0.110 0.049 0.068
43 43 (0) 2 : 0.950 0.016 0.017 0.017
44 44 (5) 2 : 0.956 0.014 0.015 0.014
45 45 (0) 2 : 0.960 0.013 0.014 0.013
46 46 (0) 2 : 0.884 0.045 0.033 0.038
47 47 (0) 2 : 0.948 0.019 0.018 0.015
48 48 (0) 2 : 0.960 0.012 0.012 0.016
49 49 (0) 2 : 0.217 0.354 0.184 0.245
50 50 (0) 2 : 0.917 0.024 0.026 0.033
51 51 (0) 2 : 0.913 0.026 0.028 0.033
52 52 (0) 2 : 0.894 0.045 0.031 0.030
53 53 (0) 2 : 0.752 0.074 0.082 0.093
54 54 (0) 2 : 0.963 0.009 0.014 0.014
55 55 (4) 2 : 0.344 0.204 0.165 0.286
56 56 (0) 2 : 0.416 0.090 0.250 0.244
57 57 (1) 2 : 0.162 0.405 0.264 0.169
58 58 (0) 2 : 0.897 0.029 0.030 0.043
59 59 (0) 2 : 0.963 0.014 0.013 0.011
60 60 (0) 2 : 0.944 0.020 0.019 0.017
61 61 (0) 2 : 0.692 0.092 0.116 0.099
62 62 (0) 2 : 0.970 0.008 0.011 0.011
63 63 (0) 2 : 0.919 0.022 0.035 0.024
64 64 (0) 2 : 0.930 0.020 0.025 0.025
65 65 (0) 2 : 0.406 0.164 0.233 0.197
66 66 (0) 2 : 0.945 0.016 0.019 0.020
67 67 (0) 2 : 0.908 0.032 0.030 0.030
68 68 (0) 2 : 0.950 0.017 0.015 0.018
69 69 (0) 2 : 0.878 0.036 0.039 0.047
70 70 (1) 2 : 0.963 0.015 0.010 0.012
71 71 (0) 3 : 0.035 0.341 0.297 0.327
72 72 (0) 3 : 0.007 0.204 0.370 0.420
73 73 (0) 3 : 0.011 0.307 0.347 0.334
74 74 (0) 3 : 0.063 0.157 0.330 0.449
75 75 (0) 3 : 0.047 0.254 0.287 0.413
76 76 (0) 3 : 0.018 0.424 0.368 0.191
77 77 (0) 3 : 0.009 0.499 0.320 0.172
78 78 (0) 3 : 0.021 0.479 0.381 0.120
79 79 (0) 3 : 0.062 0.390 0.292 0.256
80 80 (8) 3 : 0.009 0.461 0.322 0.208
81 81 (0) 3 : 0.025 0.284 0.230 0.461
82 82 (0) 3 : 0.379 0.088 0.216 0.318
83 83 (0) 3 : 0.107 0.364 0.238 0.291
84 84 (0) 3 : 0.017 0.204 0.277 0.503
85 85 (0) 3 : 0.109 0.422 0.335 0.135
86 86 (0) 3 : 0.028 0.435 0.369 0.169
87 87 (0) 3 : 0.009 0.323 0.441 0.227
88 88 (0) 3 : 0.059 0.435 0.263 0.243
89 89 (0) 3 : 0.055 0.127 0.486 0.332
90 90 (0) 3 : 0.013 0.337 0.432 0.219
91 91 (0) 3 : 0.044 0.305 0.270 0.381
92 92 (0) 3 : 0.029 0.290 0.392 0.289
93 93 (0) 3 : 0.177 0.210 0.368 0.244
94 94 (0) 3 : 0.064 0.246 0.477 0.213
95 95 (0) 3 : 0.032 0.167 0.334 0.467
96 96 (0) 3 : 0.019 0.364 0.227 0.390
97 97 (0) 3 : 0.006 0.283 0.437 0.274
98 98 (0) 3 : 0.258 0.191 0.343 0.209
99 99 (0) 3 : 0.053 0.131 0.495 0.321
100 100 (0) 3 : 0.011 0.262 0.429 0.298
101 101 (0) 3 : 0.027 0.467 0.197 0.308
102 102 (0) 3 : 0.035 0.373 0.316 0.276
103 103 (0) 3 : 0.024 0.342 0.426 0.208
104 104 (0) 3 : 0.049 0.299 0.299 0.353
105 105 (0) 3 : 0.019 0.252 0.378 0.350
106 106 (0) 3 : 0.026 0.320 0.415 0.239
107 107 (0) 3 : 0.040 0.252 0.302 0.406
108 108 (0) 3 : 0.008 0.407 0.300 0.285
109 109 (0) 3 : 0.321 0.109 0.371 0.198
110 110 (0) 3 : 0.028 0.279 0.308 0.386
111 111 (0) 3 : 0.031 0.308 0.333 0.328
112 112 (0) 3 : 0.152 0.434 0.213 0.201
113 113 (0) 3 : 0.027 0.450 0.278 0.245
114 114 (0) 3 : 0.018 0.232 0.324 0.426
115 115 (0) 3 : 0.080 0.176 0.465 0.280
116 116 (0) 3 : 0.017 0.532 0.280 0.171
117 117 (0) 3 : 0.020 0.133 0.676 0.171
118 118 (0) 3 : 0.011 0.220 0.412 0.357
119 119 (0) 3 : 0.033 0.401 0.315 0.250
120 120 (7) 4 : 0.021 0.135 0.671 0.173
121 121 (12) 4 : 0.019 0.346 0.322 0.312
122 122 (12) 4 : 0.026 0.148 0.632 0.194
123 123 (3) 4 : 0.032 0.295 0.374 0.299
124 124 (12) 4 : 0.092 0.271 0.285 0.351
125 125 (13) 4 : 0.024 0.361 0.305 0.311
126 126 (0) 4 : 0.570 0.122 0.138 0.170
127 127 (3) 4 : 0.038 0.420 0.288 0.254
128 128 (0) 4 : 0.022 0.349 0.280 0.348
129 129 (0) 4 : 0.012 0.461 0.266 0.260
130 130 (9) 4 : 0.006 0.434 0.250 0.310
131 131 (9) 4 : 0.014 0.428 0.255 0.303
132 132 (12) 4 : 0.028 0.240 0.362 0.371
133 133 (0) 5 : 0.897 0.039 0.031 0.032
134 134 (0) 5 : 0.016 0.469 0.216 0.300
135 135 (0) 5 : 0.839 0.047 0.053 0.061
136 136 (0) 6 : 0.014 0.160 0.423 0.403
137 137 (0) 6 : 0.007 0.426 0.265 0.302
138 138 (9) 6 : 0.010 0.268 0.359 0.363
139 139 (0) 6 : 0.009 0.230 0.258 0.504
140 140 (0) 6 : 0.013 0.516 0.209 0.262
141 141 (0) 6 : 0.015 0.359 0.236 0.391
142 142 (0) 6 : 0.022 0.404 0.339 0.236
143 143 (0) 6 : 0.036 0.258 0.268 0.439
144 144 (11) 6 : 0.031 0.252 0.281 0.436
145 145 (0) 6 : 0.051 0.236 0.363 0.351
146 146 (0) 6 : 0.092 0.234 0.295 0.379
147 147 (0) 6 : 0.041 0.203 0.296 0.460
148 148 (4) 6 : 0.038 0.272 0.338 0.351
149 149 (0) 6 : 0.029 0.244 0.325 0.403
150 150 (0) 6 : 0.103 0.153 0.313 0.431
151 151 (0) 6 : 0.009 0.633 0.148 0.209
152 152 (0) 6 : 0.079 0.493 0.233 0.195
153 153 (4) 6 : 0.008 0.614 0.154 0.223
154 154 (5) 6 : 0.016 0.563 0.160 0.262
155 155 (0) 6 : 0.012 0.404 0.326 0.258
156 156 (5) 6 : 0.019 0.398 0.302 0.281
157 157 (0) 6 : 0.013 0.268 0.289 0.430
158 158 (0) 6 : 0.039 0.254 0.340 0.367
159 159 (10) 6 : 0.024 0.330 0.243 0.403
160 160 (0) 6 : 0.019 0.282 0.301 0.397
161 161 (0) 6 : 0.008 0.344 0.281 0.367
162 162 (0) 6 : 0.025 0.308 0.314 0.353
163 163 (5) 6 : 0.054 0.293 0.294 0.359
164 164 (0) 6 : 0.119 0.144 0.275 0.462
165 165 (0) 6 : 0.030 0.228 0.302 0.441
166 166 (0) 6 : 0.050 0.269 0.312 0.369
167 167 (10) 6 : 0.033 0.130 0.306 0.531
168 168 (0) 6 : 0.029 0.131 0.307 0.534
169 169 (0) 6 : 0.007 0.422 0.300 0.271
170 170 (0) 6 : 0.021 0.399 0.279 0.301
171 171 (0) 6 : 0.020 0.284 0.324 0.371
172 172 (0) 6 : 0.009 0.468 0.424 0.099
173 173 (0) 6 : 0.010 0.464 0.430 0.097
174 174 (0) 6 : 0.019 0.192 0.484 0.305
175 175 (0) 6 : 0.016 0.565 0.276 0.143
176 176 (0) 6 : 0.046 0.300 0.278 0.376
177 177 (0) 6 : 0.038 0.254 0.332 0.377
178 178 (2) 6 : 0.021 0.247 0.343 0.389
179 179 (0) 6 : 0.074 0.435 0.264 0.227
180 180 (0) 6 : 0.017 0.270 0.366 0.347
181 181 (0) 6 : 0.019 0.240 0.363 0.379
182 182 (0) 6 : 0.055 0.162 0.325 0.458
183 183 (7) 6 : 0.016 0.175 0.406 0.403
184 184 (0) 6 : 0.023 0.256 0.379 0.342
185 185 (10) 6 : 0.097 0.150 0.265 0.488
186 186 (0) 6 : 0.723 0.049 0.130 0.098
187 187 (8) 6 : 0.017 0.194 0.344 0.445
188 188 (0) 6 : 0.009 0.312 0.239 0.441
189 189 (7) 6 : 0.019 0.230 0.272 0.480
190 190 (0) 6 : 0.007 0.564 0.280 0.149
191 191 (0) 6 : 0.021 0.453 0.305 0.221
192 192 (0) 6 : 0.066 0.154 0.338 0.442
193 193 (0) 6 : 0.012 0.319 0.308 0.361
194 194 (2) 6 : 0.029 0.458 0.299 0.215
195 195 (0) 6 : 0.037 0.370 0.426 0.166
196 196 (0) 6 : 0.171 0.340 0.219 0.271
197 197 (3) 6 : 0.039 0.175 0.360 0.426
198 198 (0) 6 : 0.031 0.377 0.288 0.304
199 199 (0) 6 : 0.008 0.230 0.350 0.412
200 200 (0) 6 : 0.412 0.134 0.176 0.278
201 201 (0) 6 : 0.018 0.395 0.249 0.338
202 202 (0) 6 : 0.086 0.379 0.264 0.270
203 203 (0) 6 : 0.057 0.473 0.199 0.270
204 204 (13) 6 : 0.036 0.386 0.285 0.294
205 205 (0) 6 : 0.028 0.490 0.214 0.268
206 206 (12) 6 : 0.083 0.270 0.300 0.347
207 207 (0) 6 : 0.042 0.162 0.328 0.468
208 208 (0) 6 : 0.010 0.257 0.327 0.406
209 209 (8) 6 : 0.011 0.416 0.272 0.301
210 210 (0) 6 : 0.020 0.427 0.273 0.280
211 211 (0) 6 : 0.010 0.334 0.313 0.343
212 212 (0) 6 : 0.055 0.327 0.245 0.373
213 213 (0) 6 : 0.028 0.241 0.248 0.482
214 214 (0) 6 : 0.025 0.443 0.249 0.283
215 215 (14) 6 : 0.017 0.369 0.249 0.365
216 216 (0) 6 : 0.171 0.194 0.316 0.318
217 217 (0) 6 : 0.016 0.174 0.397 0.412
218 218 (0) 6 : 0.010 0.192 0.391 0.407
219 219 (14) 6 : 0.013 0.361 0.265 0.361
220 220 (0) 6 : 0.096 0.285 0.345 0.273
221 221 (7) 6 : 0.024 0.371 0.316 0.289
222 222 (0) 6 : 0.014 0.178 0.324 0.484
223 223 (0) 6 : 0.051 0.336 0.351 0.262
224 224 (0) 6 : 0.012 0.384 0.186 0.418
225 225 (5) 6 : 0.017 0.367 0.189 0.427
226 226 (0) 6 : 0.134 0.195 0.346 0.325
227 227 (0) 2 : 0.909 0.030 0.026 0.035
228 228 (0) 2 : 0.974 0.009 0.010 0.007
229 229 (0) 2 : 0.909 0.030 0.030 0.032
230 230 (0) 2 : 0.868 0.044 0.039 0.049
231 231 (0) 2 : 0.905 0.024 0.029 0.041
232 232 (0) 2 : 0.975 0.008 0.010 0.007
233 233 (0) 2 : 0.568 0.096 0.174 0.163
234 234 (0) 2 : 0.983 0.006 0.005 0.006
235 235 (0) 2 : 0.802 0.077 0.053 0.068
1 1 (0) 1 : 0.650 0.009 0.136 0.205
2 2 (1) 1 : 0.467 0.037 0.179 0.317
3 3 (0) 1 : 0.407 0.037 0.219 0.337
4 4 (13) 2 : 0.017 0.953 0.015 0.015
5 5 (0) 2 : 0.009 0.979 0.007 0.006
6 6 (13) 2 : 0.017 0.941 0.020 0.021
7 7 (0) 2 : 0.014 0.957 0.015 0.014
8 8 (0) 2 : 0.014 0.941 0.019 0.026
9 9 (10) 2 : 0.025 0.912 0.024 0.039
10 10 (9) 2 : 0.037 0.910 0.027 0.026
11 11 (0) 2 : 0.035 0.907 0.026 0.032
12 12 (0) 2 : 0.063 0.829 0.046 0.062
13 13 (0) 2 : 0.349 0.011 0.245 0.395
14 14 (0) 2 : 0.118 0.739 0.051 0.092
15 15 (0) 2 : 0.022 0.936 0.021 0.021
16 16 (0) 2 : 0.007 0.977 0.007 0.009
17 17 (0) 2 : 0.081 0.799 0.049 0.070
18 18 (0) 2 : 0.009 0.974 0.007 0.010
19 19 (0) 2 : 0.010 0.961 0.015 0.013
20 20 (0) 2 : 0.085 0.840 0.029 0.045
21 21 (0) 2 : 0.033 0.922 0.021 0.024
22 22 (0) 2 : 0.031 0.898 0.040 0.031
23 23 (0) 2 : 0.230 0.508 0.126 0.136
24 24 (0) 2 : 0.011 0.969 0.009 0.012
25 25 (0) 2 : 0.037 0.895 0.036 0.032
26 26 (0) 2 : 0.031 0.921 0.022 0.026
27 27 (0) 2 : 0.031 0.930 0.023 0.016
28 28 (0) 2 : 0.152 0.664 0.062 0.122
29 29 (9) 2 : 0.056 0.872 0.033 0.039
30 30 (0) 2 : 0.296 0.179 0.287 0.238
31 31 (0) 2 : 0.045 0.899 0.027 0.029
32 32 (0) 2 : 0.014 0.965 0.010 0.011
33 33 (0) 2 : 0.263 0.482 0.093 0.162
34 34 (0) 2 : 0.032 0.901 0.032 0.035
35 35 (0) 2 : 0.044 0.887 0.031 0.039
36 36 (0) 2 : 0.012 0.976 0.006 0.006
37 37 (0) 2 : 0.026 0.921 0.027 0.026
38 38 (0) 2 : 0.199 0.317 0.325 0.159
39 39 (0) 2 : 0.014 0.963 0.010 0.013
40 40 (0) 2 : 0.014 0.961 0.011 0.015
41 41 (0) 2 : 0.030 0.908 0.024 0.039
42 42 (0) 2 : 0.056 0.819 0.068 0.057
43 43 (0) 2 : 0.019 0.950 0.015 0.016
44 44 (5) 2 : 0.017 0.957 0.015 0.011
45 45 (0) 2 : 0.015 0.961 0.012 0.012
46 46 (0) 2 : 0.037 0.893 0.040 0.030
47 47 (0) 2 : 0.013 0.955 0.017 0.015
48 48 (0) 2 : 0.013 0.963 0.012 0.011
49 49 (0) 2 : 0.369 0.191 0.279 0.161
50 50 (0) 2 : 0.030 0.927 0.021 0.022
51 51 (0) 2 : 0.033 0.910 0.028 0.029
52 52 (0) 2 : 0.043 0.900 0.035 0.022
53 53 (0) 2 : 0.084 0.759 0.066 0.091
54 54 (0) 2 : 0.010 0.968 0.010 0.012
55 55 (4) 2 : 0.272 0.355 0.182 0.192
56 56 (0) 2 : 0.263 0.475 0.088 0.174
57 57 (1) 2 : 0.129 0.204 0.418 0.249
58 58 (0) 2 : 0.045 0.905 0.026 0.024
59 59 (0) 2 : 0.015 0.963 0.012 0.010
60 60 (0) 2 : 0.020 0.955 0.012 0.013
61 61 (0) 2 : 0.104 0.713 0.108 0.075
62 62 (0) 2 : 0.009 0.978 0.008 0.005
63 63 (0) 2 : 0.026 0.918 0.026 0.031
64 64 (0) 2 : 0.027 0.940 0.016 0.018
65 65 (0) 2 : 0.222 0.415 0.157 0.207
66 66 (0) 2 : 0.025 0.938 0.017 0.020
67 67 (0) 2 : 0.029 0.906 0.040 0.025
68 68 (0) 2 : 0.014 0.958 0.016 0.012
69 69 (0) 2 : 0.047 0.886 0.030 0.038
70 70 (1) 2 : 0.010 0.965 0.014 0.011
71 71 (0) 3 : 0.448 0.044 0.218 0.289
72 72 (0) 3 : 0.326 0.006 0.274 0.395
73 73 (0) 3 : 0.366 0.009 0.306 0.319
74 74 (0) 3 : 0.541 0.058 0.211 0.190
75 75 (0) 3 : 0.433 0.040 0.321 0.206
76 76 (0) 3 : 0.262 0.015 0.395 0.329
77 77 (0) 3 : 0.088 0.009 0.559 0.344
78 78 (0) 3 : 0.086 0.024 0.536 0.354
79 79 (0) 3 : 0.327 0.050 0.354 0.269
80 80 (8) 3 : 0.166 0.008 0.494 0.332
81 81 (0) 3 : 0.368 0.026 0.316 0.290
82 82 (0) 3 : 0.350 0.385 0.096 0.168
83 83 (0) 3 : 0.240 0.103 0.460 0.197
84 84 (0) 3 : 0.370 0.013 0.235 0.382
85 85 (0) 3 : 0.185 0.098 0.460 0.258
86 86 (0) 3 : 0.201 0.022 0.428 0.348
87 87 (0) 3 : 0.235 0.009 0.312 0.444
88 88 (0) 3 : 0.284 0.060 0.479 0.177
89 89 (0) 3 : 0.448 0.043 0.187 0.322
90 90 (0) 3 : 0.200 0.017 0.436 0.347
91 91 (0) 3 : 0.369 0.054 0.292 0.285
92 92 (0) 3 : 0.449 0.029 0.314 0.208
93 93 (0) 3 : 0.395 0.161 0.210 0.234
94 94 (0) 3 : 0.261 0.084 0.258 0.396
95 95 (0) 3 : 0.372 0.034 0.185 0.409
96 96 (0) 3 : 0.215 0.021 0.517 0.247
97 97 (0) 3 : 0.302 0.007 0.310 0.381
98 98 (0) 3 : 0.414 0.240 0.154 0.192
99 99 (0) 3 : 0.486 0.057 0.198 0.258
100 100 (0) 3 : 0.276 0.011 0.291 0.423
101 101 (0) 3 : 0.323 0.028 0.447 0.202
102 102 (0) 3 : 0.386 0.038 0.344 0.232
103 103 (0) 3 : 0.316 0.023 0.418 0.242
104 104 (0) 3 : 0.261 0.046 0.364 0.329
105 105 (0) 3 : 0.370 0.021 0.286 0.323
106 106 (0) 3 : 0.278 0.025 0.366 0.331
107 107 (0) 3 : 0.515 0.043 0.166 0.276
108 108 (0) 3 : 0.266 0.008 0.505 0.221
109 109 (0) 3 : 0.287 0.332 0.134 0.247
110 110 (0) 3 : 0.506 0.020 0.220 0.254
111 111 (0) 3 : 0.218 0.032 0.475 0.275
112 112 (0) 3 : 0.211 0.144 0.416 0.228
113 113 (0) 3 : 0.251 0.026 0.502 0.221
114 114 (0) 3 : 0.441 0.016 0.216 0.326
115 115 (0) 3 : 0.425 0.071 0.205 0.299
116 116 (0) 3 : 0.208 0.017 0.496 0.279
117 117 (0) 3 : 0.555 0.022 0.068 0.356
118 118 (0) 3 : 0.377 0.015 0.278 0.330
119 119 (0) 3 : 0.280 0.031 0.370 0.320
120 120 (7) 4 : 0.551 0.015 0.072 0.362
121 121 (12) 4 : 0.232 0.017 0.501 0.250
122 122 (12) 4 : 0.560 0.021 0.073 0.346
123 123 (3) 4 : 0.274 0.026 0.366 0.334
124 124 (12) 4 : 0.357 0.086 0.283 0.274
125 125 (13) 4 : 0.319 0.016 0.311 0.354
126 126 (0) 4 : 0.152 0.592 0.139 0.116
127 127 (3) 4 : 0.262 0.034 0.338 0.366
128 128 (0) 4 : 0.231 0.021 0.399 0.350
129 129 (0) 4 : 0.207 0.013 0.515 0.266
130 130 (9) 4 : 0.235 0.007 0.311 0.447
131 131 (9) 4 : 0.184 0.012 0.459 0.345
132 132 (12) 4 : 0.376 0.021 0.300 0.303
133 133 (0) 5 : 0.028 0.905 0.033 0.034
134 134 (0) 5 : 0.157 0.015 0.509 0.319
135 135 (0) 5 : 0.057 0.871 0.031 0.041
136 136 (0) 6 : 0.286 0.011 0.246 0.457
137 137 (0) 6 : 0.212 0.004 0.357 0.427
138 138 (9) 6 : 0.337 0.008 0.332 0.323
139 139 (0) 6 : 0.343 0.007 0.277 0.372
140 140 (0) 6 : 0.141 0.012 0.641 0.206
141 141 (0) 6 : 0.354 0.016 0.277 0.354
142 142 (0) 6 : 0.324 0.018 0.403 0.255
143 143 (0) 6 : 0.449 0.030 0.211 0.310
144 144 (11) 6 : 0.463 0.030 0.238 0.269
145 145 (0) 6 : 0.422 0.055 0.245 0.278
146 146 (0) 6 : 0.418 0.099 0.232 0.251
147 147 (0) 6 : 0.363 0.045 0.272 0.320
148 148 (4) 6 : 0.430 0.031 0.274 0.265
149 149 (0) 6 : 0.413 0.018 0.216 0.352
150 150 (0) 6 : 0.474 0.082 0.176 0.268
151 151 (0) 6 : 0.153 0.009 0.669 0.169
152 152 (0) 6 : 0.201 0.078 0.479 0.242
153 153 (4) 6 : 0.140 0.007 0.672 0.181
154 154 (5) 6 : 0.209 0.014 0.610 0.167
155 155 (0) 6 : 0.223 0.011 0.434 0.332
156 156 (5) 6 : 0.374 0.016 0.370 0.239
157 157 (0) 6 : 0.489 0.015 0.205 0.292
158 158 (0) 6 : 0.533 0.028 0.193 0.247
159 159 (10) 6 : 0.483 0.021 0.226 0.270
160 160 (0) 6 : 0.261 0.014 0.417 0.308
161 161 (0) 6 : 0.161 0.008 0.376 0.456
162 162 (0) 6 : 0.257 0.023 0.328 0.392
163 163 (5) 6 : 0.350 0.042 0.381 0.226
164 164 (0) 6 : 0.411 0.123 0.138 0.327
165 165 (0) 6 : 0.401 0.025 0.207 0.367
166 166 (0) 6 : 0.368 0.060 0.270 0.302
167 167 (10) 6 : 0.447 0.023 0.186 0.343
168 168 (0) 6 : 0.412 0.023 0.204 0.360
169 169 (0) 6 : 0.199 0.007 0.557 0.237
170 170 (0) 6 : 0.344 0.021 0.342 0.294
171 171 (0) 6 : 0.282 0.020 0.355 0.343
172 172 (0) 6 : 0.047 0.009 0.538 0.406
173 173 (0) 6 : 0.040 0.011 0.536 0.413
174 174 (0) 6 : 0.308 0.019 0.215 0.458
175 175 (0) 6 : 0.133 0.015 0.554 0.298
176 176 (0) 6 : 0.385 0.051 0.247 0.316
177 177 (0) 6 : 0.315 0.041 0.336 0.308
178 178 (2) 6 : 0.290 0.016 0.260 0.434
179 179 (0) 6 : 0.224 0.070 0.433 0.273
180 180 (0) 6 : 0.313 0.018 0.345 0.323
181 181 (0) 6 : 0.403 0.019 0.283 0.296
182 182 (0) 6 : 0.395 0.048 0.218 0.340
183 183 (7) 6 : 0.362 0.016 0.298 0.324
184 184 (0) 6 : 0.404 0.023 0.290 0.283
185 185 (10) 6 : 0.419 0.102 0.203 0.276
186 186 (0) 6 : 0.128 0.732 0.069 0.071
187 187 (8) 6 : 0.427 0.015 0.233 0.324
188 188 (0) 6 : 0.350 0.009 0.318 0.322
189 189 (7) 6 : 0.442 0.017 0.225 0.316
190 190 (0) 6 : 0.106 0.007 0.605 0.281
191 191 (0) 6 : 0.126 0.022 0.488 0.364
192 192 (0) 6 : 0.364 0.065 0.199 0.372
193 193 (0) 6 : 0.436 0.009 0.289 0.265
194 194 (2) 6 : 0.202 0.029 0.498 0.272
195 195 (0) 6 : 0.206 0.040 0.393 0.360
196 196 (0) 6 : 0.289 0.126 0.293 0.291
197 197 (3) 6 : 0.410 0.033 0.211 0.346
198 198 (0) 6 : 0.361 0.030 0.395 0.214
199 199 (0) 6 : 0.280 0.009 0.299 0.412
200 200 (0) 6 : 0.307 0.393 0.129 0.171
201 201 (0) 6 : 0.382 0.020 0.337 0.261
202 202 (0) 6 : 0.390 0.089 0.278 0.242
203 203 (0) 6 : 0.256 0.064 0.461 0.219
204 204 (13) 6 : 0.510 0.031 0.255 0.203
205 205 (0) 6 : 0.246 0.026 0.513 0.215
206 206 (12) 6 : 0.451 0.086 0.224 0.239
207 207 (0) 6 : 0.307 0.043 0.183 0.467
208 208 (0) 6 : 0.363 0.009 0.248 0.380
209 209 (8) 6 : 0.473 0.011 0.289 0.227
210 210 (0) 6 : 0.486 0.023 0.273 0.219
211 211 (0) 6 : 0.402 0.013 0.253 0.332
212 212 (0) 6 : 0.406 0.054 0.219 0.320
213 213 (0) 6 : 0.424 0.026 0.236 0.314
214 214 (0) 6 : 0.277 0.027 0.405 0.292
215 215 (14) 6 : 0.309 0.015 0.429 0.247
216 216 (0) 6 : 0.342 0.158 0.240 0.261
217 217 (0) 6 : 0.405 0.016 0.201 0.377
218 218 (0) 6 : 0.328 0.009 0.274 0.388
219 219 (14) 6 : 0.377 0.016 0.310 0.297
220 220 (0) 6 : 0.456 0.077 0.203 0.263
221 221 (7) 6 : 0.551 0.028 0.216 0.205
222 222 (0) 6 : 0.454 0.016 0.197 0.332
223 223 (0) 6 : 0.293 0.046 0.356 0.306
224 224 (0) 6 : 0.253 0.010 0.242 0.495
225 225 (5) 6 : 0.254 0.017 0.246 0.484
226 226 (0) 6 : 0.386 0.144 0.174 0.296
227 227 (0) 2 : 0.028 0.923 0.021 0.028
228 228 (0) 2 : 0.007 0.976 0.008 0.008
229 229 (0) 2 : 0.030 0.921 0.027 0.022
230 230 (0) 2 : 0.043 0.888 0.039 0.030
231 231 (0) 2 : 0.044 0.905 0.022 0.029
232 232 (0) 2 : 0.011 0.973 0.008 0.008
233 233 (0) 2 : 0.181 0.546 0.080 0.193
234 234 (0) 2 : 0.005 0.986 0.006 0.004
235 235 (0) 2 : 0.056 0.824 0.078 0.043
