-------------------------------------------------------------------------------
 L       Percentage of nodes in the largest component
 D       Percentage of nodes in components of size at most 3 [-div option]
 R       Percentage of nodes not in L or D: 100 - L -D
 S       Percentage of nodes that are singletons
 E       Fraction of edges retained (input graph has 90)
 cce     Expected size of component, nodewise [ sum(sz^2) / sum^2(sz) ]
 EW      Edge weight traits (mean, median and IQR)
 ND      Node degree traits [mean, median and IQR]
 CCF     Clustering coefficient (scale 1-100)
 eff     Induced component efficiency relative to start graph (scale 1-1000)
Total number of nodes: 10
----------------------------------------------------------------------------------------------
  L   D   R   S     E     cce  EWmean   EWmed   EWiqr  NDmean   NDmed  NDiqr CCF  eff  Cutoff 
----------------------------------------------------------------------------------------------
100   0   0   0 1.000      10    0.90    0.92    0.08     9.0     9.5    0.5   -    -     0.50
100   0   0   0 1.000      10    0.90    0.92    0.08     9.0     9.5    0.5   -    -     0.51
100   0   0   0 1.000      10    0.90    0.92    0.08     9.0     9.5    0.5   -    -     0.52
100   0   0   0 1.000      10    0.90    0.92    0.08     9.0     9.5    0.5   -    -     0.53
100   0   0   0 1.000      10    0.90    0.92    0.08     9.0     9.5    0.5   -    -     0.54
100   0   0   0 1.000      10    0.90    0.92    0.08     9.0     9.5    0.5   -    -     0.55
100   0   0   0 1.000      10    0.90    0.92    0.08     9.0     9.5    0.5   -    -     0.56
100   0   0   0 1.000      10    0.90    0.92    0.08     9.0     9.5    0.5   -    -     0.57
100   0   0   0 1.000      10    0.90    0.92    0.08     9.0     9.5    0.5   -    -     0.58
100   0   0   0 1.000      10    0.90    0.92    0.08     9.0     9.5    0.5   -    -     0.59
100   0   0   0 1.000      10    0.90    0.92    0.08     9.0     9.5    0.5   -    -     0.60
100   0   0   0 1.000      10    0.90    0.92    0.08     9.0     9.5    0.5   -    -     0.61
100   0   0   0 1.000      10    0.90    0.92    0.08     9.0     9.5    0.5   -    -     0.62
100   0   0   0 1.000      10    0.90    0.92    0.08     9.0     9.5    0.5   -    -     0.63
100   0   0   0 1.000      10    0.90    0.92    0.08     9.0     9.5    0.5   -    -     0.64
100   0   0   0 1.000      10    0.90    0.92    0.08     9.0     9.5    0.5   -    -     0.65
100   0   0   0 1.000      10    0.90    0.92    0.08     9.0     9.5    0.5   -    -     0.66
100   0   0   0 1.000      10    0.90    0.92    0.08     9.0     9.5    0.5   -    -     0.67
100   0   0   0 1.000      10    0.90    0.92    0.08     9.0     9.5    0.5   -    -     0.68
100   0   0   0 1.000      10    0.90    0.92    0.08     9.0     9.5    0.5   -    -     0.69
100   0   0   0 1.000      10    0.90    0.92    0.08     9.0     9.5    0.5   -    -     0.70
100   0   0   0 1.000      10    0.90    0.92    0.08     9.0     9.5    0.5   -    -     0.71
100   0   0   0 1.000      10    0.90    0.92    0.08     9.0     9.5    0.5   -    -     0.72
100   0   0   0 1.000      10    0.90    0.92    0.08     9.0     9.5    0.5   -    -     0.73
100   0   0   0 1.000      10    0.90    0.92    0.08     9.0     9.5    0.5   -    -     0.74
100   0   0   0 1.000      10    0.90    0.92    0.08     9.0     9.5    0.5   -    -     0.75
100   0   0   0 1.000      10    0.90    0.92    0.08     9.0     9.5    0.5   -    -     0.76
100   0   0   0 1.000      10    0.90    0.92    0.08     9.0     9.5    0.5   -    -     0.77
100   0   0   0 1.000      10    0.90    0.92    0.08     9.0     9.5    0.5   -    -     0.78
100   0   0   0 1.000      10    0.90    0.92    0.08     9.0     9.5    0.5   -    -     0.79
100   0   0   0 0.978      10    0.91    0.92    0.08     8.8     9.5    0.5   -    -     0.80
100   0   0   0 0.978      10    0.91    0.92    0.08     8.8     9.5    0.5   -    -     0.81
100   0   0   0 0.978      10    0.91    0.92    0.08     8.8     9.5    0.5   -    -     0.82
100   0   0   0 0.956      10    0.91    0.93    0.08     8.6     9.5    1.0   -    -     0.83
100   0   0   0 0.867      10    0.92    0.93    0.07     7.8     8.5    1.0   -    -     0.84
100   0   0   0 0.867      10    0.92    0.93    0.07     7.8     8.5    1.0   -    -     0.85
100   0   0   0 0.756      10    0.92    0.94    0.06     6.8     7.5    2.5   -    -     0.86
100   0   0   0 0.733      10    0.93    0.94    0.05     6.6     7.5    2.0   -    -     0.87
100   0   0   0 0.644      10    0.93    0.94    0.02     5.8     6.5    1.5   -    -     0.88
100   0   0   0 0.556      10    0.94    0.95    0.02     5.0     6.5    2.0   -    -     0.89
 70  30   0   0 0.511       6    0.94    0.95    0.02     4.6     5.5    3.0   -    -     0.90
 70  30   0   0 0.511       6    0.94    0.95    0.02     4.6     5.5    3.0   -    -     0.91
 70  30   0   0 0.489       6    0.95    0.95    0.02     4.4     5.5    3.5   -    -     0.92
 70  30   0   0 0.422       6    0.95    0.95    0.01     3.8     4.5    3.0   -    -     0.93
 70  30   0   0 0.333       6    0.95    0.95    0.01     3.0     3.5    3.5   -    -     0.94
 60  40   0  40 0.178       4    0.96    0.96    0.00     1.6     1.5    3.0   -    -     0.95
  0 100   0  80 0.022       1    0.97    0.97    0.00     0.2     0.5    0.5   -    -     0.96
  0 100   0 100 0.000       1    0.00    0.00    0.00     0.0     0.5    0.5   -    -     0.97
  0 100   0 100 0.000       1    0.00    0.00    0.00     0.0     0.5    0.5   -    -     0.98
  0 100   0 100 0.000       1    0.00    0.00    0.00     0.0     0.5    0.5   -    -     0.99
---------------------------------------------------------------------------------------------
