1 1 (0) 1 : 0.534 0.008 0.145 0.313
2 2 (1) 1 : 0.391 0.118 0.096 0.396
3 3 (0) 1 : 0.411 0.044 0.123 0.423
4 4 (0) 2 : 0.088 0.789 0.046 0.077
5 5 (0) 2 : 0.372 0.014 0.209 0.405
6 6 (0) 2 : 0.119 0.743 0.030 0.107
7 7 (0) 2 : 0.023 0.930 0.015 0.031
8 8 (0) 2 : 0.009 0.974 0.009 0.009
9 9 (0) 2 : 0.078 0.812 0.032 0.078
10 10 (0) 2 : 0.011 0.960 0.014 0.015
11 11 (0) 2 : 0.021 0.949 0.014 0.016
12 12 (0) 2 : 0.091 0.825 0.024 0.059
13 13 (0) 2 : 0.026 0.932 0.016 0.026
14 14 (0) 2 : 0.029 0.899 0.037 0.034
15 15 (0) 2 : 0.196 0.548 0.096 0.161
16 16 (0) 2 : 0.020 0.947 0.019 0.014
17 17 (0) 2 : 0.045 0.830 0.072 0.053
18 18 (0) 2 : 0.029 0.922 0.023 0.026
19 19 (0) 2 : 0.029 0.929 0.015 0.027
20 20 (0) 2 : 0.170 0.661 0.055 0.114
21 21 (9) 2 : 0.039 0.887 0.029 0.044
22 22 (0) 2 : 0.215 0.226 0.267 0.292
23 23 (0) 2 : 0.030 0.915 0.018 0.036
24 24 (0) 2 : 0.017 0.962 0.009 0.012
25 25 (0) 2 : 0.227 0.537 0.040 0.196
26 26 (0) 2 : 0.021 0.919 0.039 0.022
27 27 (0) 2 : 0.079 0.858 0.022 0.042
28 28 (0) 2 : 0.015 0.963 0.011 0.011
29 29 (0) 2 : 0.038 0.893 0.041 0.027
30 30 (0) 2 : 0.159 0.319 0.328 0.194
31 31 (0) 2 : 0.016 0.961 0.012 0.011
32 32 (0) 2 : 0.024 0.938 0.016 0.022
33 33 (0) 2 : 0.030 0.914 0.028 0.027
34 34 (0) 2 : 0.083 0.775 0.064 0.079
35 35 (0) 2 : 0.032 0.922 0.016 0.030
36 36 (5) 2 : 0.012 0.964 0.012 0.013
37 37 (0) 2 : 0.013 0.964 0.011 0.012
38 38 (0) 2 : 0.034 0.873 0.056 0.037
39 39 (0) 2 : 0.015 0.950 0.026 0.010
40 40 (0) 2 : 0.015 0.961 0.009 0.014
41 41 (0) 2 : 0.205 0.381 0.219 0.196
42 42 (0) 2 : 0.029 0.923 0.019 0.029
43 43 (0) 2 : 0.042 0.857 0.061 0.041
44 44 (0) 2 : 0.050 0.874 0.031 0.044
45 45 (0) 2 : 0.060 0.773 0.104 0.062
46 46 (0) 2 : 0.015 0.958 0.012 0.015
47 47 (4) 2 : 0.214 0.283 0.275 0.228
48 48 (0) 2 : 0.193 0.501 0.132 0.174
49 49 (1) 2 : 0.111 0.194 0.571 0.124
50 50 (0) 2 : 0.048 0.865 0.049 0.038
51 51 (0) 2 : 0.013 0.967 0.010 0.010
52 52 (0) 2 : 0.024 0.930 0.021 0.025
53 53 (0) 2 : 0.147 0.541 0.226 0.087
54 54 (0) 2 : 0.009 0.971 0.009 0.011
55 55 (0) 2 : 0.028 0.921 0.027 0.024
56 56 (0) 2 : 0.042 0.898 0.022 0.039
57 57 (0) 2 : 0.211 0.341 0.244 0.204
58 58 (0) 2 : 0.025 0.934 0.019 0.022
59 59 (0) 2 : 0.034 0.903 0.032 0.032
60 60 (0) 2 : 0.018 0.946 0.016 0.019
61 61 (0) 2 : 0.063 0.858 0.025 0.054
62 62 (1) 2 : 0.009 0.974 0.009 0.009
63 63 (0) 3 : 0.442 0.041 0.068 0.449
64 64 (0) 3 : 0.296 0.007 0.266 0.431
65 65 (0) 3 : 0.354 0.012 0.149 0.485
66 66 (0) 3 : 0.370 0.065 0.155 0.409
67 67 (0) 3 : 0.354 0.041 0.258 0.347
68 68 (0) 3 : 0.304 0.018 0.382 0.296
69 69 (0) 3 : 0.070 0.012 0.863 0.056
70 70 (0) 3 : 0.056 0.025 0.872 0.046
71 71 (0) 3 : 0.258 0.068 0.384 0.290
72 72 (8) 3 : 0.174 0.010 0.670 0.146
73 73 (0) 3 : 0.350 0.029 0.145 0.476
74 74 (0) 3 : 0.322 0.388 0.055 0.236
75 75 (0) 3 : 0.183 0.134 0.458 0.224
76 76 (0) 3 : 0.387 0.019 0.138 0.456
77 77 (0) 3 : 0.129 0.073 0.702 0.096
78 78 (0) 3 : 0.258 0.026 0.503 0.213
79 79 (0) 3 : 0.264 0.010 0.570 0.155
80 80 (0) 3 : 0.235 0.071 0.526 0.168
81 81 (0) 3 : 0.468 0.039 0.105 0.388
82 82 (0) 3 : 0.217 0.016 0.569 0.198
83 83 (0) 3 : 0.305 0.050 0.336 0.308
84 84 (0) 3 : 0.316 0.039 0.452 0.192
85 85 (0) 3 : 0.376 0.139 0.243 0.242
86 86 (0) 3 : 0.344 0.087 0.289 0.281
87 87 (0) 3 : 0.406 0.033 0.102 0.460
88 88 (0) 3 : 0.065 0.014 0.838 0.083
89 89 (0) 3 : 0.292 0.007 0.423 0.278
90 90 (0) 3 : 0.323 0.320 0.076 0.281
91 91 (0) 3 : 0.422 0.066 0.166 0.346
92 92 (0) 3 : 0.240 0.013 0.465 0.282
93 93 (0) 3 : 0.214 0.029 0.453 0.304
94 94 (0) 3 : 0.335 0.039 0.298 0.328
95 95 (0) 3 : 0.291 0.042 0.451 0.216
96 96 (0) 3 : 0.177 0.046 0.618 0.159
97 97 (0) 3 : 0.357 0.026 0.208 0.410
98 98 (0) 3 : 0.225 0.028 0.580 0.168
99 99 (0) 3 : 0.490 0.048 0.087 0.375
100 100 (0) 3 : 0.261 0.007 0.540 0.192
101 101 (0) 3 : 0.250 0.492 0.071 0.187
102 102 (0) 3 : 0.420 0.029 0.092 0.460
103 103 (0) 3 : 0.157 0.028 0.634 0.180
104 104 (0) 3 : 0.203 0.133 0.432 0.231
105 105 (0) 3 : 0.127 0.030 0.718 0.124
106 106 (0) 3 : 0.469 0.024 0.098 0.409
107 107 (0) 3 : 0.458 0.070 0.157 0.315
108 108 (0) 3 : 0.188 0.023 0.529 0.260
109 109 (0) 3 : 0.685 0.018 0.022 0.275
110 110 (0) 3 : 0.392 0.023 0.088 0.497
111 111 (0) 3 : 0.225 0.032 0.530 0.213
112 112 (7) 4 : 0.668 0.017 0.020 0.295
113 113 (12) 4 : 0.197 0.019 0.660 0.124
114 114 (12) 4 : 0.669 0.024 0.040 0.267
115 115 (3) 4 : 0.223 0.031 0.526 0.220
116 116 (12) 4 : 0.247 0.077 0.370 0.306
117 117 (13) 4 : 0.302 0.021 0.414 0.263
118 118 (0) 4 : 0.159 0.516 0.199 0.126
119 119 (3) 4 : 0.247 0.060 0.505 0.188
120 120 (0) 4 : 0.153 0.028 0.572 0.247
121 121 (0) 4 : 0.125 0.011 0.774 0.090
122 122 (9) 4 : 0.318 0.008 0.156 0.518
123 123 (9) 4 : 0.076 0.011 0.800 0.112
124 124 (12) 4 : 0.394 0.030 0.249 0.326
125 125 (0) 5 : 0.035 0.889 0.045 0.032
126 126 (0) 5 : 0.063 0.021 0.855 0.061
127 127 (0) 5 : 0.050 0.881 0.032 0.037
128 128 (0) 6 : 0.383 0.015 0.292 0.311
129 129 (0) 6 : 0.307 0.006 0.200 0.487
130 130 (9) 6 : 0.326 0.012 0.210 0.453
131 131 (0) 6 : 0.349 0.007 0.050 0.595
132 132 (0) 6 : 0.088 0.014 0.761 0.138
133 133 (0) 6 : 0.422 0.019 0.047 0.513
134 134 (0) 6 : 0.305 0.026 0.394 0.274
135 135 (0) 6 : 0.464 0.030 0.068 0.439
136 136 (11) 6 : 0.369 0.045 0.101 0.484
137 137 (0) 6 : 0.365 0.049 0.337 0.249
138 138 (0) 6 : 0.300 0.123 0.112 0.464
139 139 (0) 6 : 0.330 0.073 0.267 0.329
140 140 (4) 6 : 0.387 0.030 0.220 0.363
141 141 (0) 6 : 0.395 0.031 0.067 0.507
142 142 (0) 6 : 0.408 0.071 0.075 0.447
143 143 (0) 6 : 0.026 0.008 0.939 0.027
144 144 (0) 6 : 0.168 0.069 0.632 0.131
145 145 (4) 6 : 0.031 0.007 0.930 0.032
146 146 (5) 6 : 0.095 0.018 0.787 0.101
147 147 (0) 6 : 0.254 0.011 0.473 0.263
148 148 (5) 6 : 0.349 0.021 0.275 0.355
149 149 (0) 6 : 0.500 0.012 0.054 0.434
150 150 (0) 6 : 0.493 0.024 0.061 0.422
151 151 (10) 6 : 0.413 0.031 0.142 0.414
152 152 (0) 6 : 0.233 0.017 0.469 0.281
153 153 (0) 6 : 0.156 0.010 0.644 0.190
154 154 (0) 6 : 0.312 0.024 0.223 0.441
155 155 (5) 6 : 0.293 0.067 0.314 0.327
156 156 (0) 6 : 0.353 0.120 0.115 0.412
157 157 (0) 6 : 0.429 0.031 0.122 0.419
158 158 (0) 6 : 0.225 0.064 0.447 0.264
159 159 (10) 6 : 0.465 0.027 0.067 0.442
160 160 (0) 6 : 0.442 0.031 0.086 0.440
161 161 (0) 6 : 0.108 0.007 0.726 0.159
162 162 (0) 6 : 0.373 0.019 0.116 0.492
163 163 (0) 6 : 0.233 0.023 0.523 0.221
164 164 (0) 6 : 0.092 0.013 0.744 0.151
165 165 (0) 6 : 0.105 0.013 0.735 0.148
166 166 (0) 6 : 0.410 0.028 0.280 0.282
167 167 (0) 6 : 0.116 0.020 0.716 0.148
168 168 (0) 6 : 0.325 0.050 0.218 0.407
169 169 (0) 6 : 0.305 0.040 0.341 0.314
170 170 (2) 6 : 0.375 0.023 0.224 0.378
171 171 (0) 6 : 0.186 0.086 0.579 0.149
172 172 (0) 6 : 0.339 0.024 0.249 0.388
173 173 (0) 6 : 0.332 0.028 0.249 0.390
174 174 (0) 6 : 0.415 0.049 0.141 0.395
175 175 (7) 6 : 0.381 0.016 0.316 0.286
176 176 (0) 6 : 0.348 0.026 0.183 0.444
177 177 (10) 6 : 0.402 0.098 0.125 0.375
178 178 (0) 6 : 0.162 0.631 0.059 0.147
179 179 (8) 6 : 0.414 0.020 0.226 0.340
180 180 (0) 6 : 0.366 0.012 0.244 0.377
181 181 (7) 6 : 0.443 0.024 0.132 0.400
182 182 (0) 6 : 0.112 0.008 0.739 0.141
183 183 (0) 6 : 0.108 0.024 0.742 0.127
184 184 (0) 6 : 0.404 0.058 0.137 0.401
185 185 (0) 6 : 0.347 0.013 0.094 0.546
186 186 (2) 6 : 0.155 0.025 0.649 0.171
187 187 (0) 6 : 0.194 0.089 0.566 0.151
188 188 (0) 6 : 0.268 0.141 0.271 0.320
189 189 (3) 6 : 0.409 0.034 0.232 0.324
190 190 (0) 6 : 0.304 0.039 0.297 0.360
191 191 (0) 6 : 0.365 0.009 0.045 0.582
192 192 (0) 6 : 0.249 0.387 0.075 0.289
193 193 (0) 6 : 0.346 0.016 0.126 0.513
194 194 (0) 6 : 0.430 0.064 0.162 0.344
195 195 (0) 6 : 0.239 0.070 0.385 0.306
196 196 (13) 6 : 0.477 0.038 0.063 0.422
197 197 (0) 6 : 0.202 0.023 0.593 0.182
198 198 (12) 6 : 0.365 0.106 0.199 0.330
199 199 (0) 6 : 0.411 0.038 0.070 0.480
200 200 (0) 6 : 0.344 0.008 0.224 0.424
201 201 (8) 6 : 0.473 0.013 0.080 0.434
202 202 (0) 6 : 0.482 0.027 0.064 0.428
203 203 (0) 6 : 0.393 0.014 0.202 0.391
204 204 (0) 6 : 0.392 0.068 0.139 0.402
205 205 (0) 6 : 0.383 0.030 0.083 0.504
206 206 (0) 6 : 0.249 0.033 0.311 0.407
207 207 (14) 6 : 0.293 0.021 0.294 0.392
208 208 (0) 6 : 0.361 0.118 0.141 0.380
209 209 (0) 6 : 0.486 0.013 0.078 0.423
210 210 (0) 6 : 0.378 0.011 0.098 0.512
211 211 (14) 6 : 0.424 0.018 0.142 0.416
212 212 (0) 6 : 0.381 0.118 0.195 0.306
213 213 (7) 6 : 0.527 0.039 0.066 0.368
214 214 (0) 6 : 0.394 0.018 0.132 0.455
215 215 (0) 6 : 0.266 0.056 0.468 0.210
216 216 (0) 6 : 0.405 0.013 0.054 0.528
217 217 (5) 6 : 0.417 0.018 0.048 0.516
218 218 (0) 6 : 0.410 0.075 0.106 0.408
219 219 (0) 2 : 0.039 0.891 0.036 0.034
220 220 (0) 2 : 0.008 0.970 0.011 0.011
221 221 (0) 2 : 0.030 0.914 0.026 0.029
222 222 (0) 2 : 0.075 0.817 0.062 0.046
223 223 (0) 2 : 0.036 0.893 0.033 0.038
224 224 (0) 2 : 0.009 0.973 0.012 0.007
225 225 (0) 2 : 0.160 0.610 0.099 0.130
226 226 (0) 2 : 0.005 0.984 0.006 0.005
227 227 (0) 2 : 0.052 0.826 0.074 0.049
1 1 (0) 1 : 0.009 0.537 0.317 0.138
2 2 (1) 1 : 0.149 0.436 0.298 0.117
3 3 (0) 1 : 0.047 0.530 0.299 0.124
4 4 (0) 2 : 0.796 0.082 0.069 0.054
5 5 (0) 2 : 0.014 0.524 0.269 0.193
6 6 (0) 2 : 0.773 0.080 0.090 0.057
7 7 (0) 2 : 0.919 0.022 0.036 0.023
8 8 (0) 2 : 0.975 0.008 0.009 0.008
9 9 (0) 2 : 0.821 0.075 0.048 0.055
10 10 (0) 2 : 0.960 0.014 0.014 0.012
11 11 (0) 2 : 0.945 0.022 0.018 0.015
12 12 (0) 2 : 0.824 0.057 0.060 0.059
13 13 (0) 2 : 0.944 0.019 0.018 0.018
14 14 (0) 2 : 0.889 0.044 0.028 0.040
15 15 (0) 2 : 0.583 0.191 0.129 0.097
16 16 (0) 2 : 0.959 0.015 0.014 0.012
17 17 (0) 2 : 0.819 0.099 0.036 0.046
18 18 (0) 2 : 0.911 0.032 0.029 0.028
19 19 (0) 2 : 0.926 0.027 0.026 0.021
20 20 (0) 2 : 0.659 0.091 0.136 0.114
21 21 (9) 2 : 0.876 0.058 0.037 0.029
22 22 (0) 2 : 0.206 0.350 0.257 0.187
23 23 (0) 2 : 0.886 0.043 0.055 0.016
24 24 (0) 2 : 0.963 0.012 0.014 0.011
25 25 (0) 2 : 0.532 0.173 0.144 0.152
26 26 (0) 2 : 0.913 0.029 0.024 0.035
27 27 (0) 2 : 0.875 0.036 0.047 0.042
28 28 (0) 2 : 0.969 0.010 0.012 0.009
29 29 (0) 2 : 0.884 0.045 0.034 0.038
30 30 (0) 2 : 0.306 0.217 0.238 0.240
31 31 (0) 2 : 0.963 0.012 0.012 0.013
32 32 (0) 2 : 0.885 0.062 0.036 0.017
33 33 (0) 2 : 0.905 0.024 0.023 0.048
34 34 (0) 2 : 0.718 0.089 0.119 0.074
35 35 (0) 2 : 0.874 0.073 0.034 0.019
36 36 (5) 2 : 0.956 0.012 0.016 0.016
37 37 (0) 2 : 0.962 0.013 0.012 0.013
38 38 (0) 2 : 0.866 0.049 0.053 0.032
39 39 (0) 2 : 0.959 0.010 0.011 0.019
40 40 (0) 2 : 0.954 0.016 0.018 0.011
41 41 (0) 2 : 0.379 0.228 0.192 0.201
42 42 (0) 2 : 0.941 0.017 0.026 0.016
43 43 (0) 2 : 0.847 0.067 0.042 0.044
44 44 (0) 2 : 0.867 0.034 0.068 0.031
45 45 (0) 2 : 0.749 0.142 0.050 0.058
46 46 (0) 2 : 0.960 0.015 0.014 0.011
47 47 (4) 2 : 0.269 0.327 0.240 0.164
48 48 (0) 2 : 0.489 0.284 0.083 0.144
49 49 (1) 2 : 0.177 0.143 0.157 0.523
50 50 (0) 2 : 0.860 0.072 0.034 0.033
51 51 (0) 2 : 0.963 0.013 0.013 0.011
52 52 (0) 2 : 0.931 0.021 0.021 0.027
53 53 (0) 2 : 0.533 0.188 0.102 0.178
54 54 (0) 2 : 0.971 0.011 0.009 0.010
55 55 (0) 2 : 0.926 0.019 0.022 0.032
56 56 (0) 2 : 0.902 0.036 0.037 0.025
57 57 (0) 2 : 0.377 0.212 0.180 0.231
58 58 (0) 2 : 0.934 0.026 0.022 0.019
59 59 (0) 2 : 0.902 0.026 0.031 0.041
60 60 (0) 2 : 0.942 0.020 0.020 0.017
61 61 (0) 2 : 0.827 0.068 0.064 0.040
62 62 (1) 2 : 0.967 0.009 0.013 0.010
63 63 (0) 3 : 0.036 0.233 0.576 0.155
64 64 (0) 3 : 0.007 0.304 0.406 0.283
65 65 (0) 3 : 0.014 0.275 0.480 0.231
66 66 (0) 3 : 0.075 0.545 0.251 0.129
67 67 (0) 3 : 0.036 0.365 0.384 0.215
68 68 (0) 3 : 0.017 0.224 0.270 0.489
69 69 (0) 3 : 0.012 0.134 0.144 0.710
70 70 (0) 3 : 0.031 0.112 0.106 0.752
71 71 (0) 3 : 0.054 0.264 0.231 0.451
72 72 (8) 3 : 0.009 0.227 0.171 0.594
73 73 (0) 3 : 0.029 0.471 0.383 0.118
74 74 (0) 3 : 0.401 0.295 0.195 0.109
75 75 (0) 3 : 0.120 0.289 0.228 0.363
76 76 (0) 3 : 0.021 0.514 0.343 0.122
77 77 (0) 3 : 0.086 0.174 0.153 0.587
78 78 (0) 3 : 0.021 0.106 0.227 0.646
79 79 (0) 3 : 0.009 0.249 0.141 0.601
80 80 (0) 3 : 0.062 0.263 0.365 0.310
81 81 (0) 3 : 0.045 0.340 0.314 0.300
82 82 (0) 3 : 0.014 0.183 0.182 0.621
83 83 (0) 3 : 0.047 0.527 0.299 0.126
84 84 (0) 3 : 0.035 0.202 0.302 0.461
85 85 (0) 3 : 0.138 0.212 0.267 0.382
86 86 (0) 3 : 0.083 0.255 0.177 0.485
87 87 (0) 3 : 0.033 0.434 0.331 0.201
88 88 (0) 3 : 0.013 0.391 0.181 0.415
89 89 (0) 3 : 0.009 0.274 0.208 0.510
90 90 (0) 3 : 0.348 0.185 0.210 0.257
91 91 (0) 3 : 0.052 0.332 0.263 0.353
92 92 (0) 3 : 0.011 0.237 0.182 0.570
93 93 (0) 3 : 0.023 0.390 0.388 0.200
94 94 (0) 3 : 0.035 0.273 0.336 0.355
95 95 (0) 3 : 0.038 0.250 0.223 0.489
96 96 (0) 3 : 0.043 0.406 0.167 0.384
97 97 (0) 3 : 0.027 0.324 0.347 0.302
98 98 (0) 3 : 0.026 0.264 0.121 0.589
99 99 (0) 3 : 0.038 0.388 0.474 0.100
100 100 (0) 3 : 0.010 0.268 0.319 0.404
101 101 (0) 3 : 0.470 0.130 0.146 0.255
102 102 (0) 3 : 0.024 0.314 0.497 0.165
103 103 (0) 3 : 0.032 0.229 0.148 0.591
104 104 (0) 3 : 0.142 0.252 0.307 0.298
105 105 (0) 3 : 0.032 0.306 0.215 0.447
106 106 (0) 3 : 0.025 0.396 0.427 0.152
107 107 (0) 3 : 0.060 0.250 0.278 0.412
108 108 (0) 3 : 0.020 0.214 0.316 0.450
109 109 (0) 3 : 0.013 0.064 0.221 0.702
110 110 (0) 3 : 0.020 0.320 0.459 0.201
111 111 (0) 3 : 0.027 0.299 0.259 0.414
112 112 (7) 4 : 0.015 0.062 0.233 0.691
113 113 (12) 4 : 0.021 0.229 0.181 0.569
114 114 (12) 4 : 0.024 0.092 0.238 0.645
115 115 (3) 4 : 0.030 0.215 0.295 0.460
116 116 (12) 4 : 0.070 0.354 0.292 0.283
117 117 (13) 4 : 0.022 0.279 0.355 0.344
118 118 (0) 4 : 0.472 0.210 0.170 0.148
119 119 (3) 4 : 0.059 0.192 0.289 0.460
120 120 (0) 4 : 0.027 0.449 0.302 0.222
121 121 (0) 4 : 0.012 0.197 0.189 0.603
122 122 (9) 4 : 0.008 0.300 0.504 0.188
123 123 (9) 4 : 0.010 0.309 0.222 0.458
124 124 (12) 4 : 0.029 0.337 0.326 0.308
125 125 (0) 5 : 0.875 0.033 0.042 0.050
126 126 (0) 5 : 0.024 0.370 0.189 0.416
127 127 (0) 5 : 0.859 0.063 0.042 0.036
128 128 (0) 6 : 0.015 0.459 0.257 0.269
129 129 (0) 6 : 0.006 0.288 0.463 0.242
130 130 (9) 6 : 0.012 0.363 0.379 0.245
131 131 (0) 6 : 0.009 0.374 0.495 0.122
132 132 (0) 6 : 0.017 0.324 0.210 0.449
133 133 (0) 6 : 0.018 0.343 0.568 0.071
134 134 (0) 6 : 0.026 0.231 0.251 0.492
135 135 (0) 6 : 0.038 0.357 0.491 0.114
136 136 (11) 6 : 0.045 0.399 0.470 0.087
137 137 (0) 6 : 0.044 0.303 0.221 0.431
138 138 (0) 6 : 0.132 0.381 0.384 0.103
139 139 (0) 6 : 0.059 0.482 0.279 0.180
140 140 (4) 6 : 0.034 0.314 0.437 0.215
141 141 (0) 6 : 0.027 0.343 0.501 0.129
142 142 (0) 6 : 0.075 0.468 0.338 0.119
143 143 (0) 6 : 0.010 0.357 0.307 0.326
144 144 (0) 6 : 0.062 0.219 0.230 0.489
145 145 (4) 6 : 0.008 0.361 0.306 0.326
146 146 (5) 6 : 0.016 0.368 0.362 0.254
147 147 (0) 6 : 0.013 0.286 0.272 0.429
148 148 (5) 6 : 0.018 0.276 0.379 0.328
149 149 (0) 6 : 0.013 0.346 0.498 0.142
150 150 (0) 6 : 0.033 0.235 0.541 0.192
151 151 (10) 6 : 0.037 0.325 0.491 0.146
152 152 (0) 6 : 0.017 0.346 0.313 0.324
153 153 (0) 6 : 0.009 0.383 0.228 0.380
154 154 (0) 6 : 0.023 0.403 0.362 0.213
155 155 (5) 6 : 0.054 0.302 0.357 0.286
156 156 (0) 6 : 0.115 0.556 0.238 0.092
157 157 (0) 6 : 0.029 0.466 0.378 0.127
158 158 (0) 6 : 0.044 0.472 0.262 0.222
159 159 (10) 6 : 0.020 0.602 0.286 0.093
160 160 (0) 6 : 0.019 0.591 0.289 0.101
161 161 (0) 6 : 0.008 0.297 0.249 0.446
162 162 (0) 6 : 0.015 0.335 0.556 0.095
163 163 (0) 6 : 0.025 0.457 0.192 0.327
164 164 (0) 6 : 0.013 0.070 0.148 0.769
165 165 (0) 6 : 0.011 0.073 0.148 0.769
166 166 (0) 6 : 0.029 0.342 0.177 0.452
167 167 (0) 6 : 0.016 0.247 0.209 0.528
168 168 (0) 6 : 0.046 0.407 0.334 0.212
169 169 (0) 6 : 0.041 0.445 0.256 0.258
170 170 (2) 6 : 0.019 0.383 0.306 0.292
171 171 (0) 6 : 0.103 0.189 0.229 0.479
172 172 (0) 6 : 0.021 0.309 0.407 0.263
173 173 (0) 6 : 0.031 0.344 0.384 0.240
174 174 (0) 6 : 0.050 0.425 0.310 0.215
175 175 (7) 6 : 0.016 0.347 0.242 0.395
176 176 (0) 6 : 0.032 0.270 0.417 0.281
177 177 (10) 6 : 0.104 0.488 0.291 0.117
178 178 (0) 6 : 0.667 0.119 0.109 0.105
179 179 (8) 6 : 0.026 0.419 0.244 0.310
180 180 (0) 6 : 0.012 0.423 0.383 0.182
181 181 (7) 6 : 0.021 0.570 0.302 0.106
182 182 (0) 6 : 0.008 0.163 0.248 0.581
183 183 (0) 6 : 0.025 0.136 0.158 0.680
184 184 (0) 6 : 0.061 0.401 0.353 0.185
185 185 (0) 6 : 0.012 0.393 0.432 0.163
186 186 (2) 6 : 0.029 0.188 0.255 0.528
187 187 (0) 6 : 0.055 0.104 0.144 0.697
188 188 (0) 6 : 0.137 0.271 0.347 0.245
189 189 (3) 6 : 0.037 0.359 0.269 0.335
190 190 (0) 6 : 0.035 0.285 0.445 0.235
191 191 (0) 6 : 0.011 0.364 0.473 0.152
192 192 (0) 6 : 0.390 0.304 0.232 0.074
193 193 (0) 6 : 0.020 0.275 0.529 0.176
194 194 (0) 6 : 0.057 0.263 0.491 0.189
195 195 (0) 6 : 0.059 0.289 0.410 0.242
196 196 (13) 6 : 0.035 0.156 0.723 0.086
197 197 (0) 6 : 0.026 0.336 0.379 0.259
198 198 (12) 6 : 0.097 0.408 0.320 0.174
199 199 (0) 6 : 0.043 0.423 0.324 0.210
200 200 (0) 6 : 0.009 0.436 0.363 0.192
201 201 (8) 6 : 0.013 0.160 0.729 0.099
202 202 (0) 6 : 0.031 0.139 0.727 0.103
203 203 (0) 6 : 0.013 0.429 0.410 0.148
204 204 (0) 6 : 0.057 0.306 0.485 0.151
205 205 (0) 6 : 0.036 0.330 0.536 0.098
206 206 (0) 6 : 0.035 0.300 0.332 0.332
207 207 (14) 6 : 0.016 0.305 0.421 0.258
208 208 (0) 6 : 0.115 0.362 0.321 0.201
209 209 (0) 6 : 0.018 0.322 0.426 0.234
210 210 (0) 6 : 0.011 0.291 0.488 0.210
211 211 (14) 6 : 0.016 0.312 0.495 0.178
212 212 (0) 6 : 0.115 0.217 0.419 0.248
213 213 (7) 6 : 0.046 0.161 0.696 0.097
214 214 (0) 6 : 0.017 0.668 0.230 0.085
215 215 (0) 6 : 0.043 0.169 0.284 0.504
216 216 (0) 6 : 0.013 0.421 0.453 0.113
217 217 (5) 6 : 0.019 0.410 0.449 0.122
218 218 (0) 6 : 0.072 0.334 0.438 0.157
219 219 (0) 2 : 0.892 0.038 0.035 0.035
220 220 (0) 2 : 0.969 0.010 0.010 0.011
221 221 (0) 2 : 0.927 0.023 0.021 0.030
222 222 (0) 2 : 0.821 0.061 0.058 0.060
223 223 (0) 2 : 0.902 0.038 0.032 0.028
224 224 (0) 2 : 0.973 0.009 0.009 0.010
225 225 (0) 2 : 0.682 0.141 0.097 0.081
226 226 (0) 2 : 0.988 0.004 0.004 0.004
227 227 (0) 2 : 0.806 0.073 0.074 0.047
1 1 (0) 1 : 0.090 0.439 0.459 0.011
2 2 (1) 1 : 0.100 0.439 0.338 0.123
3 3 (0) 1 : 0.121 0.443 0.385 0.051
4 4 (0) 2 : 0.062 0.096 0.085 0.757
5 5 (0) 2 : 0.216 0.419 0.350 0.015
6 6 (0) 2 : 0.043 0.108 0.083 0.766
7 7 (0) 2 : 0.021 0.034 0.031 0.914
8 8 (0) 2 : 0.008 0.011 0.009 0.972
9 9 (0) 2 : 0.047 0.071 0.066 0.817
10 10 (0) 2 : 0.011 0.015 0.014 0.960
11 11 (0) 2 : 0.014 0.021 0.017 0.947
12 12 (0) 2 : 0.055 0.051 0.058 0.836
13 13 (0) 2 : 0.022 0.027 0.024 0.927
14 14 (0) 2 : 0.048 0.038 0.032 0.882
15 15 (0) 2 : 0.094 0.205 0.130 0.571
16 16 (0) 2 : 0.017 0.013 0.016 0.954
17 17 (0) 2 : 0.059 0.078 0.055 0.808
18 18 (0) 2 : 0.026 0.032 0.025 0.916
19 19 (0) 2 : 0.025 0.026 0.035 0.914
20 20 (0) 2 : 0.108 0.120 0.109 0.663
21 21 (9) 2 : 0.030 0.065 0.049 0.856
22 22 (0) 2 : 0.221 0.310 0.234 0.235
23 23 (0) 2 : 0.021 0.049 0.035 0.895
24 24 (0) 2 : 0.012 0.015 0.014 0.958
25 25 (0) 2 : 0.083 0.177 0.191 0.549
26 26 (0) 2 : 0.039 0.026 0.022 0.913
27 27 (0) 2 : 0.034 0.053 0.052 0.860
28 28 (0) 2 : 0.009 0.009 0.009 0.972
29 29 (0) 2 : 0.043 0.045 0.028 0.884
30 30 (0) 2 : 0.288 0.203 0.172 0.337
31 31 (0) 2 : 0.012 0.017 0.012 0.959
32 32 (0) 2 : 0.013 0.070 0.017 0.899
33 33 (0) 2 : 0.041 0.027 0.022 0.910
34 34 (0) 2 : 0.068 0.093 0.085 0.754
35 35 (0) 2 : 0.017 0.077 0.021 0.884
36 36 (5) 2 : 0.015 0.014 0.015 0.957
37 37 (0) 2 : 0.011 0.014 0.013 0.963
38 38 (0) 2 : 0.042 0.059 0.036 0.863
39 39 (0) 2 : 0.018 0.013 0.013 0.956
40 40 (0) 2 : 0.009 0.017 0.016 0.958
41 41 (0) 2 : 0.217 0.251 0.177 0.355
42 42 (0) 2 : 0.017 0.027 0.020 0.936
43 43 (0) 2 : 0.043 0.078 0.041 0.838
44 44 (0) 2 : 0.032 0.058 0.061 0.849
45 45 (0) 2 : 0.054 0.107 0.053 0.786
46 46 (0) 2 : 0.011 0.018 0.010 0.960
47 47 (4) 2 : 0.222 0.285 0.212 0.280
48 48 (0) 2 : 0.118 0.169 0.129 0.584
49 49 (1) 2 : 0.548 0.138 0.133 0.181
50 50 (0) 2 : 0.033 0.057 0.041 0.869
51 51 (0) 2 : 0.014 0.014 0.015 0.958
52 52 (0) 2 : 0.031 0.025 0.022 0.922
53 53 (0) 2 : 0.174 0.157 0.110 0.559
54 54 (0) 2 : 0.010 0.010 0.008 0.972
55 55 (0) 2 : 0.023 0.028 0.026 0.923
56 56 (0) 2 : 0.021 0.056 0.035 0.888
57 57 (0) 2 : 0.242 0.205 0.175 0.379
58 58 (0) 2 : 0.026 0.022 0.024 0.929
59 59 (0) 2 : 0.039 0.046 0.022 0.893
60 60 (0) 2 : 0.014 0.023 0.016 0.947
61 61 (0) 2 : 0.034 0.078 0.066 0.823
62 62 (1) 2 : 0.012 0.016 0.017 0.955
63 63 (0) 3 : 0.100 0.416 0.436 0.048
64 64 (0) 3 : 0.264 0.354 0.376 0.007
65 65 (0) 3 : 0.233 0.352 0.402 0.012
66 66 (0) 3 : 0.085 0.430 0.422 0.064
67 67 (0) 3 : 0.205 0.428 0.322 0.045
68 68 (0) 3 : 0.483 0.237 0.261 0.018
69 69 (0) 3 : 0.798 0.073 0.116 0.014
70 70 (0) 3 : 0.838 0.059 0.078 0.026
71 71 (0) 3 : 0.420 0.271 0.233 0.076
72 72 (8) 3 : 0.686 0.142 0.160 0.013
73 73 (0) 3 : 0.113 0.518 0.337 0.032
74 74 (0) 3 : 0.074 0.316 0.219 0.391
75 75 (0) 3 : 0.392 0.235 0.224 0.149
76 76 (0) 3 : 0.121 0.462 0.400 0.017
77 77 (0) 3 : 0.661 0.129 0.133 0.078
78 78 (0) 3 : 0.585 0.193 0.192 0.029
79 79 (0) 3 : 0.563 0.170 0.256 0.010
80 80 (0) 3 : 0.384 0.276 0.262 0.078
81 81 (0) 3 : 0.197 0.398 0.351 0.054
82 82 (0) 3 : 0.658 0.122 0.205 0.015
83 83 (0) 3 : 0.220 0.463 0.270 0.047
84 84 (0) 3 : 0.469 0.249 0.245 0.036
85 85 (0) 3 : 0.281 0.306 0.259 0.154
86 86 (0) 3 : 0.451 0.240 0.219 0.090
87 87 (0) 3 : 0.136 0.422 0.403 0.039
88 88 (0) 3 : 0.520 0.273 0.189 0.019
89 89 (0) 3 : 0.492 0.215 0.285 0.008
90 90 (0) 3 : 0.163 0.266 0.220 0.351
91 91 (0) 3 : 0.241 0.328 0.354 0.077
92 92 (0) 3 : 0.451 0.238 0.297 0.013
93 93 (0) 3 : 0.249 0.417 0.308 0.026
94 94 (0) 3 : 0.323 0.398 0.238 0.041
95 95 (0) 3 : 0.503 0.269 0.181 0.048
96 96 (0) 3 : 0.425 0.284 0.245 0.046
97 97 (0) 3 : 0.254 0.384 0.329 0.033
98 98 (0) 3 : 0.553 0.219 0.197 0.031
99 99 (0) 3 : 0.102 0.524 0.327 0.046
100 100 (0) 3 : 0.418 0.257 0.316 0.010
101 101 (0) 3 : 0.175 0.147 0.188 0.490
102 102 (0) 3 : 0.111 0.467 0.394 0.027
103 103 (0) 3 : 0.524 0.217 0.223 0.036
104 104 (0) 3 : 0.369 0.269 0.228 0.134
105 105 (0) 3 : 0.609 0.227 0.132 0.031
106 106 (0) 3 : 0.135 0.422 0.418 0.025
107 107 (0) 3 : 0.288 0.362 0.279 0.071
108 108 (0) 3 : 0.534 0.230 0.211 0.025
109 109 (0) 3 : 0.423 0.194 0.366 0.017
110 110 (0) 3 : 0.198 0.344 0.435 0.023
111 111 (0) 3 : 0.472 0.262 0.234 0.032
112 112 (7) 4 : 0.424 0.199 0.355 0.022
113 113 (12) 4 : 0.533 0.243 0.200 0.025
114 114 (12) 4 : 0.407 0.217 0.347 0.029
115 115 (3) 4 : 0.431 0.223 0.316 0.030
116 116 (12) 4 : 0.312 0.300 0.303 0.085
117 117 (13) 4 : 0.344 0.306 0.328 0.022
118 118 (0) 4 : 0.161 0.180 0.160 0.499
119 119 (3) 4 : 0.446 0.225 0.256 0.073
120 120 (0) 4 : 0.358 0.310 0.299 0.033
121 121 (0) 4 : 0.676 0.151 0.158 0.015
122 122 (9) 4 : 0.164 0.274 0.553 0.009
123 123 (9) 4 : 0.553 0.234 0.201 0.013
124 124 (12) 4 : 0.237 0.339 0.388 0.037
125 125 (0) 5 : 0.044 0.035 0.039 0.882
126 126 (0) 5 : 0.579 0.259 0.136 0.025
127 127 (0) 5 : 0.029 0.063 0.045 0.863
128 128 (0) 6 : 0.317 0.349 0.317 0.017
129 129 (0) 6 : 0.209 0.235 0.549 0.007
130 130 (9) 6 : 0.242 0.338 0.409 0.010
131 131 (0) 6 : 0.079 0.337 0.576 0.007
132 132 (0) 6 : 0.606 0.157 0.220 0.016
133 133 (0) 6 : 0.059 0.436 0.487 0.017
134 134 (0) 6 : 0.497 0.278 0.195 0.031
135 135 (0) 6 : 0.109 0.439 0.411 0.041
136 136 (11) 6 : 0.094 0.534 0.318 0.054
137 137 (0) 6 : 0.371 0.283 0.295 0.052
138 138 (0) 6 : 0.115 0.446 0.279 0.160
139 139 (0) 6 : 0.197 0.388 0.341 0.074
140 140 (4) 6 : 0.194 0.425 0.349 0.032
141 141 (0) 6 : 0.085 0.418 0.467 0.030
142 142 (0) 6 : 0.074 0.467 0.379 0.081
143 143 (0) 6 : 0.606 0.188 0.197 0.009
144 144 (0) 6 : 0.598 0.176 0.156 0.069
145 145 (4) 6 : 0.605 0.196 0.193 0.007
146 146 (5) 6 : 0.479 0.250 0.251 0.020
147 147 (0) 6 : 0.430 0.250 0.308 0.013
148 148 (5) 6 : 0.364 0.284 0.329 0.022
149 149 (0) 6 : 0.124 0.395 0.461 0.019
150 150 (0) 6 : 0.130 0.418 0.419 0.032
151 151 (10) 6 : 0.140 0.405 0.424 0.031
152 152 (0) 6 : 0.383 0.257 0.342 0.018
153 153 (0) 6 : 0.450 0.240 0.300 0.009
154 154 (0) 6 : 0.249 0.419 0.304 0.028
155 155 (5) 6 : 0.290 0.329 0.327 0.054
156 156 (0) 6 : 0.131 0.400 0.341 0.128
157 157 (0) 6 : 0.131 0.403 0.430 0.036
158 158 (0) 6 : 0.318 0.403 0.223 0.056
159 159 (10) 6 : 0.079 0.528 0.364 0.029
160 160 (0) 6 : 0.088 0.519 0.365 0.028
161 161 (0) 6 : 0.554 0.176 0.262 0.008
162 162 (0) 6 : 0.069 0.459 0.454 0.017
163 163 (0) 6 : 0.404 0.351 0.218 0.027
164 164 (0) 6 : 0.829 0.046 0.113 0.012
165 165 (0) 6 : 0.829 0.045 0.114 0.012
166 166 (0) 6 : 0.372 0.288 0.300 0.040
167 167 (0) 6 : 0.710 0.117 0.155 0.018
168 168 (0) 6 : 0.197 0.350 0.400 0.052
169 169 (0) 6 : 0.337 0.369 0.253 0.042
170 170 (2) 6 : 0.257 0.353 0.367 0.023
171 171 (0) 6 : 0.537 0.185 0.194 0.084
172 172 (0) 6 : 0.316 0.310 0.351 0.023
173 173 (0) 6 : 0.263 0.339 0.361 0.037
174 174 (0) 6 : 0.142 0.401 0.409 0.048
175 175 (7) 6 : 0.340 0.322 0.319 0.019
176 176 (0) 6 : 0.234 0.392 0.340 0.034
177 177 (10) 6 : 0.106 0.507 0.285 0.102
178 178 (0) 6 : 0.098 0.125 0.109 0.668
179 179 (8) 6 : 0.218 0.359 0.401 0.022
180 180 (0) 6 : 0.140 0.414 0.435 0.011
181 181 (7) 6 : 0.098 0.573 0.302 0.027
182 182 (0) 6 : 0.656 0.154 0.183 0.007
183 183 (0) 6 : 0.758 0.097 0.119 0.026
184 184 (0) 6 : 0.146 0.385 0.399 0.070
185 185 (0) 6 : 0.092 0.419 0.476 0.013
186 186 (2) 6 : 0.659 0.148 0.168 0.025
187 187 (0) 6 : 0.633 0.114 0.192 0.060
188 188 (0) 6 : 0.245 0.319 0.295 0.141
189 189 (3) 6 : 0.297 0.311 0.346 0.046
190 190 (0) 6 : 0.255 0.335 0.382 0.029
191 191 (0) 6 : 0.109 0.356 0.523 0.011
192 192 (0) 6 : 0.059 0.343 0.197 0.402
193 193 (0) 6 : 0.183 0.436 0.363 0.019
194 194 (0) 6 : 0.215 0.283 0.429 0.074
195 195 (0) 6 : 0.305 0.319 0.310 0.065
196 196 (13) 6 : 0.036 0.524 0.404 0.036
197 197 (0) 6 : 0.409 0.319 0.244 0.028
198 198 (12) 6 : 0.132 0.446 0.335 0.087
199 199 (0) 6 : 0.177 0.343 0.431 0.048
200 200 (0) 6 : 0.266 0.364 0.359 0.011
201 201 (8) 6 : 0.047 0.528 0.412 0.013
202 202 (0) 6 : 0.048 0.531 0.391 0.029
203 203 (0) 6 : 0.170 0.387 0.426 0.017
204 204 (0) 6 : 0.117 0.361 0.448 0.074
205 205 (0) 6 : 0.104 0.513 0.356 0.027
206 206 (0) 6 : 0.280 0.324 0.357 0.039
207 207 (14) 6 : 0.233 0.374 0.371 0.022
208 208 (0) 6 : 0.188 0.328 0.353 0.131
209 209 (0) 6 : 0.125 0.370 0.491 0.014
210 210 (0) 6 : 0.136 0.363 0.489 0.013
211 211 (14) 6 : 0.168 0.327 0.488 0.017
212 212 (0) 6 : 0.251 0.337 0.306 0.106
213 213 (7) 6 : 0.059 0.498 0.397 0.046
214 214 (0) 6 : 0.105 0.419 0.454 0.022
215 215 (0) 6 : 0.452 0.216 0.275 0.056
216 216 (0) 6 : 0.081 0.332 0.574 0.014
217 217 (5) 6 : 0.080 0.338 0.563 0.019
218 218 (0) 6 : 0.176 0.434 0.316 0.075
219 219 (0) 2 : 0.033 0.041 0.037 0.889
220 220 (0) 2 : 0.011 0.010 0.009 0.970
221 221 (0) 2 : 0.033 0.032 0.025 0.910
222 222 (0) 2 : 0.061 0.054 0.060 0.825
223 223 (0) 2 : 0.029 0.039 0.032 0.900
224 224 (0) 2 : 0.010 0.011 0.009 0.970
225 225 (0) 2 : 0.085 0.138 0.127 0.649
226 226 (0) 2 : 0.006 0.005 0.005 0.984
227 227 (0) 2 : 0.053 0.073 0.075 0.799
1 1 (0) 1 : 0.008 0.505 0.153 0.335
2 2 (1) 1 : 0.147 0.358 0.121 0.374
3 3 (0) 1 : 0.047 0.444 0.128 0.381
4 4 (0) 2 : 0.788 0.075 0.058 0.079
5 5 (0) 2 : 0.018 0.398 0.256 0.327
6 6 (0) 2 : 0.784 0.074 0.048 0.094
7 7 (0) 2 : 0.921 0.023 0.030 0.026
8 8 (0) 2 : 0.969 0.011 0.011 0.009
9 9 (0) 2 : 0.830 0.061 0.047 0.062
10 10 (0) 2 : 0.962 0.014 0.014 0.011
11 11 (0) 2 : 0.943 0.022 0.014 0.022
12 12 (0) 2 : 0.843 0.045 0.077 0.035
13 13 (0) 2 : 0.929 0.022 0.027 0.022
14 14 (0) 2 : 0.900 0.032 0.039 0.029
15 15 (0) 2 : 0.594 0.155 0.113 0.138
16 16 (0) 2 : 0.959 0.015 0.013 0.013
17 17 (0) 2 : 0.802 0.064 0.071 0.063
18 18 (0) 2 : 0.922 0.021 0.033 0.024
19 19 (0) 2 : 0.915 0.023 0.031 0.031
20 20 (0) 2 : 0.680 0.085 0.139 0.095
21 21 (9) 2 : 0.868 0.047 0.034 0.051
22 22 (0) 2 : 0.209 0.375 0.115 0.301
23 23 (0) 2 : 0.898 0.042 0.014 0.046
24 24 (0) 2 : 0.960 0.013 0.011 0.017
25 25 (0) 2 : 0.620 0.090 0.153 0.137
26 26 (0) 2 : 0.907 0.026 0.044 0.022
27 27 (0) 2 : 0.858 0.033 0.062 0.048
28 28 (0) 2 : 0.967 0.010 0.009 0.014
29 29 (0) 2 : 0.887 0.031 0.051 0.031
30 30 (0) 2 : 0.328 0.212 0.183 0.277
31 31 (0) 2 : 0.961 0.013 0.013 0.013
32 32 (0) 2 : 0.941 0.028 0.016 0.016
33 33 (0) 2 : 0.903 0.027 0.046 0.024
34 34 (0) 2 : 0.703 0.140 0.061 0.096
35 35 (0) 2 : 0.922 0.032 0.018 0.028
36 36 (5) 2 : 0.956 0.012 0.019 0.012
37 37 (0) 2 : 0.948 0.015 0.025 0.012
38 38 (0) 2 : 0.872 0.052 0.032 0.044
39 39 (0) 2 : 0.953 0.015 0.018 0.014
40 40 (0) 2 : 0.957 0.015 0.010 0.018
41 41 (0) 2 : 0.348 0.238 0.186 0.229
42 42 (0) 2 : 0.937 0.023 0.019 0.021
43 43 (0) 2 : 0.826 0.065 0.044 0.064
44 44 (0) 2 : 0.840 0.076 0.029 0.054
45 45 (0) 2 : 0.727 0.165 0.043 0.065
46 46 (0) 2 : 0.957 0.013 0.014 0.016
47 47 (4) 2 : 0.271 0.287 0.173 0.268
48 48 (0) 2 : 0.533 0.218 0.146 0.103
49 49 (1) 2 : 0.192 0.158 0.518 0.133
50 50 (0) 2 : 0.846 0.065 0.035 0.054
51 51 (0) 2 : 0.958 0.014 0.014 0.014
52 52 (0) 2 : 0.938 0.019 0.029 0.014
53 53 (0) 2 : 0.587 0.127 0.185 0.101
54 54 (0) 2 : 0.971 0.010 0.010 0.009
55 55 (0) 2 : 0.918 0.023 0.037 0.022
56 56 (0) 2 : 0.910 0.030 0.026 0.034
57 57 (0) 2 : 0.346 0.209 0.268 0.177
58 58 (0) 2 : 0.933 0.020 0.021 0.026
59 59 (0) 2 : 0.885 0.041 0.045 0.029
60 60 (0) 2 : 0.950 0.016 0.014 0.020
61 61 (0) 2 : 0.838 0.047 0.040 0.075
62 62 (1) 2 : 0.961 0.011 0.015 0.014
63 63 (0) 3 : 0.053 0.428 0.117 0.403
64 64 (0) 3 : 0.006 0.269 0.317 0.408
65 65 (0) 3 : 0.012 0.319 0.234 0.435
66 66 (0) 3 : 0.096 0.507 0.048 0.349
67 67 (0) 3 : 0.049 0.372 0.169 0.411
68 68 (0) 3 : 0.017 0.197 0.501 0.285
69 69 (0) 3 : 0.014 0.129 0.746 0.112
70 70 (0) 3 : 0.034 0.112 0.790 0.064
71 71 (0) 3 : 0.060 0.210 0.428 0.303
72 72 (8) 3 : 0.009 0.185 0.645 0.160
73 73 (0) 3 : 0.029 0.346 0.065 0.560
74 74 (0) 3 : 0.390 0.249 0.129 0.232
75 75 (0) 3 : 0.145 0.228 0.282 0.344
76 76 (0) 3 : 0.019 0.399 0.120 0.462
77 77 (0) 3 : 0.082 0.157 0.618 0.143
78 78 (0) 3 : 0.023 0.121 0.725 0.131
79 79 (0) 3 : 0.010 0.155 0.737 0.098
80 80 (0) 3 : 0.090 0.323 0.265 0.322
81 81 (0) 3 : 0.057 0.219 0.373 0.351
82 82 (0) 3 : 0.014 0.144 0.712 0.130
83 83 (0) 3 : 0.047 0.586 0.052 0.315
84 84 (0) 3 : 0.041 0.265 0.482 0.212
85 85 (0) 3 : 0.164 0.230 0.400 0.206
86 86 (0) 3 : 0.079 0.191 0.539 0.191
87 87 (0) 3 : 0.040 0.337 0.250 0.373
88 88 (0) 3 : 0.016 0.477 0.198 0.309
89 89 (0) 3 : 0.010 0.196 0.618 0.175
90 90 (0) 3 : 0.335 0.161 0.268 0.236
91 91 (0) 3 : 0.075 0.168 0.487 0.270
92 92 (0) 3 : 0.014 0.172 0.652 0.162
93 93 (0) 3 : 0.027 0.381 0.104 0.487
94 94 (0) 3 : 0.046 0.316 0.317 0.321
95 95 (0) 3 : 0.037 0.244 0.470 0.249
96 96 (0) 3 : 0.053 0.325 0.447 0.174
97 97 (0) 3 : 0.035 0.269 0.323 0.373
98 98 (0) 3 : 0.025 0.167 0.683 0.126
99 99 (0) 3 : 0.042 0.492 0.047 0.419
100 100 (0) 3 : 0.011 0.288 0.352 0.349
101 101 (0) 3 : 0.458 0.097 0.343 0.101
102 102 (0) 3 : 0.025 0.339 0.144 0.492
103 103 (0) 3 : 0.032 0.122 0.600 0.246
104 104 (0) 3 : 0.145 0.291 0.222 0.342
105 105 (0) 3 : 0.044 0.386 0.324 0.247
106 106 (0) 3 : 0.029 0.405 0.129 0.437
107 107 (0) 3 : 0.068 0.159 0.519 0.254
108 108 (0) 3 : 0.020 0.292 0.348 0.341
109 109 (0) 3 : 0.020 0.012 0.955 0.013
110 110 (0) 3 : 0.019 0.261 0.232 0.488
111 111 (0) 3 : 0.032 0.300 0.458 0.210
112 112 (7) 4 : 0.013 0.011 0.963 0.013
113 113 (12) 4 : 0.020 0.177 0.549 0.254
114 114 (12) 4 : 0.024 0.033 0.914 0.029
115 115 (3) 4 : 0.032 0.199 0.554 0.214
116 116 (12) 4 : 0.094 0.322 0.222 0.361
117 117 (13) 4 : 0.023 0.325 0.422 0.229
118 118 (0) 4 : 0.461 0.134 0.241 0.163
119 119 (3) 4 : 0.045 0.241 0.543 0.171
120 120 (0) 4 : 0.025 0.494 0.183 0.298
121 121 (0) 4 : 0.014 0.224 0.584 0.179
122 122 (9) 4 : 0.008 0.321 0.219 0.452
123 123 (9) 4 : 0.011 0.357 0.409 0.223
124 124 (12) 4 : 0.032 0.279 0.343 0.346
125 125 (0) 5 : 0.874 0.034 0.062 0.031
126 126 (0) 5 : 0.023 0.439 0.310 0.228
127 127 (0) 5 : 0.850 0.062 0.032 0.056
128 128 (0) 6 : 0.014 0.413 0.291 0.281
129 129 (0) 6 : 0.006 0.309 0.235 0.450
130 130 (9) 6 : 0.010 0.262 0.261 0.467
131 131 (0) 6 : 0.008 0.272 0.124 0.596
132 132 (0) 6 : 0.021 0.336 0.283 0.360
133 133 (0) 6 : 0.017 0.363 0.078 0.543
134 134 (0) 6 : 0.024 0.291 0.461 0.224
135 135 (0) 6 : 0.030 0.325 0.145 0.500
136 136 (11) 6 : 0.044 0.412 0.076 0.468
137 137 (0) 6 : 0.053 0.245 0.524 0.179
138 138 (0) 6 : 0.145 0.315 0.104 0.436
139 139 (0) 6 : 0.059 0.432 0.129 0.380
140 140 (4) 6 : 0.028 0.312 0.194 0.467
141 141 (0) 6 : 0.038 0.361 0.084 0.517
142 142 (0) 6 : 0.077 0.254 0.118 0.551
143 143 (0) 6 : 0.012 0.604 0.084 0.300
144 144 (0) 6 : 0.081 0.312 0.386 0.221
145 145 (4) 6 : 0.009 0.597 0.088 0.305
146 146 (5) 6 : 0.015 0.581 0.068 0.336
147 147 (0) 6 : 0.012 0.251 0.473 0.265
148 148 (5) 6 : 0.022 0.375 0.235 0.368
149 149 (0) 6 : 0.015 0.323 0.132 0.529
150 150 (0) 6 : 0.035 0.327 0.204 0.434
151 151 (10) 6 : 0.033 0.366 0.104 0.497
152 152 (0) 6 : 0.018 0.318 0.285 0.378
153 153 (0) 6 : 0.011 0.417 0.363 0.209
154 154 (0) 6 : 0.028 0.356 0.168 0.449
155 155 (5) 6 : 0.061 0.249 0.309 0.381
156 156 (0) 6 : 0.133 0.476 0.074 0.318
157 157 (0) 6 : 0.036 0.478 0.127 0.359
158 158 (0) 6 : 0.059 0.473 0.216 0.251
159 159 (10) 6 : 0.022 0.438 0.100 0.440
160 160 (0) 6 : 0.030 0.418 0.106 0.446
161 161 (0) 6 : 0.007 0.309 0.396 0.287
162 162 (0) 6 : 0.017 0.372 0.065 0.546
163 163 (0) 6 : 0.025 0.433 0.273 0.269
164 164 (0) 6 : 0.011 0.104 0.814 0.070
165 165 (0) 6 : 0.012 0.105 0.813 0.070
166 166 (0) 6 : 0.033 0.280 0.514 0.173
167 167 (0) 6 : 0.014 0.289 0.502 0.195
168 168 (0) 6 : 0.057 0.425 0.164 0.353
169 169 (0) 6 : 0.044 0.350 0.249 0.357
170 170 (2) 6 : 0.027 0.346 0.319 0.309
171 171 (0) 6 : 0.076 0.239 0.474 0.211
172 172 (0) 6 : 0.023 0.300 0.266 0.411
173 173 (0) 6 : 0.026 0.338 0.209 0.427
174 174 (0) 6 : 0.057 0.316 0.214 0.413
175 175 (7) 6 : 0.021 0.238 0.405 0.337
176 176 (0) 6 : 0.027 0.299 0.233 0.442
177 177 (10) 6 : 0.105 0.410 0.062 0.423
178 178 (0) 6 : 0.706 0.081 0.102 0.112
179 179 (8) 6 : 0.019 0.401 0.309 0.272
180 180 (0) 6 : 0.013 0.382 0.120 0.485
181 181 (7) 6 : 0.030 0.494 0.065 0.411
182 182 (0) 6 : 0.010 0.204 0.511 0.276
183 183 (0) 6 : 0.030 0.193 0.636 0.141
184 184 (0) 6 : 0.080 0.249 0.227 0.445
185 185 (0) 6 : 0.013 0.338 0.170 0.479
186 186 (2) 6 : 0.028 0.246 0.537 0.189
187 187 (0) 6 : 0.057 0.069 0.782 0.092
188 188 (0) 6 : 0.123 0.307 0.228 0.342
189 189 (3) 6 : 0.039 0.329 0.387 0.245
190 190 (0) 6 : 0.038 0.349 0.153 0.460
191 191 (0) 6 : 0.010 0.234 0.202 0.555
192 192 (0) 6 : 0.420 0.226 0.071 0.282
193 193 (0) 6 : 0.016 0.325 0.174 0.485
194 194 (0) 6 : 0.064 0.373 0.179 0.384
195 195 (0) 6 : 0.072 0.311 0.211 0.407
196 196 (13) 6 : 0.038 0.426 0.029 0.508
197 197 (0) 6 : 0.031 0.475 0.162 0.332
198 198 (12) 6 : 0.108 0.404 0.161 0.328
199 199 (0) 6 : 0.059 0.310 0.228 0.404
200 200 (0) 6 : 0.009 0.385 0.236 0.370
201 201 (8) 6 : 0.014 0.440 0.027 0.519
202 202 (0) 6 : 0.029 0.413 0.038 0.520
203 203 (0) 6 : 0.019 0.561 0.090 0.330
204 204 (0) 6 : 0.074 0.458 0.067 0.401
205 205 (0) 6 : 0.033 0.340 0.077 0.550
206 206 (0) 6 : 0.034 0.348 0.239 0.379
207 207 (14) 6 : 0.024 0.321 0.178 0.477
208 208 (0) 6 : 0.111 0.300 0.235 0.354
209 209 (0) 6 : 0.018 0.241 0.319 0.422
210 210 (0) 6 : 0.012 0.229 0.251 0.509
211 211 (14) 6 : 0.016 0.369 0.132 0.483
212 212 (0) 6 : 0.113 0.365 0.210 0.312
213 213 (7) 6 : 0.043 0.431 0.032 0.494
214 214 (0) 6 : 0.017 0.561 0.057 0.365
215 215 (0) 6 : 0.055 0.192 0.547 0.206
216 216 (0) 6 : 0.012 0.572 0.016 0.400
217 217 (5) 6 : 0.018 0.576 0.019 0.387
218 218 (0) 6 : 0.096 0.319 0.179 0.406
219 219 (0) 2 : 0.894 0.033 0.033 0.040
220 220 (0) 2 : 0.974 0.012 0.006 0.008
221 221 (0) 2 : 0.903 0.027 0.037 0.034
222 222 (0) 2 : 0.822 0.047 0.070 0.060
223 223 (0) 2 : 0.906 0.040 0.027 0.028
224 224 (0) 2 : 0.972 0.008 0.010 0.010
225 225 (0) 2 : 0.630 0.165 0.088 0.117
226 226 (0) 2 : 0.983 0.006 0.006 0.005
227 227 (0) 2 : 0.801 0.082 0.038 0.078
1 1 (0) 1 : 0.405 0.122 0.463 0.010
2 2 (1) 1 : 0.368 0.182 0.328 0.122
3 3 (0) 1 : 0.366 0.153 0.435 0.047
4 4 (0) 2 : 0.095 0.054 0.086 0.765
5 5 (0) 2 : 0.370 0.236 0.379 0.016
6 6 (0) 2 : 0.100 0.048 0.095 0.758
7 7 (0) 2 : 0.029 0.021 0.030 0.920
8 8 (0) 2 : 0.012 0.008 0.008 0.973
9 9 (0) 2 : 0.077 0.049 0.052 0.822
10 10 (0) 2 : 0.017 0.014 0.014 0.955
11 11 (0) 2 : 0.018 0.019 0.021 0.943
12 12 (0) 2 : 0.070 0.042 0.062 0.826
13 13 (0) 2 : 0.023 0.016 0.028 0.932
14 14 (0) 2 : 0.040 0.035 0.032 0.894
15 15 (0) 2 : 0.155 0.124 0.162 0.558
16 16 (0) 2 : 0.017 0.012 0.017 0.954
17 17 (0) 2 : 0.064 0.068 0.045 0.823
18 18 (0) 2 : 0.033 0.028 0.028 0.911
19 19 (0) 2 : 0.039 0.023 0.028 0.910
20 20 (0) 2 : 0.139 0.081 0.130 0.651
21 21 (9) 2 : 0.048 0.039 0.041 0.873
22 22 (0) 2 : 0.290 0.244 0.271 0.195
23 23 (0) 2 : 0.032 0.017 0.039 0.912
24 24 (0) 2 : 0.013 0.013 0.017 0.957
25 25 (0) 2 : 0.165 0.097 0.163 0.574
26 26 (0) 2 : 0.027 0.033 0.024 0.916
27 27 (0) 2 : 0.047 0.032 0.046 0.875
28 28 (0) 2 : 0.013 0.010 0.009 0.968
29 29 (0) 2 : 0.036 0.041 0.038 0.884
30 30 (0) 2 : 0.193 0.281 0.189 0.337
31 31 (0) 2 : 0.014 0.011 0.015 0.960
32 32 (0) 2 : 0.017 0.026 0.021 0.936
33 33 (0) 2 : 0.031 0.027 0.024 0.919
34 34 (0) 2 : 0.103 0.078 0.094 0.725
35 35 (0) 2 : 0.026 0.032 0.030 0.912
36 36 (5) 2 : 0.015 0.021 0.013 0.951
37 37 (0) 2 : 0.016 0.017 0.018 0.949
38 38 (0) 2 : 0.037 0.047 0.053 0.863
39 39 (0) 2 : 0.012 0.022 0.014 0.952
40 40 (0) 2 : 0.015 0.015 0.016 0.954
41 41 (0) 2 : 0.203 0.223 0.209 0.365
42 42 (0) 2 : 0.028 0.016 0.020 0.935
43 43 (0) 2 : 0.038 0.069 0.051 0.842
44 44 (0) 2 : 0.074 0.036 0.048 0.842
45 45 (0) 2 : 0.074 0.065 0.080 0.780
46 46 (0) 2 : 0.012 0.009 0.015 0.964
47 47 (4) 2 : 0.212 0.277 0.224 0.286
48 48 (0) 2 : 0.182 0.134 0.137 0.547
49 49 (1) 2 : 0.194 0.497 0.130 0.178
50 50 (0) 2 : 0.041 0.046 0.040 0.873
51 51 (0) 2 : 0.015 0.014 0.011 0.959
52 52 (0) 2 : 0.019 0.023 0.023 0.936
53 53 (0) 2 : 0.133 0.229 0.119 0.519
54 54 (0) 2 : 0.011 0.013 0.010 0.966
55 55 (0) 2 : 0.029 0.026 0.023 0.922
56 56 (0) 2 : 0.050 0.030 0.048 0.873
57 57 (0) 2 : 0.221 0.232 0.200 0.347
58 58 (0) 2 : 0.022 0.016 0.025 0.938
59 59 (0) 2 : 0.040 0.040 0.033 0.887
60 60 (0) 2 : 0.020 0.012 0.020 0.949
61 61 (0) 2 : 0.064 0.034 0.067 0.835
62 62 (1) 2 : 0.016 0.011 0.012 0.961
63 63 (0) 3 : 0.412 0.127 0.419 0.043
64 64 (0) 3 : 0.312 0.322 0.359 0.007
65 65 (0) 3 : 0.364 0.209 0.415 0.011
66 66 (0) 3 : 0.417 0.091 0.425 0.068
67 67 (0) 3 : 0.353 0.250 0.355 0.042
68 68 (0) 3 : 0.319 0.448 0.213 0.020
69 69 (0) 3 : 0.163 0.724 0.101 0.012
70 70 (0) 3 : 0.168 0.705 0.094 0.032
71 71 (0) 3 : 0.303 0.370 0.268 0.060
72 72 (8) 3 : 0.233 0.604 0.154 0.009
73 73 (0) 3 : 0.348 0.218 0.405 0.029
74 74 (0) 3 : 0.299 0.101 0.247 0.352
75 75 (0) 3 : 0.240 0.386 0.255 0.119
76 76 (0) 3 : 0.339 0.197 0.447 0.017
77 77 (0) 3 : 0.199 0.592 0.128 0.081
78 78 (0) 3 : 0.316 0.482 0.181 0.021
79 79 (0) 3 : 0.269 0.534 0.186 0.010
80 80 (0) 3 : 0.272 0.390 0.257 0.081
81 81 (0) 3 : 0.389 0.211 0.359 0.041
82 82 (0) 3 : 0.258 0.555 0.175 0.012
83 83 (0) 3 : 0.286 0.283 0.383 0.048
84 84 (0) 3 : 0.363 0.369 0.234 0.034
85 85 (0) 3 : 0.344 0.259 0.263 0.134
86 86 (0) 3 : 0.309 0.347 0.273 0.071
87 87 (0) 3 : 0.360 0.206 0.403 0.031
88 88 (0) 3 : 0.150 0.628 0.205 0.017
89 89 (0) 3 : 0.281 0.400 0.312 0.007
90 90 (0) 3 : 0.308 0.157 0.225 0.309
91 91 (0) 3 : 0.385 0.230 0.318 0.067
92 92 (0) 3 : 0.274 0.502 0.212 0.012
93 93 (0) 3 : 0.270 0.342 0.360 0.028
94 94 (0) 3 : 0.341 0.278 0.343 0.038
95 95 (0) 3 : 0.328 0.394 0.241 0.037
96 96 (0) 3 : 0.217 0.548 0.189 0.046
97 97 (0) 3 : 0.347 0.299 0.322 0.032
98 98 (0) 3 : 0.232 0.557 0.187 0.023
99 99 (0) 3 : 0.401 0.109 0.443 0.047
100 100 (0) 3 : 0.289 0.475 0.228 0.008
101 101 (0) 3 : 0.246 0.122 0.163 0.468
102 102 (0) 3 : 0.373 0.130 0.475 0.022
103 103 (0) 3 : 0.241 0.522 0.199 0.039
104 104 (0) 3 : 0.267 0.362 0.225 0.145
105 105 (0) 3 : 0.188 0.546 0.230 0.036
106 106 (0) 3 : 0.399 0.182 0.394 0.025
107 107 (0) 3 : 0.409 0.241 0.284 0.066
108 108 (0) 3 : 0.275 0.463 0.236 0.026
109 109 (0) 3 : 0.483 0.211 0.285 0.021
110 110 (0) 3 : 0.392 0.228 0.359 0.020
111 111 (0) 3 : 0.275 0.436 0.259 0.030
112 112 (7) 4 : 0.472 0.209 0.298 0.021
113 113 (12) 4 : 0.236 0.572 0.173 0.020
114 114 (12) 4 : 0.476 0.225 0.272 0.027
115 115 (3) 4 : 0.254 0.507 0.212 0.027
116 116 (12) 4 : 0.274 0.333 0.307 0.087
117 117 (13) 4 : 0.233 0.402 0.342 0.023
118 118 (0) 4 : 0.157 0.224 0.163 0.456
119 119 (3) 4 : 0.196 0.514 0.240 0.049
120 120 (0) 4 : 0.219 0.492 0.262 0.027
121 121 (0) 4 : 0.193 0.661 0.135 0.011
122 122 (9) 4 : 0.320 0.216 0.457 0.007
123 123 (9) 4 : 0.146 0.618 0.224 0.011
124 124 (12) 4 : 0.343 0.314 0.312 0.032
125 125 (0) 5 : 0.038 0.048 0.037 0.876
126 126 (0) 5 : 0.141 0.669 0.169 0.021
127 127 (0) 5 : 0.056 0.041 0.055 0.848
128 128 (0) 6 : 0.335 0.321 0.324 0.020
129 129 (0) 6 : 0.322 0.239 0.433 0.007
130 130 (9) 6 : 0.340 0.268 0.381 0.011
131 131 (0) 6 : 0.331 0.148 0.513 0.008
132 132 (0) 6 : 0.178 0.618 0.189 0.015
133 133 (0) 6 : 0.388 0.132 0.463 0.017
134 134 (0) 6 : 0.326 0.426 0.224 0.025
135 135 (0) 6 : 0.430 0.157 0.384 0.028
136 136 (11) 6 : 0.388 0.156 0.407 0.049
137 137 (0) 6 : 0.334 0.353 0.260 0.052
138 138 (0) 6 : 0.351 0.140 0.359 0.149
139 139 (0) 6 : 0.317 0.265 0.349 0.068
140 140 (4) 6 : 0.395 0.241 0.335 0.028
141 141 (0) 6 : 0.368 0.153 0.447 0.033
142 142 (0) 6 : 0.374 0.116 0.442 0.068
143 143 (0) 6 : 0.118 0.652 0.220 0.011
144 144 (0) 6 : 0.219 0.535 0.171 0.076
145 145 (4) 6 : 0.122 0.645 0.224 0.009
146 146 (5) 6 : 0.195 0.501 0.285 0.019
147 147 (0) 6 : 0.305 0.426 0.256 0.013
148 148 (5) 6 : 0.340 0.300 0.341 0.018
149 149 (0) 6 : 0.383 0.138 0.464 0.015
150 150 (0) 6 : 0.425 0.142 0.402 0.031
151 151 (10) 6 : 0.376 0.165 0.431 0.027
152 152 (0) 6 : 0.236 0.461 0.289 0.015
153 153 (0) 6 : 0.211 0.547 0.231 0.011
154 154 (0) 6 : 0.304 0.296 0.373 0.027
155 155 (5) 6 : 0.314 0.349 0.287 0.051
156 156 (0) 6 : 0.360 0.159 0.337 0.144
157 157 (0) 6 : 0.356 0.157 0.454 0.033
158 158 (0) 6 : 0.249 0.343 0.347 0.061
159 159 (10) 6 : 0.322 0.166 0.484 0.029
160 160 (0) 6 : 0.329 0.177 0.466 0.028
161 161 (0) 6 : 0.242 0.577 0.174 0.007
162 162 (0) 6 : 0.352 0.167 0.461 0.019
163 163 (0) 6 : 0.252 0.442 0.281 0.025
164 164 (0) 6 : 0.241 0.680 0.067 0.012
165 165 (0) 6 : 0.235 0.678 0.073 0.013
166 166 (0) 6 : 0.321 0.347 0.297 0.035
167 167 (0) 6 : 0.205 0.610 0.166 0.019
168 168 (0) 6 : 0.347 0.226 0.376 0.051
169 169 (0) 6 : 0.291 0.361 0.305 0.042
170 170 (2) 6 : 0.322 0.273 0.386 0.020
171 171 (0) 6 : 0.217 0.489 0.205 0.089
172 172 (0) 6 : 0.292 0.335 0.356 0.017
173 173 (0) 6 : 0.327 0.286 0.353 0.033
174 174 (0) 6 : 0.359 0.208 0.380 0.053
175 175 (7) 6 : 0.313 0.385 0.284 0.018
176 176 (0) 6 : 0.389 0.223 0.359 0.029
177 177 (10) 6 : 0.327 0.175 0.393 0.105
178 178 (0) 6 : 0.137 0.063 0.118 0.681
179 179 (8) 6 : 0.373 0.244 0.363 0.020
180 180 (0) 6 : 0.336 0.262 0.389 0.013
181 181 (7) 6 : 0.355 0.178 0.440 0.027
182 182 (0) 6 : 0.205 0.633 0.153 0.009
183 183 (0) 6 : 0.165 0.670 0.135 0.030
184 184 (0) 6 : 0.314 0.219 0.405 0.063
185 185 (0) 6 : 0.385 0.122 0.481 0.013
186 186 (2) 6 : 0.227 0.579 0.170 0.023
187 187 (0) 6 : 0.266 0.507 0.155 0.072
188 188 (0) 6 : 0.288 0.287 0.290 0.135
189 189 (3) 6 : 0.344 0.294 0.321 0.041
190 190 (0) 6 : 0.326 0.249 0.393 0.032
191 191 (0) 6 : 0.365 0.203 0.421 0.011
192 192 (0) 6 : 0.240 0.114 0.278 0.368
193 193 (0) 6 : 0.374 0.189 0.418 0.019
194 194 (0) 6 : 0.362 0.197 0.366 0.075
195 195 (0) 6 : 0.292 0.337 0.292 0.078
196 196 (13) 6 : 0.434 0.066 0.460 0.040
197 197 (0) 6 : 0.262 0.460 0.246 0.032
198 198 (12) 6 : 0.359 0.198 0.347 0.097
199 199 (0) 6 : 0.350 0.210 0.404 0.037
200 200 (0) 6 : 0.330 0.284 0.375 0.010
201 201 (8) 6 : 0.444 0.089 0.453 0.014
202 202 (0) 6 : 0.414 0.086 0.464 0.035
203 203 (0) 6 : 0.385 0.164 0.436 0.015
204 204 (0) 6 : 0.343 0.147 0.434 0.075
205 205 (0) 6 : 0.370 0.158 0.439 0.033
206 206 (0) 6 : 0.303 0.351 0.317 0.029
207 207 (14) 6 : 0.343 0.279 0.358 0.021
208 208 (0) 6 : 0.353 0.171 0.348 0.128
209 209 (0) 6 : 0.381 0.186 0.416 0.017
210 210 (0) 6 : 0.348 0.229 0.411 0.011
211 211 (14) 6 : 0.361 0.181 0.439 0.019
212 212 (0) 6 : 0.392 0.204 0.297 0.107
213 213 (7) 6 : 0.448 0.081 0.430 0.041
214 214 (0) 6 : 0.425 0.132 0.425 0.018
215 215 (0) 6 : 0.268 0.439 0.238 0.054
216 216 (0) 6 : 0.360 0.071 0.551 0.018
217 217 (5) 6 : 0.346 0.070 0.562 0.021
218 218 (0) 6 : 0.362 0.162 0.397 0.080
219 219 (0) 2 : 0.040 0.044 0.031 0.884
220 220 (0) 2 : 0.008 0.011 0.009 0.972
221 221 (0) 2 : 0.029 0.031 0.031 0.909
222 222 (0) 2 : 0.063 0.071 0.063 0.803
223 223 (0) 2 : 0.038 0.029 0.040 0.893
224 224 (0) 2 : 0.010 0.011 0.010 0.969
225 225 (0) 2 : 0.135 0.107 0.134 0.623
226 226 (0) 2 : 0.005 0.005 0.006 0.984
227 227 (0) 2 : 0.073 0.079 0.075 0.773
1 1 (0) 1 : 0.409 0.008 0.068 0.514
2 2 (1) 1 : 0.373 0.165 0.109 0.353
3 3 (0) 1 : 0.382 0.062 0.083 0.472
4 4 (0) 2 : 0.067 0.773 0.052 0.108
5 5 (0) 2 : 0.427 0.017 0.130 0.426
6 6 (0) 2 : 0.103 0.752 0.053 0.093
7 7 (0) 2 : 0.030 0.916 0.025 0.029
8 8 (0) 2 : 0.010 0.970 0.009 0.011
9 9 (0) 2 : 0.068 0.819 0.049 0.064
10 10 (0) 2 : 0.015 0.955 0.014 0.016
11 11 (0) 2 : 0.021 0.932 0.018 0.030
12 12 (0) 2 : 0.049 0.827 0.082 0.042
13 13 (0) 2 : 0.017 0.929 0.029 0.025
14 14 (0) 2 : 0.044 0.864 0.056 0.036
15 15 (0) 2 : 0.191 0.550 0.085 0.173
16 16 (0) 2 : 0.018 0.956 0.013 0.013
17 17 (0) 2 : 0.095 0.790 0.055 0.060
18 18 (0) 2 : 0.030 0.911 0.033 0.026
19 19 (0) 2 : 0.029 0.921 0.024 0.026
20 20 (0) 2 : 0.090 0.664 0.141 0.105
21 21 (9) 2 : 0.061 0.857 0.034 0.048
22 22 (0) 2 : 0.273 0.235 0.151 0.341
23 23 (0) 2 : 0.036 0.908 0.014 0.043
24 24 (0) 2 : 0.014 0.960 0.011 0.015
25 25 (0) 2 : 0.147 0.609 0.105 0.138
26 26 (0) 2 : 0.025 0.914 0.036 0.025
27 27 (0) 2 : 0.057 0.853 0.051 0.039
28 28 (0) 2 : 0.010 0.965 0.014 0.011
29 29 (0) 2 : 0.041 0.879 0.044 0.036
30 30 (0) 2 : 0.242 0.367 0.226 0.165
31 31 (0) 2 : 0.013 0.955 0.016 0.017
32 32 (0) 2 : 0.028 0.918 0.015 0.039
33 33 (0) 2 : 0.026 0.889 0.061 0.024
34 34 (0) 2 : 0.104 0.711 0.058 0.127
35 35 (0) 2 : 0.035 0.905 0.015 0.045
36 36 (5) 2 : 0.014 0.952 0.020 0.014
37 37 (0) 2 : 0.017 0.944 0.017 0.022
38 38 (0) 2 : 0.049 0.867 0.037 0.047
39 39 (0) 2 : 0.017 0.947 0.021 0.015
40 40 (0) 2 : 0.014 0.955 0.011 0.020
41 41 (0) 2 : 0.212 0.377 0.190 0.221
42 42 (0) 2 : 0.027 0.929 0.015 0.029
43 43 (0) 2 : 0.070 0.824 0.048 0.059
44 44 (0) 2 : 0.071 0.822 0.032 0.074
45 45 (0) 2 : 0.133 0.720 0.052 0.095
46 46 (0) 2 : 0.013 0.953 0.014 0.020
47 47 (4) 2 : 0.291 0.266 0.178 0.265
48 48 (0) 2 : 0.175 0.514 0.105 0.205
49 49 (1) 2 : 0.164 0.169 0.557 0.110
50 50 (0) 2 : 0.056 0.843 0.031 0.069
51 51 (0) 2 : 0.014 0.953 0.014 0.020
52 52 (0) 2 : 0.019 0.928 0.032 0.021
53 53 (0) 2 : 0.122 0.547 0.209 0.122
54 54 (0) 2 : 0.010 0.971 0.010 0.009
55 55 (0) 2 : 0.027 0.904 0.043 0.025
56 56 (0) 2 : 0.046 0.885 0.025 0.044
57 57 (0) 2 : 0.234 0.329 0.209 0.228
58 58 (0) 2 : 0.021 0.934 0.022 0.023
59 59 (0) 2 : 0.028 0.901 0.039 0.033
60 60 (0) 2 : 0.017 0.944 0.016 0.024
61 61 (0) 2 : 0.065 0.822 0.040 0.073
62 62 (1) 2 : 0.015 0.959 0.014 0.011
63 63 (0) 3 : 0.361 0.055 0.093 0.492
64 64 (0) 3 : 0.426 0.008 0.218 0.348
65 65 (0) 3 : 0.415 0.014 0.224 0.347
66 66 (0) 3 : 0.341 0.088 0.041 0.530
67 67 (0) 3 : 0.358 0.052 0.185 0.405
68 68 (0) 3 : 0.228 0.016 0.597 0.159
69 69 (0) 3 : 0.154 0.015 0.744 0.087
70 70 (0) 3 : 0.061 0.030 0.860 0.049
71 71 (0) 3 : 0.283 0.073 0.439 0.204
72 72 (8) 3 : 0.203 0.011 0.670 0.116
73 73 (0) 3 : 0.411 0.036 0.113 0.440
74 74 (0) 3 : 0.280 0.371 0.066 0.283
75 75 (0) 3 : 0.306 0.136 0.337 0.221
76 76 (0) 3 : 0.417 0.021 0.059 0.503
77 77 (0) 3 : 0.190 0.093 0.639 0.078
78 78 (0) 3 : 0.224 0.024 0.620 0.132
79 79 (0) 3 : 0.181 0.010 0.664 0.146
80 80 (0) 3 : 0.356 0.079 0.269 0.297
81 81 (0) 3 : 0.356 0.060 0.241 0.343
82 82 (0) 3 : 0.137 0.015 0.744 0.104
83 83 (0) 3 : 0.316 0.055 0.144 0.486
84 84 (0) 3 : 0.289 0.042 0.460 0.209
85 85 (0) 3 : 0.272 0.162 0.343 0.223
86 86 (0) 3 : 0.234 0.088 0.532 0.145
87 87 (0) 3 : 0.433 0.041 0.140 0.386
88 88 (0) 3 : 0.353 0.018 0.316 0.312
89 89 (0) 3 : 0.275 0.009 0.488 0.229
90 90 (0) 3 : 0.240 0.356 0.229 0.175
91 91 (0) 3 : 0.281 0.074 0.352 0.293
92 92 (0) 3 : 0.291 0.013 0.479 0.217
93 93 (0) 3 : 0.423 0.026 0.142 0.410
94 94 (0) 3 : 0.370 0.043 0.292 0.296
95 95 (0) 3 : 0.333 0.050 0.432 0.184
96 96 (0) 3 : 0.306 0.052 0.354 0.288
97 97 (0) 3 : 0.410 0.035 0.307 0.249
98 98 (0) 3 : 0.234 0.038 0.596 0.133
99 99 (0) 3 : 0.350 0.043 0.050 0.557
100 100 (0) 3 : 0.308 0.010 0.343 0.339
101 101 (0) 3 : 0.152 0.428 0.289 0.131
102 102 (0) 3 : 0.451 0.036 0.076 0.437
103 103 (0) 3 : 0.297 0.044 0.474 0.184
104 104 (0) 3 : 0.304 0.166 0.293 0.237
105 105 (0) 3 : 0.245 0.041 0.473 0.242
106 106 (0) 3 : 0.401 0.029 0.142 0.427
107 107 (0) 3 : 0.315 0.077 0.361 0.248
108 108 (0) 3 : 0.278 0.024 0.517 0.182
109 109 (0) 3 : 0.167 0.016 0.726 0.092
110 110 (0) 3 : 0.375 0.020 0.283 0.323
111 111 (0) 3 : 0.286 0.037 0.431 0.246
112 112 (7) 4 : 0.178 0.016 0.718 0.089
113 113 (12) 4 : 0.278 0.022 0.493 0.207
114 114 (12) 4 : 0.208 0.029 0.677 0.086
115 115 (3) 4 : 0.294 0.035 0.474 0.197
116 116 (12) 4 : 0.384 0.090 0.219 0.307
117 117 (13) 4 : 0.351 0.031 0.313 0.305
118 118 (0) 4 : 0.242 0.462 0.158 0.138
119 119 (3) 4 : 0.295 0.053 0.453 0.199
120 120 (0) 4 : 0.342 0.023 0.255 0.381
121 121 (0) 4 : 0.274 0.014 0.576 0.136
122 122 (9) 4 : 0.385 0.008 0.146 0.461
123 123 (9) 4 : 0.380 0.012 0.393 0.214
124 124 (12) 4 : 0.410 0.035 0.239 0.317
125 125 (0) 5 : 0.046 0.866 0.055 0.033
126 126 (0) 5 : 0.323 0.026 0.388 0.264
127 127 (0) 5 : 0.058 0.834 0.044 0.065
128 128 (0) 6 : 0.371 0.017 0.208 0.404
129 129 (0) 6 : 0.403 0.007 0.164 0.425
130 130 (9) 6 : 0.409 0.011 0.256 0.323
131 131 (0) 6 : 0.470 0.010 0.143 0.376
132 132 (0) 6 : 0.312 0.018 0.477 0.194
133 133 (0) 6 : 0.390 0.024 0.056 0.530
134 134 (0) 6 : 0.224 0.033 0.543 0.200
135 135 (0) 6 : 0.391 0.037 0.115 0.456
136 136 (11) 6 : 0.400 0.057 0.064 0.478
137 137 (0) 6 : 0.308 0.057 0.390 0.246
138 138 (0) 6 : 0.353 0.129 0.083 0.434
139 139 (0) 6 : 0.394 0.061 0.117 0.427
140 140 (4) 6 : 0.351 0.029 0.243 0.378
141 141 (0) 6 : 0.371 0.038 0.069 0.522
142 142 (0) 6 : 0.429 0.091 0.110 0.370
143 143 (0) 6 : 0.357 0.010 0.352 0.280
144 144 (0) 6 : 0.239 0.072 0.500 0.189
145 145 (4) 6 : 0.354 0.010 0.358 0.277
146 146 (5) 6 : 0.393 0.018 0.270 0.319
147 147 (0) 6 : 0.302 0.012 0.457 0.229
148 148 (5) 6 : 0.324 0.024 0.331 0.321
149 149 (0) 6 : 0.454 0.016 0.139 0.391
150 150 (0) 6 : 0.399 0.043 0.160 0.398
151 151 (10) 6 : 0.406 0.038 0.118 0.438
152 152 (0) 6 : 0.401 0.016 0.293 0.289
153 153 (0) 6 : 0.323 0.010 0.342 0.326
154 154 (0) 6 : 0.359 0.034 0.254 0.352
155 155 (5) 6 : 0.375 0.060 0.305 0.260
156 156 (0) 6 : 0.330 0.145 0.058 0.466
157 157 (0) 6 : 0.390 0.036 0.052 0.522
158 158 (0) 6 : 0.311 0.053 0.185 0.451
159 159 (10) 6 : 0.386 0.030 0.102 0.482
160 160 (0) 6 : 0.387 0.028 0.116 0.468
161 161 (0) 6 : 0.287 0.008 0.508 0.197
162 162 (0) 6 : 0.398 0.019 0.079 0.505
163 163 (0) 6 : 0.324 0.029 0.290 0.358
164 164 (0) 6 : 0.044 0.011 0.926 0.019
165 165 (0) 6 : 0.046 0.010 0.918 0.026
166 166 (0) 6 : 0.259 0.042 0.435 0.265
167 167 (0) 6 : 0.206 0.025 0.625 0.144
168 168 (0) 6 : 0.374 0.059 0.153 0.413
169 169 (0) 6 : 0.332 0.051 0.294 0.324
170 170 (2) 6 : 0.305 0.025 0.250 0.419
171 171 (0) 6 : 0.249 0.102 0.501 0.147
172 172 (0) 6 : 0.382 0.022 0.309 0.287
173 173 (0) 6 : 0.364 0.030 0.255 0.350
174 174 (0) 6 : 0.393 0.057 0.148 0.401
175 175 (7) 6 : 0.363 0.020 0.340 0.277
176 176 (0) 6 : 0.446 0.032 0.206 0.315
177 177 (10) 6 : 0.352 0.104 0.075 0.469
178 178 (0) 6 : 0.107 0.683 0.096 0.114
179 179 (8) 6 : 0.397 0.025 0.222 0.357
180 180 (0) 6 : 0.422 0.011 0.124 0.443
181 181 (7) 6 : 0.390 0.026 0.066 0.519
182 182 (0) 6 : 0.249 0.009 0.614 0.129
183 183 (0) 6 : 0.156 0.030 0.686 0.128
184 184 (0) 6 : 0.404 0.065 0.147 0.385
185 185 (0) 6 : 0.386 0.016 0.112 0.486
186 186 (2) 6 : 0.192 0.033 0.621 0.155
187 187 (0) 6 : 0.100 0.040 0.788 0.072
188 188 (0) 6 : 0.293 0.159 0.287 0.260
189 189 (3) 6 : 0.417 0.044 0.239 0.301
190 190 (0) 6 : 0.426 0.034 0.145 0.395
191 191 (0) 6 : 0.490 0.010 0.195 0.305
192 192 (0) 6 : 0.254 0.424 0.058 0.264
193 193 (0) 6 : 0.358 0.019 0.218 0.406
194 194 (0) 6 : 0.414 0.065 0.149 0.373
195 195 (0) 6 : 0.325 0.068 0.254 0.353
196 196 (13) 6 : 0.376 0.034 0.032 0.558
197 197 (0) 6 : 0.296 0.027 0.250 0.427
198 198 (12) 6 : 0.318 0.112 0.120 0.450
199 199 (0) 6 : 0.442 0.053 0.143 0.362
200 200 (0) 6 : 0.347 0.010 0.186 0.456
201 201 (8) 6 : 0.396 0.015 0.039 0.550
202 202 (0) 6 : 0.390 0.033 0.029 0.548
203 203 (0) 6 : 0.387 0.014 0.106 0.493
204 204 (0) 6 : 0.342 0.072 0.088 0.498
205 205 (0) 6 : 0.465 0.037 0.083 0.414
206 206 (0) 6 : 0.391 0.033 0.233 0.344
207 207 (14) 6 : 0.415 0.023 0.190 0.372
208 208 (0) 6 : 0.333 0.130 0.178 0.359
209 209 (0) 6 : 0.474 0.020 0.220 0.286
210 210 (0) 6 : 0.416 0.014 0.218 0.352
211 211 (14) 6 : 0.412 0.019 0.104 0.465
212 212 (0) 6 : 0.289 0.119 0.281 0.311
213 213 (7) 6 : 0.371 0.050 0.045 0.534
214 214 (0) 6 : 0.320 0.018 0.053 0.609
215 215 (0) 6 : 0.349 0.058 0.425 0.168
216 216 (0) 6 : 0.286 0.014 0.056 0.645
217 217 (5) 6 : 0.307 0.019 0.049 0.624
218 218 (0) 6 : 0.337 0.100 0.207 0.356
219 219 (0) 2 : 0.042 0.872 0.036 0.050
220 220 (0) 2 : 0.011 0.968 0.008 0.013
221 221 (0) 2 : 0.031 0.896 0.035 0.038
222 222 (0) 2 : 0.050 0.832 0.063 0.054
223 223 (0) 2 : 0.033 0.904 0.030 0.034
224 224 (0) 2 : 0.009 0.976 0.009 0.007
225 225 (0) 2 : 0.130 0.604 0.090 0.176
226 226 (0) 2 : 0.006 0.981 0.007 0.006
227 227 (0) 2 : 0.082 0.766 0.046 0.106
1 1 (0) 1 : 0.126 0.192 0.007 0.675
2 2 (1) 1 : 0.187 0.246 0.136 0.431
3 3 (0) 1 : 0.234 0.261 0.045 0.460
4 4 (0) 2 : 0.064 0.060 0.790 0.086
5 5 (0) 2 : 0.243 0.353 0.016 0.388
6 6 (0) 2 : 0.081 0.066 0.765 0.088
7 7 (0) 2 : 0.018 0.024 0.934 0.024
8 8 (0) 2 : 0.008 0.008 0.975 0.009
9 9 (0) 2 : 0.056 0.057 0.822 0.064
10 10 (0) 2 : 0.012 0.012 0.965 0.012
11 11 (0) 2 : 0.013 0.016 0.949 0.022
12 12 (0) 2 : 0.053 0.037 0.846 0.065
13 13 (0) 2 : 0.028 0.020 0.934 0.018
14 14 (0) 2 : 0.038 0.038 0.887 0.038
15 15 (0) 2 : 0.113 0.151 0.539 0.197
16 16 (0) 2 : 0.015 0.017 0.950 0.018
17 17 (0) 2 : 0.049 0.055 0.839 0.057
18 18 (0) 2 : 0.026 0.028 0.920 0.025
19 19 (0) 2 : 0.029 0.025 0.915 0.031
20 20 (0) 2 : 0.121 0.073 0.678 0.128
21 21 (9) 2 : 0.043 0.037 0.868 0.052
22 22 (0) 2 : 0.177 0.274 0.223 0.326
23 23 (0) 2 : 0.023 0.024 0.917 0.037
24 24 (0) 2 : 0.011 0.012 0.960 0.017
25 25 (0) 2 : 0.159 0.083 0.621 0.137
26 26 (0) 2 : 0.027 0.024 0.929 0.021
27 27 (0) 2 : 0.044 0.056 0.858 0.041
28 28 (0) 2 : 0.008 0.011 0.970 0.011
29 29 (0) 2 : 0.041 0.037 0.887 0.035
30 30 (0) 2 : 0.252 0.282 0.284 0.182
31 31 (0) 2 : 0.011 0.010 0.965 0.013
32 32 (0) 2 : 0.020 0.025 0.929 0.026
33 33 (0) 2 : 0.033 0.027 0.919 0.021
34 34 (0) 2 : 0.079 0.089 0.735 0.097
35 35 (0) 2 : 0.024 0.029 0.918 0.030
36 36 (5) 2 : 0.017 0.018 0.949 0.015
37 37 (0) 2 : 0.013 0.015 0.960 0.012
38 38 (0) 2 : 0.044 0.044 0.858 0.054
39 39 (0) 2 : 0.014 0.015 0.959 0.012
40 40 (0) 2 : 0.014 0.013 0.958 0.015
41 41 (0) 2 : 0.180 0.221 0.339 0.260
42 42 (0) 2 : 0.020 0.023 0.932 0.025
43 43 (0) 2 : 0.033 0.068 0.828 0.070
44 44 (0) 2 : 0.042 0.036 0.864 0.059
45 45 (0) 2 : 0.049 0.093 0.762 0.095
46 46 (0) 2 : 0.012 0.011 0.965 0.013
47 47 (4) 2 : 0.147 0.246 0.274 0.333
48 48 (0) 2 : 0.128 0.143 0.527 0.202
49 49 (1) 2 : 0.349 0.292 0.184 0.175
50 50 (0) 2 : 0.035 0.044 0.864 0.057
51 51 (0) 2 : 0.012 0.014 0.959 0.014
52 52 (0) 2 : 0.021 0.022 0.940 0.017
53 53 (0) 2 : 0.117 0.134 0.589 0.159
54 54 (0) 2 : 0.011 0.011 0.968 0.010
55 55 (0) 2 : 0.024 0.018 0.935 0.022
56 56 (0) 2 : 0.023 0.032 0.905 0.040
57 57 (0) 2 : 0.204 0.203 0.346 0.246
58 58 (0) 2 : 0.017 0.020 0.943 0.020
59 59 (0) 2 : 0.034 0.042 0.894 0.030
60 60 (0) 2 : 0.018 0.018 0.942 0.022
61 61 (0) 2 : 0.048 0.051 0.833 0.067
62 62 (1) 2 : 0.013 0.011 0.965 0.012
63 63 (0) 3 : 0.267 0.246 0.045 0.442
64 64 (0) 3 : 0.380 0.331 0.008 0.281
65 65 (0) 3 : 0.388 0.310 0.009 0.293
66 66 (0) 3 : 0.152 0.156 0.078 0.614
67 67 (0) 3 : 0.307 0.257 0.038 0.398
68 68 (0) 3 : 0.433 0.292 0.019 0.257
69 69 (0) 3 : 0.417 0.405 0.015 0.163
70 70 (0) 3 : 0.459 0.346 0.037 0.158
71 71 (0) 3 : 0.343 0.337 0.067 0.253
72 72 (8) 3 : 0.395 0.369 0.010 0.226
73 73 (0) 3 : 0.222 0.387 0.026 0.365
74 74 (0) 3 : 0.133 0.137 0.421 0.309
75 75 (0) 3 : 0.249 0.357 0.133 0.261
76 76 (0) 3 : 0.265 0.276 0.019 0.440
77 77 (0) 3 : 0.341 0.331 0.084 0.244
78 78 (0) 3 : 0.483 0.306 0.022 0.189
79 79 (0) 3 : 0.436 0.339 0.008 0.217
80 80 (0) 3 : 0.297 0.353 0.064 0.286
81 81 (0) 3 : 0.338 0.260 0.047 0.355
82 82 (0) 3 : 0.514 0.285 0.015 0.186
83 83 (0) 3 : 0.112 0.294 0.043 0.552
84 84 (0) 3 : 0.439 0.241 0.034 0.286
85 85 (0) 3 : 0.328 0.232 0.146 0.294
86 86 (0) 3 : 0.375 0.289 0.087 0.250
87 87 (0) 3 : 0.308 0.295 0.040 0.357
88 88 (0) 3 : 0.178 0.440 0.018 0.364
89 89 (0) 3 : 0.436 0.318 0.007 0.239
90 90 (0) 3 : 0.250 0.172 0.347 0.232
91 91 (0) 3 : 0.432 0.190 0.055 0.322
92 92 (0) 3 : 0.448 0.316 0.013 0.224
93 93 (0) 3 : 0.237 0.390 0.023 0.350
94 94 (0) 3 : 0.287 0.312 0.034 0.366
95 95 (0) 3 : 0.366 0.288 0.042 0.304
96 96 (0) 3 : 0.271 0.386 0.051 0.291
97 97 (0) 3 : 0.326 0.302 0.031 0.342
98 98 (0) 3 : 0.402 0.297 0.026 0.275
99 99 (0) 3 : 0.183 0.227 0.048 0.543
100 100 (0) 3 : 0.265 0.447 0.008 0.280
101 101 (0) 3 : 0.220 0.120 0.501 0.159
102 102 (0) 3 : 0.272 0.259 0.027 0.441
103 103 (0) 3 : 0.353 0.365 0.032 0.250
104 104 (0) 3 : 0.251 0.384 0.143 0.222
105 105 (0) 3 : 0.216 0.400 0.030 0.354
106 106 (0) 3 : 0.221 0.288 0.020 0.470
107 107 (0) 3 : 0.393 0.214 0.061 0.333
108 108 (0) 3 : 0.369 0.397 0.021 0.213
109 109 (0) 3 : 0.646 0.128 0.018 0.208
110 110 (0) 3 : 0.409 0.290 0.019 0.282
111 111 (0) 3 : 0.349 0.311 0.029 0.310
112 112 (7) 4 : 0.645 0.127 0.016 0.212
113 113 (12) 4 : 0.344 0.352 0.021 0.283
114 114 (12) 4 : 0.597 0.136 0.026 0.241
115 115 (3) 4 : 0.399 0.346 0.027 0.227
116 116 (12) 4 : 0.224 0.329 0.073 0.374
117 117 (13) 4 : 0.368 0.335 0.023 0.274
118 118 (0) 4 : 0.143 0.196 0.481 0.180
119 119 (3) 4 : 0.375 0.325 0.062 0.239
120 120 (0) 4 : 0.182 0.407 0.029 0.382
121 121 (0) 4 : 0.377 0.389 0.012 0.221
122 122 (9) 4 : 0.294 0.415 0.008 0.284
123 123 (9) 4 : 0.282 0.482 0.011 0.224
124 124 (12) 4 : 0.326 0.318 0.037 0.319
125 125 (0) 5 : 0.044 0.048 0.873 0.035
126 126 (0) 5 : 0.234 0.449 0.023 0.295
127 127 (0) 5 : 0.031 0.044 0.871 0.054
128 128 (0) 6 : 0.284 0.316 0.018 0.382
129 129 (0) 6 : 0.310 0.411 0.006 0.273
130 130 (9) 6 : 0.360 0.355 0.010 0.276
131 131 (0) 6 : 0.347 0.390 0.008 0.254
132 132 (0) 6 : 0.293 0.504 0.015 0.188
133 133 (0) 6 : 0.312 0.266 0.018 0.405
134 134 (0) 6 : 0.348 0.310 0.026 0.316
135 135 (0) 6 : 0.319 0.269 0.028 0.384
136 136 (11) 6 : 0.263 0.266 0.050 0.421
137 137 (0) 6 : 0.333 0.268 0.054 0.345
138 138 (0) 6 : 0.253 0.268 0.123 0.356
139 139 (0) 6 : 0.174 0.363 0.072 0.391
140 140 (4) 6 : 0.308 0.333 0.028 0.331
141 141 (0) 6 : 0.291 0.265 0.033 0.411
142 142 (0) 6 : 0.206 0.280 0.073 0.441
143 143 (0) 6 : 0.207 0.516 0.012 0.265
144 144 (0) 6 : 0.322 0.351 0.072 0.255
145 145 (4) 6 : 0.211 0.523 0.009 0.257
146 146 (5) 6 : 0.192 0.433 0.018 0.357
147 147 (0) 6 : 0.341 0.394 0.010 0.254
148 148 (5) 6 : 0.335 0.307 0.023 0.335
149 149 (0) 6 : 0.296 0.261 0.016 0.428
150 150 (0) 6 : 0.341 0.299 0.034 0.326
151 151 (10) 6 : 0.205 0.297 0.030 0.468
152 152 (0) 6 : 0.239 0.442 0.018 0.301
153 153 (0) 6 : 0.291 0.462 0.008 0.240
154 154 (0) 6 : 0.264 0.368 0.027 0.342
155 155 (5) 6 : 0.314 0.317 0.053 0.316
156 156 (0) 6 : 0.140 0.218 0.125 0.517
157 157 (0) 6 : 0.201 0.298 0.036 0.465
158 158 (0) 6 : 0.173 0.298 0.050 0.480
159 159 (10) 6 : 0.237 0.291 0.029 0.443
160 160 (0) 6 : 0.252 0.324 0.024 0.399
161 161 (0) 6 : 0.338 0.446 0.007 0.208
162 162 (0) 6 : 0.355 0.334 0.018 0.293
163 163 (0) 6 : 0.223 0.352 0.023 0.401
164 164 (0) 6 : 0.577 0.332 0.009 0.082
165 165 (0) 6 : 0.574 0.346 0.011 0.069
166 166 (0) 6 : 0.408 0.316 0.032 0.245
167 167 (0) 6 : 0.383 0.369 0.017 0.231
168 168 (0) 6 : 0.262 0.305 0.055 0.378
169 169 (0) 6 : 0.258 0.353 0.041 0.348
170 170 (2) 6 : 0.370 0.293 0.020 0.317
171 171 (0) 6 : 0.317 0.370 0.106 0.206
172 172 (0) 6 : 0.348 0.364 0.023 0.266
173 173 (0) 6 : 0.324 0.318 0.034 0.324
174 174 (0) 6 : 0.230 0.310 0.049 0.410
175 175 (7) 6 : 0.294 0.341 0.016 0.350
176 176 (0) 6 : 0.335 0.344 0.027 0.293
177 177 (10) 6 : 0.142 0.299 0.105 0.455
178 178 (0) 6 : 0.124 0.083 0.676 0.118
179 179 (8) 6 : 0.196 0.308 0.022 0.474
180 180 (0) 6 : 0.208 0.390 0.010 0.392
181 181 (7) 6 : 0.186 0.278 0.025 0.512
182 182 (0) 6 : 0.386 0.448 0.009 0.158
183 183 (0) 6 : 0.387 0.416 0.026 0.171
184 184 (0) 6 : 0.295 0.325 0.069 0.312
185 185 (0) 6 : 0.350 0.248 0.011 0.391
186 186 (2) 6 : 0.391 0.360 0.031 0.218
187 187 (0) 6 : 0.465 0.277 0.070 0.188
188 188 (0) 6 : 0.223 0.364 0.126 0.287
189 189 (3) 6 : 0.301 0.309 0.042 0.348
190 190 (0) 6 : 0.278 0.342 0.029 0.350
191 191 (0) 6 : 0.416 0.374 0.010 0.200
192 192 (0) 6 : 0.122 0.168 0.412 0.297
193 193 (0) 6 : 0.375 0.311 0.017 0.296
194 194 (0) 6 : 0.295 0.318 0.056 0.332
195 195 (0) 6 : 0.264 0.329 0.073 0.333
196 196 (13) 6 : 0.293 0.286 0.031 0.390
197 197 (0) 6 : 0.225 0.391 0.027 0.357
198 198 (12) 6 : 0.218 0.226 0.087 0.470
199 199 (0) 6 : 0.299 0.335 0.043 0.323
200 200 (0) 6 : 0.269 0.356 0.011 0.365
201 201 (8) 6 : 0.306 0.326 0.011 0.357
202 202 (0) 6 : 0.316 0.305 0.031 0.348
203 203 (0) 6 : 0.153 0.302 0.016 0.529
204 204 (0) 6 : 0.179 0.326 0.076 0.419
205 205 (0) 6 : 0.296 0.281 0.037 0.386
206 206 (0) 6 : 0.283 0.406 0.029 0.282
207 207 (14) 6 : 0.320 0.393 0.018 0.269
208 208 (0) 6 : 0.268 0.253 0.125 0.354
209 209 (0) 6 : 0.324 0.285 0.022 0.368
210 210 (0) 6 : 0.456 0.301 0.011 0.231
211 211 (14) 6 : 0.329 0.323 0.016 0.332
212 212 (0) 6 : 0.275 0.257 0.101 0.368
213 213 (7) 6 : 0.264 0.259 0.049 0.428
214 214 (0) 6 : 0.139 0.207 0.017 0.637
215 215 (0) 6 : 0.373 0.358 0.053 0.216
216 216 (0) 6 : 0.146 0.375 0.014 0.465
217 217 (5) 6 : 0.150 0.375 0.020 0.456
218 218 (0) 6 : 0.284 0.258 0.080 0.378
219 219 (0) 2 : 0.033 0.043 0.893 0.030
220 220 (0) 2 : 0.008 0.009 0.971 0.012
221 221 (0) 2 : 0.027 0.025 0.925 0.023
222 222 (0) 2 : 0.064 0.063 0.814 0.059
223 223 (0) 2 : 0.033 0.029 0.899 0.040
224 224 (0) 2 : 0.009 0.008 0.973 0.009
225 225 (0) 2 : 0.106 0.134 0.608 0.151
226 226 (0) 2 : 0.007 0.005 0.983 0.006
227 227 (0) 2 : 0.052 0.076 0.785 0.087
1 1 (0) 1 : 0.310 0.009 0.031 0.650
2 2 (1) 1 : 0.308 0.139 0.074 0.479
3 3 (0) 1 : 0.449 0.041 0.080 0.430
4 4 (0) 2 : 0.093 0.775 0.045 0.087
5 5 (0) 2 : 0.399 0.014 0.162 0.425
6 6 (0) 2 : 0.109 0.750 0.036 0.105
7 7 (0) 2 : 0.028 0.922 0.019 0.031
8 8 (0) 2 : 0.010 0.972 0.009 0.009
9 9 (0) 2 : 0.058 0.834 0.043 0.064
10 10 (0) 2 : 0.012 0.966 0.010 0.012
11 11 (0) 2 : 0.023 0.947 0.015 0.015
12 12 (0) 2 : 0.057 0.847 0.037 0.059
13 13 (0) 2 : 0.022 0.933 0.021 0.023
14 14 (0) 2 : 0.033 0.893 0.035 0.039
15 15 (0) 2 : 0.164 0.545 0.081 0.210
16 16 (0) 2 : 0.016 0.955 0.017 0.012
17 17 (0) 2 : 0.053 0.833 0.053 0.062
18 18 (0) 2 : 0.031 0.916 0.022 0.031
19 19 (0) 2 : 0.023 0.924 0.021 0.031
20 20 (0) 2 : 0.119 0.655 0.082 0.145
21 21 (9) 2 : 0.047 0.864 0.034 0.056
22 22 (0) 2 : 0.268 0.207 0.189 0.337
23 23 (0) 2 : 0.029 0.921 0.013 0.038
24 24 (0) 2 : 0.012 0.968 0.008 0.013
25 25 (0) 2 : 0.142 0.595 0.071 0.192
26 26 (0) 2 : 0.023 0.929 0.029 0.018
27 27 (0) 2 : 0.048 0.871 0.033 0.047
28 28 (0) 2 : 0.009 0.972 0.008 0.010
29 29 (0) 2 : 0.034 0.891 0.036 0.039
30 30 (0) 2 : 0.136 0.313 0.345 0.206
31 31 (0) 2 : 0.013 0.969 0.011 0.008
32 32 (0) 2 : 0.032 0.931 0.015 0.022
33 33 (0) 2 : 0.028 0.906 0.041 0.025
34 34 (0) 2 : 0.072 0.774 0.050 0.104
35 35 (0) 2 : 0.043 0.914 0.014 0.029
36 36 (5) 2 : 0.011 0.959 0.016 0.014
37 37 (0) 2 : 0.015 0.960 0.009 0.016
38 38 (0) 2 : 0.031 0.890 0.036 0.042
39 39 (0) 2 : 0.010 0.961 0.017 0.011
40 40 (0) 2 : 0.014 0.966 0.007 0.012
41 41 (0) 2 : 0.178 0.393 0.193 0.236
42 42 (0) 2 : 0.024 0.934 0.018 0.024
43 43 (0) 2 : 0.053 0.840 0.056 0.051
44 44 (0) 2 : 0.041 0.872 0.025 0.062
45 45 (0) 2 : 0.086 0.793 0.046 0.075
46 46 (0) 2 : 0.015 0.962 0.010 0.013
47 47 (4) 2 : 0.279 0.250 0.172 0.299
48 48 (0) 2 : 0.144 0.578 0.079 0.200
49 49 (1) 2 : 0.132 0.167 0.576 0.125
50 50 (0) 2 : 0.044 0.883 0.027 0.046
51 51 (0) 2 : 0.016 0.959 0.011 0.014
52 52 (0) 2 : 0.015 0.947 0.019 0.019
53 53 (0) 2 : 0.116 0.547 0.178 0.159
54 54 (0) 2 : 0.006 0.973 0.011 0.010
55 55 (0) 2 : 0.023 0.926 0.025 0.026
56 56 (0) 2 : 0.041 0.890 0.021 0.049
57 57 (0) 2 : 0.199 0.359 0.191 0.251
58 58 (0) 2 : 0.017 0.948 0.015 0.020
59 59 (0) 2 : 0.026 0.905 0.034 0.035
60 60 (0) 2 : 0.021 0.951 0.010 0.018
61 61 (0) 2 : 0.058 0.845 0.030 0.067
62 62 (1) 2 : 0.009 0.969 0.010 0.012
63 63 (0) 3 : 0.373 0.046 0.121 0.461
64 64 (0) 3 : 0.375 0.007 0.276 0.342
65 65 (0) 3 : 0.414 0.011 0.211 0.363
66 66 (0) 3 : 0.292 0.051 0.058 0.598
67 67 (0) 3 : 0.322 0.040 0.180 0.458
68 68 (0) 3 : 0.215 0.018 0.497 0.270
69 69 (0) 3 : 0.128 0.012 0.817 0.043
70 70 (0) 3 : 0.078 0.022 0.841 0.059
71 71 (0) 3 : 0.206 0.075 0.428 0.291
72 72 (8) 3 : 0.139 0.009 0.726 0.126
73 73 (0) 3 : 0.439 0.028 0.147 0.385
74 74 (0) 3 : 0.244 0.377 0.047 0.333
75 75 (0) 3 : 0.220 0.134 0.361 0.286
76 76 (0) 3 : 0.475 0.020 0.088 0.417
77 77 (0) 3 : 0.108 0.057 0.685 0.150
78 78 (0) 3 : 0.159 0.020 0.634 0.187
79 79 (0) 3 : 0.231 0.011 0.625 0.134
80 80 (0) 3 : 0.233 0.063 0.406 0.298
81 81 (0) 3 : 0.360 0.041 0.153 0.446
82 82 (0) 3 : 0.147 0.018 0.688 0.148
83 83 (0) 3 : 0.345 0.051 0.167 0.437
84 84 (0) 3 : 0.228 0.035 0.386 0.351
85 85 (0) 3 : 0.245 0.131 0.263 0.361
86 86 (0) 3 : 0.236 0.087 0.424 0.253
87 87 (0) 3 : 0.509 0.037 0.114 0.341
88 88 (0) 3 : 0.266 0.016 0.506 0.212
89 89 (0) 3 : 0.251 0.008 0.467 0.274
90 90 (0) 3 : 0.192 0.341 0.153 0.314
91 91 (0) 3 : 0.280 0.062 0.207 0.452
92 92 (0) 3 : 0.306 0.011 0.414 0.269
93 93 (0) 3 : 0.339 0.024 0.249 0.389
94 94 (0) 3 : 0.302 0.040 0.301 0.357
95 95 (0) 3 : 0.218 0.040 0.436 0.306
96 96 (0) 3 : 0.275 0.049 0.470 0.205
97 97 (0) 3 : 0.346 0.030 0.233 0.390
98 98 (0) 3 : 0.174 0.031 0.597 0.198
99 99 (0) 3 : 0.400 0.044 0.061 0.495
100 100 (0) 3 : 0.259 0.008 0.444 0.289
101 101 (0) 3 : 0.179 0.473 0.141 0.207
102 102 (0) 3 : 0.374 0.024 0.098 0.504
103 103 (0) 3 : 0.184 0.038 0.547 0.231
104 104 (0) 3 : 0.222 0.163 0.358 0.257
105 105 (0) 3 : 0.191 0.027 0.574 0.208
106 106 (0) 3 : 0.387 0.022 0.105 0.486
107 107 (0) 3 : 0.292 0.070 0.218 0.421
108 108 (0) 3 : 0.207 0.021 0.548 0.223
109 109 (0) 3 : 0.304 0.016 0.439 0.241
110 110 (0) 3 : 0.375 0.019 0.246 0.359
111 111 (0) 3 : 0.254 0.028 0.460 0.258
112 112 (7) 4 : 0.299 0.016 0.443 0.242
113 113 (12) 4 : 0.156 0.019 0.557 0.267
114 114 (12) 4 : 0.287 0.020 0.398 0.295
115 115 (3) 4 : 0.270 0.028 0.499 0.203
116 116 (12) 4 : 0.292 0.085 0.252 0.371
117 117 (13) 4 : 0.357 0.022 0.352 0.269
118 118 (0) 4 : 0.216 0.440 0.172 0.173
119 119 (3) 4 : 0.274 0.052 0.462 0.212
120 120 (0) 4 : 0.333 0.024 0.304 0.339
121 121 (0) 4 : 0.156 0.012 0.714 0.118
122 122 (9) 4 : 0.541 0.006 0.191 0.262
123 123 (9) 4 : 0.263 0.012 0.575 0.150
124 124 (12) 4 : 0.377 0.028 0.243 0.353
125 125 (0) 5 : 0.031 0.887 0.051 0.031
126 126 (0) 5 : 0.202 0.025 0.625 0.149
127 127 (0) 5 : 0.044 0.881 0.028 0.048
128 128 (0) 6 : 0.419 0.016 0.246 0.319
129 129 (0) 6 : 0.492 0.006 0.243 0.259
130 130 (9) 6 : 0.399 0.009 0.272 0.320
131 131 (0) 6 : 0.501 0.007 0.104 0.388
132 132 (0) 6 : 0.189 0.015 0.647 0.149
133 133 (0) 6 : 0.549 0.015 0.065 0.372
134 134 (0) 6 : 0.230 0.030 0.438 0.302
135 135 (0) 6 : 0.389 0.028 0.083 0.499
136 136 (11) 6 : 0.375 0.046 0.069 0.510
137 137 (0) 6 : 0.322 0.052 0.296 0.329
138 138 (0) 6 : 0.346 0.125 0.067 0.463
139 139 (0) 6 : 0.403 0.056 0.133 0.407
140 140 (4) 6 : 0.315 0.032 0.239 0.414
141 141 (0) 6 : 0.422 0.030 0.091 0.458
142 142 (0) 6 : 0.355 0.074 0.079 0.492
143 143 (0) 6 : 0.202 0.009 0.629 0.160
144 144 (0) 6 : 0.164 0.062 0.595 0.179
145 145 (4) 6 : 0.193 0.008 0.620 0.180
146 146 (5) 6 : 0.205 0.018 0.461 0.316
147 147 (0) 6 : 0.338 0.013 0.416 0.232
148 148 (5) 6 : 0.293 0.021 0.337 0.350
149 149 (0) 6 : 0.472 0.014 0.109 0.405
150 150 (0) 6 : 0.378 0.031 0.126 0.465
151 151 (10) 6 : 0.398 0.029 0.152 0.421
152 152 (0) 6 : 0.340 0.016 0.369 0.275
153 153 (0) 6 : 0.364 0.010 0.433 0.193
154 154 (0) 6 : 0.413 0.027 0.261 0.300
155 155 (5) 6 : 0.268 0.052 0.324 0.355
156 156 (0) 6 : 0.353 0.136 0.052 0.459
157 157 (0) 6 : 0.488 0.032 0.070 0.410
158 158 (0) 6 : 0.314 0.063 0.248 0.375
159 159 (10) 6 : 0.460 0.031 0.106 0.403
160 160 (0) 6 : 0.432 0.028 0.119 0.421
161 161 (0) 6 : 0.208 0.006 0.604 0.182
162 162 (0) 6 : 0.474 0.017 0.110 0.399
163 163 (0) 6 : 0.281 0.030 0.387 0.302
164 164 (0) 6 : 0.059 0.009 0.861 0.071
165 165 (0) 6 : 0.059 0.011 0.869 0.061
166 166 (0) 6 : 0.319 0.030 0.352 0.299
167 167 (0) 6 : 0.133 0.018 0.690 0.159
168 168 (0) 6 : 0.417 0.041 0.166 0.376
169 169 (0) 6 : 0.295 0.041 0.339 0.325
170 170 (2) 6 : 0.378 0.020 0.280 0.322
171 171 (0) 6 : 0.171 0.084 0.556 0.189
172 172 (0) 6 : 0.328 0.018 0.344 0.310
173 173 (0) 6 : 0.354 0.029 0.225 0.392
174 174 (0) 6 : 0.382 0.041 0.129 0.449
175 175 (7) 6 : 0.293 0.016 0.332 0.359
176 176 (0) 6 : 0.308 0.024 0.202 0.466
177 177 (10) 6 : 0.369 0.107 0.128 0.396
178 178 (0) 6 : 0.100 0.690 0.065 0.145
179 179 (8) 6 : 0.406 0.019 0.176 0.399
180 180 (0) 6 : 0.427 0.010 0.131 0.432
181 181 (7) 6 : 0.431 0.021 0.096 0.452
182 182 (0) 6 : 0.124 0.008 0.758 0.110
183 183 (0) 6 : 0.139 0.027 0.743 0.092
184 184 (0) 6 : 0.396 0.055 0.137 0.412
185 185 (0) 6 : 0.401 0.012 0.121 0.466
186 186 (2) 6 : 0.181 0.021 0.618 0.180
187 187 (0) 6 : 0.130 0.066 0.662 0.141
188 188 (0) 6 : 0.324 0.135 0.273 0.268
189 189 (3) 6 : 0.394 0.038 0.213 0.356
190 190 (0) 6 : 0.338 0.028 0.249 0.384
191 191 (0) 6 : 0.506 0.008 0.166 0.319
192 192 (0) 6 : 0.237 0.415 0.045 0.303
193 193 (0) 6 : 0.383 0.019 0.222 0.376
194 194 (0) 6 : 0.384 0.059 0.188 0.369
195 195 (0) 6 : 0.246 0.069 0.391 0.293
196 196 (13) 6 : 0.405 0.034 0.096 0.466
197 197 (0) 6 : 0.294 0.027 0.387 0.292
198 198 (12) 6 : 0.331 0.090 0.105 0.474
199 199 (0) 6 : 0.474 0.043 0.133 0.350
200 200 (0) 6 : 0.432 0.008 0.201 0.359
201 201 (8) 6 : 0.390 0.012 0.106 0.493
202 202 (0) 6 : 0.401 0.034 0.096 0.469
203 203 (0) 6 : 0.473 0.016 0.091 0.420
204 204 (0) 6 : 0.404 0.072 0.132 0.392
205 205 (0) 6 : 0.385 0.030 0.107 0.478
206 206 (0) 6 : 0.338 0.029 0.293 0.340
207 207 (14) 6 : 0.356 0.022 0.235 0.387
208 208 (0) 6 : 0.331 0.127 0.169 0.373
209 209 (0) 6 : 0.505 0.014 0.123 0.358
210 210 (0) 6 : 0.441 0.010 0.163 0.386
211 211 (14) 6 : 0.432 0.013 0.163 0.392
212 212 (0) 6 : 0.295 0.093 0.207 0.406
213 213 (7) 6 : 0.361 0.047 0.084 0.508
214 214 (0) 6 : 0.376 0.013 0.059 0.551
215 215 (0) 6 : 0.290 0.047 0.463 0.200
216 216 (0) 6 : 0.584 0.014 0.092 0.311
217 217 (5) 6 : 0.569 0.021 0.090 0.321
218 218 (0) 6 : 0.406 0.075 0.126 0.393
219 219 (0) 2 : 0.031 0.901 0.030 0.038
220 220 (0) 2 : 0.010 0.971 0.010 0.008
221 221 (0) 2 : 0.027 0.915 0.031 0.027
222 222 (0) 2 : 0.048 0.844 0.049 0.058
223 223 (0) 2 : 0.032 0.918 0.025 0.025
224 224 (0) 2 : 0.008 0.970 0.011 0.011
225 225 (0) 2 : 0.138 0.617 0.082 0.163
226 226 (0) 2 : 0.005 0.985 0.005 0.006
227 227 (0) 2 : 0.067 0.794 0.056 0.083
1 1 (0) 1 : 0.321 0.267 0.007 0.405
2 2 (1) 1 : 0.303 0.252 0.110 0.335
3 3 (0) 1 : 0.282 0.352 0.038 0.329
4 4 (0) 2 : 0.059 0.070 0.800 0.070
5 5 (0) 2 : 0.349 0.318 0.014 0.318
6 6 (0) 2 : 0.068 0.084 0.769 0.079
7 7 (0) 2 : 0.023 0.024 0.932 0.021
8 8 (0) 2 : 0.008 0.009 0.973 0.009
9 9 (0) 2 : 0.051 0.052 0.844 0.053
10 10 (0) 2 : 0.013 0.012 0.965 0.011
11 11 (0) 2 : 0.020 0.013 0.949 0.017
12 12 (0) 2 : 0.042 0.053 0.837 0.068
13 13 (0) 2 : 0.014 0.022 0.942 0.021
14 14 (0) 2 : 0.037 0.043 0.877 0.043
15 15 (0) 2 : 0.142 0.130 0.563 0.165
16 16 (0) 2 : 0.015 0.014 0.958 0.013
17 17 (0) 2 : 0.061 0.048 0.816 0.075
18 18 (0) 2 : 0.023 0.023 0.928 0.026
19 19 (0) 2 : 0.020 0.025 0.932 0.023
20 20 (0) 2 : 0.107 0.109 0.660 0.124
21 21 (9) 2 : 0.042 0.043 0.857 0.058
22 22 (0) 2 : 0.282 0.225 0.210 0.284
23 23 (0) 2 : 0.030 0.027 0.919 0.024
24 24 (0) 2 : 0.008 0.009 0.972 0.011
25 25 (0) 2 : 0.135 0.145 0.568 0.152
26 26 (0) 2 : 0.021 0.018 0.945 0.015
27 27 (0) 2 : 0.039 0.041 0.874 0.047
28 28 (0) 2 : 0.009 0.010 0.973 0.008
29 29 (0) 2 : 0.037 0.032 0.892 0.039
30 30 (0) 2 : 0.270 0.181 0.326 0.222
31 31 (0) 2 : 0.012 0.011 0.965 0.012
32 32 (0) 2 : 0.017 0.017 0.938 0.028
33 33 (0) 2 : 0.028 0.023 0.921 0.028
34 34 (0) 2 : 0.083 0.087 0.759 0.071
35 35 (0) 2 : 0.017 0.021 0.930 0.032
36 36 (5) 2 : 0.011 0.014 0.960 0.015
37 37 (0) 2 : 0.010 0.015 0.960 0.015
38 38 (0) 2 : 0.039 0.026 0.889 0.046
39 39 (0) 2 : 0.016 0.010 0.962 0.012
40 40 (0) 2 : 0.011 0.016 0.961 0.013
41 41 (0) 2 : 0.199 0.177 0.362 0.262
42 42 (0) 2 : 0.027 0.021 0.925 0.027
43 43 (0) 2 : 0.064 0.039 0.853 0.044
44 44 (0) 2 : 0.030 0.045 0.880 0.044
45 45 (0) 2 : 0.067 0.042 0.837 0.053
46 46 (0) 2 : 0.012 0.013 0.960 0.015
47 47 (4) 2 : 0.285 0.188 0.265 0.261
48 48 (0) 2 : 0.165 0.106 0.546 0.183
49 49 (1) 2 : 0.306 0.224 0.181 0.288
50 50 (0) 2 : 0.038 0.040 0.873 0.049
51 51 (0) 2 : 0.012 0.015 0.961 0.012
52 52 (0) 2 : 0.017 0.013 0.948 0.021
53 53 (0) 2 : 0.186 0.098 0.542 0.174
54 54 (0) 2 : 0.010 0.007 0.974 0.009
55 55 (0) 2 : 0.022 0.025 0.931 0.021
56 56 (0) 2 : 0.030 0.031 0.906 0.033
57 57 (0) 2 : 0.210 0.182 0.364 0.244
58 58 (0) 2 : 0.016 0.018 0.944 0.023
59 59 (0) 2 : 0.033 0.024 0.913 0.029
60 60 (0) 2 : 0.015 0.015 0.955 0.016
61 61 (0) 2 : 0.047 0.051 0.854 0.047
62 62 (1) 2 : 0.014 0.009 0.967 0.010
63 63 (0) 3 : 0.293 0.409 0.042 0.256
64 64 (0) 3 : 0.374 0.347 0.007 0.271
65 65 (0) 3 : 0.292 0.407 0.010 0.291
66 66 (0) 3 : 0.320 0.233 0.058 0.389
67 67 (0) 3 : 0.288 0.308 0.041 0.363
68 68 (0) 3 : 0.296 0.335 0.017 0.353
69 69 (0) 3 : 0.407 0.224 0.013 0.356
70 70 (0) 3 : 0.405 0.183 0.028 0.383
71 71 (0) 3 : 0.283 0.225 0.069 0.423
72 72 (8) 3 : 0.398 0.197 0.008 0.397
73 73 (0) 3 : 0.345 0.255 0.027 0.374
74 74 (0) 3 : 0.203 0.167 0.390 0.240
75 75 (0) 3 : 0.303 0.210 0.136 0.351
76 76 (0) 3 : 0.302 0.338 0.016 0.344
77 77 (0) 3 : 0.407 0.151 0.073 0.369
78 78 (0) 3 : 0.294 0.307 0.018 0.382
79 79 (0) 3 : 0.362 0.269 0.009 0.360
80 80 (0) 3 : 0.350 0.209 0.066 0.375
81 81 (0) 3 : 0.267 0.290 0.047 0.395
82 82 (0) 3 : 0.399 0.230 0.012 0.359
83 83 (0) 3 : 0.401 0.244 0.042 0.313
84 84 (0) 3 : 0.309 0.282 0.035 0.374
85 85 (0) 3 : 0.295 0.280 0.126 0.299
86 86 (0) 3 : 0.334 0.253 0.078 0.334
87 87 (0) 3 : 0.280 0.403 0.038 0.279
88 88 (0) 3 : 0.501 0.226 0.015 0.257
89 89 (0) 3 : 0.358 0.347 0.007 0.287
90 90 (0) 3 : 0.160 0.251 0.322 0.267
91 91 (0) 3 : 0.288 0.312 0.055 0.345
92 92 (0) 3 : 0.348 0.321 0.012 0.319
93 93 (0) 3 : 0.396 0.214 0.021 0.369
94 94 (0) 3 : 0.356 0.264 0.032 0.348
95 95 (0) 3 : 0.339 0.239 0.033 0.389
96 96 (0) 3 : 0.373 0.253 0.048 0.326
97 97 (0) 3 : 0.367 0.287 0.026 0.320
98 98 (0) 3 : 0.354 0.236 0.027 0.383
99 99 (0) 3 : 0.291 0.337 0.046 0.326
100 100 (0) 3 : 0.368 0.309 0.007 0.316
101 101 (0) 3 : 0.105 0.198 0.505 0.192
102 102 (0) 3 : 0.333 0.287 0.024 0.356
103 103 (0) 3 : 0.357 0.215 0.025 0.403
104 104 (0) 3 : 0.296 0.199 0.140 0.365
105 105 (0) 3 : 0.444 0.181 0.028 0.346
106 106 (0) 3 : 0.338 0.333 0.023 0.307
107 107 (0) 3 : 0.261 0.324 0.058 0.357
108 108 (0) 3 : 0.334 0.287 0.023 0.355
109 109 (0) 3 : 0.098 0.509 0.018 0.375
110 110 (0) 3 : 0.271 0.386 0.018 0.326
111 111 (0) 3 : 0.333 0.326 0.033 0.308
112 112 (7) 4 : 0.106 0.509 0.018 0.367
113 113 (12) 4 : 0.350 0.208 0.018 0.425
114 114 (12) 4 : 0.149 0.436 0.025 0.390
115 115 (3) 4 : 0.353 0.312 0.020 0.315
116 116 (12) 4 : 0.329 0.233 0.068 0.369
117 117 (13) 4 : 0.278 0.418 0.021 0.282
118 118 (0) 4 : 0.173 0.183 0.454 0.190
119 119 (3) 4 : 0.271 0.362 0.055 0.312
120 120 (0) 4 : 0.447 0.254 0.021 0.278
121 121 (0) 4 : 0.395 0.211 0.012 0.382
122 122 (9) 4 : 0.243 0.565 0.006 0.186
123 123 (9) 4 : 0.437 0.235 0.009 0.318
124 124 (12) 4 : 0.301 0.345 0.026 0.328
125 125 (0) 5 : 0.032 0.034 0.895 0.038
126 126 (0) 5 : 0.509 0.215 0.019 0.258
127 127 (0) 5 : 0.036 0.034 0.885 0.046
128 128 (0) 6 : 0.343 0.370 0.016 0.271
129 129 (0) 6 : 0.263 0.530 0.006 0.202
130 130 (9) 6 : 0.311 0.370 0.009 0.310
131 131 (0) 6 : 0.296 0.420 0.007 0.277
132 132 (0) 6 : 0.447 0.202 0.013 0.337
133 133 (0) 6 : 0.261 0.485 0.018 0.236
134 134 (0) 6 : 0.334 0.267 0.019 0.380
135 135 (0) 6 : 0.252 0.453 0.031 0.263
136 136 (11) 6 : 0.334 0.272 0.043 0.352
137 137 (0) 6 : 0.301 0.323 0.046 0.330
138 138 (0) 6 : 0.325 0.222 0.148 0.305
139 139 (0) 6 : 0.336 0.301 0.067 0.297
140 140 (4) 6 : 0.279 0.342 0.028 0.350
141 141 (0) 6 : 0.297 0.362 0.029 0.312
142 142 (0) 6 : 0.297 0.259 0.071 0.374
143 143 (0) 6 : 0.536 0.154 0.011 0.299
144 144 (0) 6 : 0.354 0.219 0.058 0.369
145 145 (4) 6 : 0.542 0.152 0.006 0.299
146 146 (5) 6 : 0.487 0.183 0.016 0.314
147 147 (0) 6 : 0.325 0.348 0.011 0.316
148 148 (5) 6 : 0.308 0.323 0.019 0.350
149 149 (0) 6 : 0.312 0.381 0.011 0.295
150 150 (0) 6 : 0.279 0.414 0.021 0.285
151 151 (10) 6 : 0.313 0.370 0.028 0.288
152 152 (0) 6 : 0.391 0.292 0.016 0.300
153 153 (0) 6 : 0.379 0.329 0.008 0.284
154 154 (0) 6 : 0.411 0.299 0.022 0.268
155 155 (5) 6 : 0.345 0.254 0.050 0.351
156 156 (0) 6 : 0.305 0.275 0.126 0.294
157 157 (0) 6 : 0.251 0.449 0.034 0.265
158 158 (0) 6 : 0.400 0.266 0.046 0.288
159 159 (10) 6 : 0.340 0.286 0.025 0.348
160 160 (0) 6 : 0.329 0.283 0.023 0.365
161 161 (0) 6 : 0.435 0.258 0.007 0.301
162 162 (0) 6 : 0.269 0.435 0.016 0.280
163 163 (0) 6 : 0.439 0.211 0.020 0.330
164 164 (0) 6 : 0.370 0.247 0.013 0.370
165 165 (0) 6 : 0.372 0.242 0.009 0.377
166 166 (0) 6 : 0.325 0.345 0.030 0.300
167 167 (0) 6 : 0.334 0.257 0.015 0.395
168 168 (0) 6 : 0.298 0.358 0.046 0.299
169 169 (0) 6 : 0.424 0.226 0.037 0.314
170 170 (2) 6 : 0.282 0.398 0.017 0.302
171 171 (0) 6 : 0.312 0.248 0.102 0.338
172 172 (0) 6 : 0.340 0.375 0.020 0.265
173 173 (0) 6 : 0.352 0.302 0.031 0.314
174 174 (0) 6 : 0.302 0.333 0.048 0.317
175 175 (7) 6 : 0.364 0.278 0.018 0.339
176 176 (0) 6 : 0.336 0.306 0.024 0.334
177 177 (10) 6 : 0.342 0.228 0.094 0.336
178 178 (0) 6 : 0.085 0.100 0.702 0.113
179 179 (8) 6 : 0.291 0.314 0.023 0.372
180 180 (0) 6 : 0.346 0.340 0.009 0.305
181 181 (7) 6 : 0.347 0.269 0.023 0.361
182 182 (0) 6 : 0.386 0.245 0.007 0.362
183 183 (0) 6 : 0.396 0.261 0.023 0.320
184 184 (0) 6 : 0.250 0.360 0.066 0.324
185 185 (0) 6 : 0.246 0.390 0.010 0.353
186 186 (2) 6 : 0.370 0.221 0.024 0.386
187 187 (0) 6 : 0.290 0.270 0.062 0.378
188 188 (0) 6 : 0.307 0.258 0.117 0.317
189 189 (3) 6 : 0.283 0.374 0.036 0.306
190 190 (0) 6 : 0.356 0.277 0.030 0.337
191 191 (0) 6 : 0.264 0.450 0.009 0.277
192 192 (0) 6 : 0.212 0.177 0.400 0.212
193 193 (0) 6 : 0.284 0.376 0.015 0.325
194 194 (0) 6 : 0.260 0.417 0.047 0.275
195 195 (0) 6 : 0.305 0.250 0.056 0.389
196 196 (13) 6 : 0.280 0.443 0.027 0.250
197 197 (0) 6 : 0.407 0.257 0.022 0.314
198 198 (12) 6 : 0.292 0.281 0.087 0.340
199 199 (0) 6 : 0.289 0.373 0.038 0.300
200 200 (0) 6 : 0.371 0.344 0.009 0.276
201 201 (8) 6 : 0.265 0.458 0.012 0.265
202 202 (0) 6 : 0.257 0.459 0.026 0.259
203 203 (0) 6 : 0.321 0.422 0.015 0.242
204 204 (0) 6 : 0.296 0.401 0.072 0.230
205 205 (0) 6 : 0.255 0.326 0.029 0.390
206 206 (0) 6 : 0.339 0.250 0.031 0.380
207 207 (14) 6 : 0.321 0.277 0.016 0.387
208 208 (0) 6 : 0.266 0.293 0.111 0.331
209 209 (0) 6 : 0.243 0.476 0.017 0.264
210 210 (0) 6 : 0.293 0.405 0.012 0.290
211 211 (14) 6 : 0.261 0.459 0.015 0.265
212 212 (0) 6 : 0.300 0.349 0.089 0.262
213 213 (7) 6 : 0.295 0.420 0.037 0.249
214 214 (0) 6 : 0.377 0.286 0.017 0.320
215 215 (0) 6 : 0.288 0.307 0.047 0.359
216 216 (0) 6 : 0.274 0.523 0.014 0.189
217 217 (5) 6 : 0.282 0.515 0.022 0.181
218 218 (0) 6 : 0.327 0.300 0.075 0.297
219 219 (0) 2 : 0.037 0.031 0.896 0.036
220 220 (0) 2 : 0.008 0.009 0.976 0.007
221 221 (0) 2 : 0.024 0.030 0.916 0.030
222 222 (0) 2 : 0.066 0.051 0.818 0.065
223 223 (0) 2 : 0.026 0.029 0.900 0.044
224 224 (0) 2 : 0.011 0.008 0.974 0.007
225 225 (0) 2 : 0.114 0.132 0.653 0.101
226 226 (0) 2 : 0.006 0.004 0.985 0.005
227 227 (0) 2 : 0.074 0.055 0.795 0.076
1 1 (0) 1 : 0.322 0.393 0.277 0.007
2 2 (1) 1 : 0.287 0.322 0.257 0.134
3 3 (0) 1 : 0.292 0.319 0.346 0.043
4 4 (0) 2 : 0.074 0.073 0.082 0.772
5 5 (0) 2 : 0.270 0.294 0.419 0.016
6 6 (0) 2 : 0.091 0.081 0.078 0.751
7 7 (0) 2 : 0.022 0.023 0.026 0.929
8 8 (0) 2 : 0.009 0.011 0.006 0.975
9 9 (0) 2 : 0.046 0.037 0.061 0.857
10 10 (0) 2 : 0.014 0.013 0.015 0.959
11 11 (0) 2 : 0.019 0.017 0.021 0.942
12 12 (0) 2 : 0.063 0.062 0.043 0.832
13 13 (0) 2 : 0.023 0.024 0.020 0.933
14 14 (0) 2 : 0.041 0.036 0.029 0.894
15 15 (0) 2 : 0.107 0.147 0.169 0.577
16 16 (0) 2 : 0.012 0.011 0.012 0.964
17 17 (0) 2 : 0.052 0.063 0.044 0.841
18 18 (0) 2 : 0.026 0.022 0.023 0.929
19 19 (0) 2 : 0.028 0.022 0.024 0.926
20 20 (0) 2 : 0.147 0.133 0.081 0.638
21 21 (9) 2 : 0.040 0.038 0.055 0.867
22 22 (0) 2 : 0.214 0.327 0.250 0.209
23 23 (0) 2 : 0.028 0.037 0.028 0.908
24 24 (0) 2 : 0.015 0.013 0.010 0.962
25 25 (0) 2 : 0.148 0.136 0.126 0.591
26 26 (0) 2 : 0.018 0.027 0.026 0.929
27 27 (0) 2 : 0.061 0.063 0.044 0.833
28 28 (0) 2 : 0.010 0.007 0.009 0.974
29 29 (0) 2 : 0.040 0.041 0.038 0.881
30 30 (0) 2 : 0.202 0.177 0.287 0.334
31 31 (0) 2 : 0.013 0.015 0.014 0.958
32 32 (0) 2 : 0.025 0.019 0.043 0.913
33 33 (0) 2 : 0.038 0.027 0.022 0.914
34 34 (0) 2 : 0.099 0.088 0.077 0.736
35 35 (0) 2 : 0.030 0.025 0.037 0.908
36 36 (5) 2 : 0.016 0.014 0.015 0.955
37 37 (0) 2 : 0.018 0.013 0.013 0.956
38 38 (0) 2 : 0.038 0.045 0.051 0.866
39 39 (0) 2 : 0.014 0.015 0.016 0.955
40 40 (0) 2 : 0.013 0.011 0.013 0.963
41 41 (0) 2 : 0.212 0.285 0.160 0.342
42 42 (0) 2 : 0.025 0.024 0.023 0.929
43 43 (0) 2 : 0.036 0.051 0.052 0.861
44 44 (0) 2 : 0.046 0.050 0.035 0.870
45 45 (0) 2 : 0.058 0.076 0.096 0.771
46 46 (0) 2 : 0.010 0.015 0.013 0.961
47 47 (4) 2 : 0.215 0.208 0.301 0.276
48 48 (0) 2 : 0.133 0.139 0.189 0.539
49 49 (1) 2 : 0.254 0.287 0.254 0.204
50 50 (0) 2 : 0.047 0.052 0.041 0.861
51 51 (0) 2 : 0.014 0.012 0.013 0.960
52 52 (0) 2 : 0.026 0.025 0.023 0.926
53 53 (0) 2 : 0.131 0.156 0.159 0.554
54 54 (0) 2 : 0.009 0.008 0.015 0.969
55 55 (0) 2 : 0.021 0.025 0.026 0.929
56 56 (0) 2 : 0.025 0.030 0.033 0.911
57 57 (0) 2 : 0.192 0.252 0.210 0.347
58 58 (0) 2 : 0.024 0.022 0.021 0.933
59 59 (0) 2 : 0.032 0.037 0.028 0.903
60 60 (0) 2 : 0.020 0.018 0.018 0.943
61 61 (0) 2 : 0.057 0.050 0.044 0.850
62 62 (1) 2 : 0.012 0.011 0.009 0.968
63 63 (0) 3 : 0.365 0.405 0.183 0.046
64 64 (0) 3 : 0.302 0.294 0.396 0.008
65 65 (0) 3 : 0.407 0.304 0.279 0.011
66 66 (0) 3 : 0.232 0.422 0.249 0.097
67 67 (0) 3 : 0.334 0.367 0.256 0.043
68 68 (0) 3 : 0.387 0.325 0.271 0.017
69 69 (0) 3 : 0.292 0.357 0.339 0.011
70 70 (0) 3 : 0.330 0.332 0.308 0.030
71 71 (0) 3 : 0.329 0.331 0.280 0.059
72 72 (8) 3 : 0.389 0.331 0.269 0.010
73 73 (0) 3 : 0.281 0.228 0.463 0.028
74 74 (0) 3 : 0.173 0.244 0.184 0.399
75 75 (0) 3 : 0.285 0.303 0.262 0.150
76 76 (0) 3 : 0.303 0.268 0.408 0.022
77 77 (0) 3 : 0.288 0.348 0.282 0.082
78 78 (0) 3 : 0.383 0.340 0.253 0.023
79 79 (0) 3 : 0.342 0.280 0.367 0.011
80 80 (0) 3 : 0.295 0.449 0.194 0.061
81 81 (0) 3 : 0.315 0.325 0.315 0.044
82 82 (0) 3 : 0.361 0.270 0.356 0.013
83 83 (0) 3 : 0.243 0.341 0.368 0.049
84 84 (0) 3 : 0.418 0.326 0.219 0.036
85 85 (0) 3 : 0.311 0.276 0.263 0.150
86 86 (0) 3 : 0.323 0.226 0.362 0.090
87 87 (0) 3 : 0.329 0.179 0.460 0.032
88 88 (0) 3 : 0.181 0.357 0.449 0.014
89 89 (0) 3 : 0.332 0.340 0.322 0.006
90 90 (0) 3 : 0.247 0.214 0.204 0.335
91 91 (0) 3 : 0.371 0.308 0.257 0.064
92 92 (0) 3 : 0.369 0.292 0.326 0.013
93 93 (0) 3 : 0.260 0.395 0.319 0.027
94 94 (0) 3 : 0.356 0.294 0.314 0.036
95 95 (0) 3 : 0.297 0.378 0.291 0.035
96 96 (0) 3 : 0.213 0.311 0.427 0.049
97 97 (0) 3 : 0.308 0.291 0.371 0.030
98 98 (0) 3 : 0.307 0.341 0.322 0.031
99 99 (0) 3 : 0.293 0.373 0.289 0.045
100 100 (0) 3 : 0.294 0.422 0.275 0.009
101 101 (0) 3 : 0.232 0.160 0.155 0.452
102 102 (0) 3 : 0.380 0.353 0.242 0.026
103 103 (0) 3 : 0.325 0.421 0.227 0.027
104 104 (0) 3 : 0.211 0.349 0.304 0.135
105 105 (0) 3 : 0.271 0.355 0.341 0.032
106 106 (0) 3 : 0.345 0.375 0.252 0.028
107 107 (0) 3 : 0.402 0.284 0.238 0.076
108 108 (0) 3 : 0.353 0.323 0.301 0.023
109 109 (0) 3 : 0.529 0.286 0.169 0.016
110 110 (0) 3 : 0.450 0.251 0.279 0.019
111 111 (0) 3 : 0.378 0.396 0.197 0.030
112 112 (7) 4 : 0.531 0.286 0.166 0.017
113 113 (12) 4 : 0.319 0.437 0.226 0.017
114 114 (12) 4 : 0.505 0.300 0.168 0.026
115 115 (3) 4 : 0.328 0.323 0.321 0.028
116 116 (12) 4 : 0.243 0.359 0.312 0.086
117 117 (13) 4 : 0.321 0.340 0.319 0.020
118 118 (0) 4 : 0.187 0.168 0.191 0.454
119 119 (3) 4 : 0.308 0.334 0.297 0.062
120 120 (0) 4 : 0.239 0.299 0.439 0.023
121 121 (0) 4 : 0.272 0.406 0.307 0.015
122 122 (9) 4 : 0.331 0.349 0.314 0.007
123 123 (9) 4 : 0.221 0.316 0.453 0.011
124 124 (12) 4 : 0.342 0.334 0.295 0.029
125 125 (0) 5 : 0.036 0.035 0.032 0.897
126 126 (0) 5 : 0.223 0.302 0.457 0.017
127 127 (0) 5 : 0.038 0.050 0.035 0.877
128 128 (0) 6 : 0.258 0.283 0.441 0.018
129 129 (0) 6 : 0.316 0.349 0.327 0.008
130 130 (9) 6 : 0.342 0.272 0.376 0.010
131 131 (0) 6 : 0.356 0.329 0.306 0.009
132 132 (0) 6 : 0.266 0.375 0.345 0.015
133 133 (0) 6 : 0.360 0.326 0.295 0.019
134 134 (0) 6 : 0.381 0.342 0.253 0.024
135 135 (0) 6 : 0.389 0.286 0.295 0.030
136 136 (11) 6 : 0.273 0.336 0.347 0.044
137 137 (0) 6 : 0.339 0.292 0.318 0.051
138 138 (0) 6 : 0.251 0.302 0.310 0.137
139 139 (0) 6 : 0.268 0.330 0.346 0.056
140 140 (4) 6 : 0.348 0.319 0.308 0.025
141 141 (0) 6 : 0.264 0.419 0.288 0.029
142 142 (0) 6 : 0.284 0.307 0.329 0.079
143 143 (0) 6 : 0.162 0.474 0.355 0.009
144 144 (0) 6 : 0.283 0.406 0.243 0.068
145 145 (4) 6 : 0.168 0.467 0.357 0.008
146 146 (5) 6 : 0.170 0.475 0.338 0.017
147 147 (0) 6 : 0.358 0.342 0.289 0.011
148 148 (5) 6 : 0.326 0.390 0.264 0.019
149 149 (0) 6 : 0.430 0.311 0.244 0.015
150 150 (0) 6 : 0.392 0.347 0.233 0.029
151 151 (10) 6 : 0.372 0.319 0.273 0.036
152 152 (0) 6 : 0.271 0.353 0.358 0.018
153 153 (0) 6 : 0.235 0.325 0.432 0.007
154 154 (0) 6 : 0.307 0.222 0.444 0.026
155 155 (5) 6 : 0.342 0.331 0.277 0.050
156 156 (0) 6 : 0.253 0.250 0.361 0.135
157 157 (0) 6 : 0.253 0.272 0.438 0.037
158 158 (0) 6 : 0.234 0.346 0.358 0.061
159 159 (10) 6 : 0.297 0.211 0.463 0.029
160 160 (0) 6 : 0.300 0.208 0.467 0.025
161 161 (0) 6 : 0.346 0.333 0.315 0.006
162 162 (0) 6 : 0.334 0.372 0.277 0.017
163 163 (0) 6 : 0.254 0.322 0.399 0.025
164 164 (0) 6 : 0.449 0.243 0.298 0.010
165 165 (0) 6 : 0.435 0.246 0.308 0.011
166 166 (0) 6 : 0.289 0.240 0.434 0.037
167 167 (0) 6 : 0.303 0.458 0.226 0.013
168 168 (0) 6 : 0.312 0.299 0.336 0.053
169 169 (0) 6 : 0.277 0.269 0.415 0.039
170 170 (2) 6 : 0.291 0.311 0.378 0.020
171 171 (0) 6 : 0.310 0.304 0.289 0.097
172 172 (0) 6 : 0.332 0.288 0.361 0.019
173 173 (0) 6 : 0.277 0.353 0.342 0.029
174 174 (0) 6 : 0.358 0.271 0.313 0.059
175 175 (7) 6 : 0.303 0.312 0.365 0.020
176 176 (0) 6 : 0.262 0.350 0.359 0.028
177 177 (10) 6 : 0.250 0.231 0.407 0.112
178 178 (0) 6 : 0.117 0.097 0.136 0.650
179 179 (8) 6 : 0.305 0.316 0.359 0.020
180 180 (0) 6 : 0.248 0.367 0.375 0.010
181 181 (7) 6 : 0.272 0.288 0.415 0.024
182 182 (0) 6 : 0.295 0.402 0.296 0.008
183 183 (0) 6 : 0.290 0.305 0.379 0.025
184 184 (0) 6 : 0.289 0.294 0.348 0.069
185 185 (0) 6 : 0.361 0.321 0.304 0.015
186 186 (2) 6 : 0.290 0.404 0.275 0.031
187 187 (0) 6 : 0.367 0.238 0.318 0.077
188 188 (0) 6 : 0.255 0.255 0.358 0.132
189 189 (3) 6 : 0.267 0.276 0.417 0.040
190 190 (0) 6 : 0.249 0.419 0.291 0.041
191 191 (0) 6 : 0.395 0.240 0.355 0.010
192 192 (0) 6 : 0.195 0.177 0.217 0.411
193 193 (0) 6 : 0.425 0.275 0.278 0.022
194 194 (0) 6 : 0.336 0.417 0.184 0.063
195 195 (0) 6 : 0.264 0.371 0.293 0.071
196 196 (13) 6 : 0.416 0.357 0.194 0.033
197 197 (0) 6 : 0.237 0.398 0.336 0.028
198 198 (12) 6 : 0.304 0.354 0.243 0.099
199 199 (0) 6 : 0.316 0.232 0.415 0.037
200 200 (0) 6 : 0.311 0.277 0.403 0.008
201 201 (8) 6 : 0.411 0.363 0.213 0.013
202 202 (0) 6 : 0.423 0.364 0.189 0.024
203 203 (0) 6 : 0.326 0.336 0.324 0.015
204 204 (0) 6 : 0.323 0.348 0.251 0.078
205 205 (0) 6 : 0.346 0.286 0.342 0.027
206 206 (0) 6 : 0.242 0.322 0.405 0.031
207 207 (14) 6 : 0.265 0.346 0.368 0.020
208 208 (0) 6 : 0.310 0.322 0.237 0.130
209 209 (0) 6 : 0.405 0.269 0.306 0.020
210 210 (0) 6 : 0.368 0.282 0.338 0.011
211 211 (14) 6 : 0.322 0.440 0.222 0.016
212 212 (0) 6 : 0.374 0.313 0.222 0.091
213 213 (7) 6 : 0.396 0.393 0.172 0.039
214 214 (0) 6 : 0.239 0.396 0.348 0.017
215 215 (0) 6 : 0.349 0.326 0.277 0.048
216 216 (0) 6 : 0.276 0.295 0.418 0.011
217 217 (5) 6 : 0.263 0.302 0.413 0.022
218 218 (0) 6 : 0.355 0.249 0.314 0.083
219 219 (0) 2 : 0.039 0.039 0.035 0.887
220 220 (0) 2 : 0.009 0.010 0.009 0.972
221 221 (0) 2 : 0.028 0.029 0.026 0.917
222 222 (0) 2 : 0.051 0.063 0.065 0.821
223 223 (0) 2 : 0.031 0.036 0.031 0.902
224 224 (0) 2 : 0.008 0.008 0.008 0.976
225 225 (0) 2 : 0.112 0.119 0.165 0.605
226 226 (0) 2 : 0.006 0.006 0.004 0.983
227 227 (0) 2 : 0.061 0.085 0.070 0.784
