1 1 (0) 1 : 0.126 0.192 0.007 0.675
2 2 (1) 1 : 0.187 0.246 0.136 0.431
3 3 (0) 1 : 0.234 0.261 0.045 0.460
4 4 (0) 2 : 0.064 0.060 0.790 0.086
5 5 (0) 2 : 0.243 0.353 0.016 0.388
6 6 (0) 2 : 0.081 0.066 0.765 0.088
7 7 (0) 2 : 0.018 0.024 0.934 0.024
8 8 (0) 2 : 0.008 0.008 0.975 0.009
9 9 (0) 2 : 0.056 0.057 0.822 0.064
10 10 (0) 2 : 0.012 0.012 0.965 0.012
11 11 (0) 2 : 0.013 0.016 0.949 0.022
12 12 (0) 2 : 0.053 0.037 0.846 0.065
13 13 (0) 2 : 0.028 0.020 0.934 0.018
14 14 (0) 2 : 0.038 0.038 0.887 0.038
15 15 (0) 2 : 0.113 0.151 0.539 0.197
16 16 (0) 2 : 0.015 0.017 0.950 0.018
17 17 (0) 2 : 0.049 0.055 0.839 0.057
18 18 (0) 2 : 0.026 0.028 0.920 0.025
19 19 (0) 2 : 0.029 0.025 0.915 0.031
20 20 (0) 2 : 0.121 0.073 0.678 0.128
21 21 (9) 2 : 0.043 0.037 0.868 0.052
22 22 (0) 2 : 0.177 0.274 0.223 0.326
23 23 (0) 2 : 0.023 0.024 0.917 0.037
24 24 (0) 2 : 0.011 0.012 0.960 0.017
25 25 (0) 2 : 0.159 0.083 0.621 0.137
26 26 (0) 2 : 0.027 0.024 0.929 0.021
27 27 (0) 2 : 0.044 0.056 0.858 0.041
28 28 (0) 2 : 0.008 0.011 0.970 0.011
29 29 (0) 2 : 0.041 0.037 0.887 0.035
30 30 (0) 2 : 0.252 0.282 0.284 0.182
31 31 (0) 2 : 0.011 0.010 0.965 0.013
32 32 (0) 2 : 0.020 0.025 0.929 0.026
33 33 (0) 2 : 0.033 0.027 0.919 0.021
34 34 (0) 2 : 0.079 0.089 0.735 0.097
35 35 (0) 2 : 0.024 0.029 0.918 0.030
36 36 (5) 2 : 0.017 0.018 0.949 0.015
37 37 (0) 2 : 0.013 0.015 0.960 0.012
38 38 (0) 2 : 0.044 0.044 0.858 0.054
39 39 (0) 2 : 0.014 0.015 0.959 0.012
40 40 (0) 2 : 0.014 0.013 0.958 0.015
41 41 (0) 2 : 0.180 0.221 0.339 0.260
42 42 (0) 2 : 0.020 0.023 0.932 0.025
43 43 (0) 2 : 0.033 0.068 0.828 0.070
44 44 (0) 2 : 0.042 0.036 0.864 0.059
45 45 (0) 2 : 0.049 0.093 0.762 0.095
46 46 (0) 2 : 0.012 0.011 0.965 0.013
47 47 (4) 2 : 0.147 0.246 0.274 0.333
48 48 (0) 2 : 0.128 0.143 0.527 0.202
49 49 (1) 2 : 0.349 0.292 0.184 0.175
50 50 (0) 2 : 0.035 0.044 0.864 0.057
51 51 (0) 2 : 0.012 0.014 0.959 0.014
52 52 (0) 2 : 0.021 0.022 0.940 0.017
53 53 (0) 2 : 0.117 0.134 0.589 0.159
54 54 (0) 2 : 0.011 0.011 0.968 0.010
55 55 (0) 2 : 0.024 0.018 0.935 0.022
56 56 (0) 2 : 0.023 0.032 0.905 0.040
57 57 (0) 2 : 0.204 0.203 0.346 0.246
58 58 (0) 2 : 0.017 0.020 0.943 0.020
59 59 (0) 2 : 0.034 0.042 0.894 0.030
60 60 (0) 2 : 0.018 0.018 0.942 0.022
61 61 (0) 2 : 0.048 0.051 0.833 0.067
62 62 (1) 2 : 0.013 0.011 0.965 0.012
63 63 (0) 3 : 0.267 0.246 0.045 0.442
64 64 (0) 3 : 0.380 0.331 0.008 0.281
65 65 (0) 3 : 0.388 0.310 0.009 0.293
66 66 (0) 3 : 0.152 0.156 0.078 0.614
67 67 (0) 3 : 0.307 0.257 0.038 0.398
68 68 (0) 3 : 0.433 0.292 0.019 0.257
69 69 (0) 3 : 0.417 0.405 0.015 0.163
70 70 (0) 3 : 0.459 0.346 0.037 0.158
71 71 (0) 3 : 0.343 0.337 0.067 0.253
72 72 (8) 3 : 0.395 0.369 0.010 0.226
73 73 (0) 3 : 0.222 0.387 0.026 0.365
74 74 (0) 3 : 0.133 0.137 0.421 0.309
75 75 (0) 3 : 0.249 0.357 0.133 0.261
76 76 (0) 3 : 0.265 0.276 0.019 0.440
77 77 (0) 3 : 0.341 0.331 0.084 0.244
78 78 (0) 3 : 0.483 0.306 0.022 0.189
79 79 (0) 3 : 0.436 0.339 0.008 0.217
80 80 (0) 3 : 0.297 0.353 0.064 0.286
81 81 (0) 3 : 0.338 0.260 0.047 0.355
82 82 (0) 3 : 0.514 0.285 0.015 0.186
83 83 (0) 3 : 0.112 0.294 0.043 0.552
84 84 (0) 3 : 0.439 0.241 0.034 0.286
85 85 (0) 3 : 0.328 0.232 0.146 0.294
86 86 (0) 3 : 0.375 0.289 0.087 0.250
87 87 (0) 3 : 0.308 0.295 0.040 0.357
88 88 (0) 3 : 0.178 0.440 0.018 0.364
89 89 (0) 3 : 0.436 0.318 0.007 0.239
90 90 (0) 3 : 0.250 0.172 0.347 0.232
91 91 (0) 3 : 0.432 0.190 0.055 0.322
92 92 (0) 3 : 0.448 0.316 0.013 0.224
93 93 (0) 3 : 0.237 0.390 0.023 0.350
94 94 (0) 3 : 0.287 0.312 0.034 0.366
95 95 (0) 3 : 0.366 0.288 0.042 0.304
96 96 (0) 3 : 0.271 0.386 0.051 0.291
97 97 (0) 3 : 0.326 0.302 0.031 0.342
98 98 (0) 3 : 0.402 0.297 0.026 0.275
99 99 (0) 3 : 0.183 0.227 0.048 0.543
100 100 (0) 3 : 0.265 0.447 0.008 0.280
101 101 (0) 3 : 0.220 0.120 0.501 0.159
102 102 (0) 3 : 0.272 0.259 0.027 0.441
103 103 (0) 3 : 0.353 0.365 0.032 0.250
104 104 (0) 3 : 0.251 0.384 0.143 0.222
105 105 (0) 3 : 0.216 0.400 0.030 0.354
106 106 (0) 3 : 0.221 0.288 0.020 0.470
107 107 (0) 3 : 0.393 0.214 0.061 0.333
108 108 (0) 3 : 0.369 0.397 0.021 0.213
109 109 (0) 3 : 0.646 0.128 0.018 0.208
110 110 (0) 3 : 0.409 0.290 0.019 0.282
111 111 (0) 3 : 0.349 0.311 0.029 0.310
112 112 (7) 4 : 0.645 0.127 0.016 0.212
113 113 (12) 4 : 0.344 0.352 0.021 0.283
114 114 (12) 4 : 0.597 0.136 0.026 0.241
115 115 (3) 4 : 0.399 0.346 0.027 0.227
116 116 (12) 4 : 0.224 0.329 0.073 0.374
117 117 (13) 4 : 0.368 0.335 0.023 0.274
118 118 (0) 4 : 0.143 0.196 0.481 0.180
119 119 (3) 4 : 0.375 0.325 0.062 0.239
120 120 (0) 4 : 0.182 0.407 0.029 0.382
121 121 (0) 4 : 0.377 0.389 0.012 0.221
122 122 (9) 4 : 0.294 0.415 0.008 0.284
123 123 (9) 4 : 0.282 0.482 0.011 0.224
124 124 (12) 4 : 0.326 0.318 0.037 0.319
125 125 (0) 5 : 0.044 0.048 0.873 0.035
126 126 (0) 5 : 0.234 0.449 0.023 0.295
127 127 (0) 5 : 0.031 0.044 0.871 0.054
128 128 (0) 6 : 0.284 0.316 0.018 0.382
129 129 (0) 6 : 0.310 0.411 0.006 0.273
130 130 (9) 6 : 0.360 0.355 0.010 0.276
131 131 (0) 6 : 0.347 0.390 0.008 0.254
132 132 (0) 6 : 0.293 0.504 0.015 0.188
133 133 (0) 6 : 0.312 0.266 0.018 0.405
134 134 (0) 6 : 0.348 0.310 0.026 0.316
135 135 (0) 6 : 0.319 0.269 0.028 0.384
136 136 (11) 6 : 0.263 0.266 0.050 0.421
137 137 (0) 6 : 0.333 0.268 0.054 0.345
138 138 (0) 6 : 0.253 0.268 0.123 0.356
139 139 (0) 6 : 0.174 0.363 0.072 0.391
140 140 (4) 6 : 0.308 0.333 0.028 0.331
141 141 (0) 6 : 0.291 0.265 0.033 0.411
142 142 (0) 6 : 0.206 0.280 0.073 0.441
143 143 (0) 6 : 0.207 0.516 0.012 0.265
144 144 (0) 6 : 0.322 0.351 0.072 0.255
145 145 (4) 6 : 0.211 0.523 0.009 0.257
146 146 (5) 6 : 0.192 0.433 0.018 0.357
147 147 (0) 6 : 0.341 0.394 0.010 0.254
148 148 (5) 6 : 0.335 0.307 0.023 0.335
149 149 (0) 6 : 0.296 0.261 0.016 0.428
150 150 (0) 6 : 0.341 0.299 0.034 0.326
151 151 (10) 6 : 0.205 0.297 0.030 0.468
152 152 (0) 6 : 0.239 0.442 0.018 0.301
153 153 (0) 6 : 0.291 0.462 0.008 0.240
154 154 (0) 6 : 0.264 0.368 0.027 0.342
155 155 (5) 6 : 0.314 0.317 0.053 0.316
156 156 (0) 6 : 0.140 0.218 0.125 0.517
157 157 (0) 6 : 0.201 0.298 0.036 0.465
158 158 (0) 6 : 0.173 0.298 0.050 0.480
159 159 (10) 6 : 0.237 0.291 0.029 0.443
160 160 (0) 6 : 0.252 0.324 0.024 0.399
161 161 (0) 6 : 0.338 0.446 0.007 0.208
162 162 (0) 6 : 0.355 0.334 0.018 0.293
163 163 (0) 6 : 0.223 0.352 0.023 0.401
164 164 (0) 6 : 0.577 0.332 0.009 0.082
165 165 (0) 6 : 0.574 0.346 0.011 0.069
166 166 (0) 6 : 0.408 0.316 0.032 0.245
167 167 (0) 6 : 0.383 0.369 0.017 0.231
168 168 (0) 6 : 0.262 0.305 0.055 0.378
169 169 (0) 6 : 0.258 0.353 0.041 0.348
170 170 (2) 6 : 0.370 0.293 0.020 0.317
171 171 (0) 6 : 0.317 0.370 0.106 0.206
172 172 (0) 6 : 0.348 0.364 0.023 0.266
173 173 (0) 6 : 0.324 0.318 0.034 0.324
174 174 (0) 6 : 0.230 0.310 0.049 0.410
175 175 (7) 6 : 0.294 0.341 0.016 0.350
176 176 (0) 6 : 0.335 0.344 0.027 0.293
177 177 (10) 6 : 0.142 0.299 0.105 0.455
178 178 (0) 6 : 0.124 0.083 0.676 0.118
179 179 (8) 6 : 0.196 0.308 0.022 0.474
180 180 (0) 6 : 0.208 0.390 0.010 0.392
181 181 (7) 6 : 0.186 0.278 0.025 0.512
182 182 (0) 6 : 0.386 0.448 0.009 0.158
183 183 (0) 6 : 0.387 0.416 0.026 0.171
184 184 (0) 6 : 0.295 0.325 0.069 0.312
185 185 (0) 6 : 0.350 0.248 0.011 0.391
186 186 (2) 6 : 0.391 0.360 0.031 0.218
187 187 (0) 6 : 0.465 0.277 0.070 0.188
188 188 (0) 6 : 0.223 0.364 0.126 0.287
189 189 (3) 6 : 0.301 0.309 0.042 0.348
190 190 (0) 6 : 0.278 0.342 0.029 0.350
191 191 (0) 6 : 0.416 0.374 0.010 0.200
192 192 (0) 6 : 0.122 0.168 0.412 0.297
193 193 (0) 6 : 0.375 0.311 0.017 0.296
194 194 (0) 6 : 0.295 0.318 0.056 0.332
195 195 (0) 6 : 0.264 0.329 0.073 0.333
196 196 (13) 6 : 0.293 0.286 0.031 0.390
197 197 (0) 6 : 0.225 0.391 0.027 0.357
198 198 (12) 6 : 0.218 0.226 0.087 0.470
199 199 (0) 6 : 0.299 0.335 0.043 0.323
200 200 (0) 6 : 0.269 0.356 0.011 0.365
201 201 (8) 6 : 0.306 0.326 0.011 0.357
202 202 (0) 6 : 0.316 0.305 0.031 0.348
203 203 (0) 6 : 0.153 0.302 0.016 0.529
204 204 (0) 6 : 0.179 0.326 0.076 0.419
205 205 (0) 6 : 0.296 0.281 0.037 0.386
206 206 (0) 6 : 0.283 0.406 0.029 0.282
207 207 (14) 6 : 0.320 0.393 0.018 0.269
208 208 (0) 6 : 0.268 0.253 0.125 0.354
209 209 (0) 6 : 0.324 0.285 0.022 0.368
210 210 (0) 6 : 0.456 0.301 0.011 0.231
211 211 (14) 6 : 0.329 0.323 0.016 0.332
212 212 (0) 6 : 0.275 0.257 0.101 0.368
213 213 (7) 6 : 0.264 0.259 0.049 0.428
214 214 (0) 6 : 0.139 0.207 0.017 0.637
215 215 (0) 6 : 0.373 0.358 0.053 0.216
216 216 (0) 6 : 0.146 0.375 0.014 0.465
217 217 (5) 6 : 0.150 0.375 0.020 0.456
218 218 (0) 6 : 0.284 0.258 0.080 0.378
219 219 (0) 2 : 0.033 0.043 0.893 0.030
220 220 (0) 2 : 0.008 0.009 0.971 0.012
221 221 (0) 2 : 0.027 0.025 0.925 0.023
222 222 (0) 2 : 0.064 0.063 0.814 0.059
223 223 (0) 2 : 0.033 0.029 0.899 0.040
224 224 (0) 2 : 0.009 0.008 0.973 0.009
225 225 (0) 2 : 0.106 0.134 0.608 0.151
226 226 (0) 2 : 0.007 0.005 0.983 0.006
227 227 (0) 2 : 0.052 0.076 0.785 0.087
1 1 (0) 1 : 0.321 0.267 0.007 0.405
2 2 (1) 1 : 0.303 0.252 0.110 0.335
3 3 (0) 1 : 0.282 0.352 0.038 0.329
4 4 (0) 2 : 0.059 0.070 0.800 0.070
5 5 (0) 2 : 0.349 0.318 0.014 0.318
6 6 (0) 2 : 0.068 0.084 0.769 0.079
7 7 (0) 2 : 0.023 0.024 0.932 0.021
8 8 (0) 2 : 0.008 0.009 0.973 0.009
9 9 (0) 2 : 0.051 0.052 0.844 0.053
10 10 (0) 2 : 0.013 0.012 0.965 0.011
11 11 (0) 2 : 0.020 0.013 0.949 0.017
12 12 (0) 2 : 0.042 0.053 0.837 0.068
13 13 (0) 2 : 0.014 0.022 0.942 0.021
14 14 (0) 2 : 0.037 0.043 0.877 0.043
15 15 (0) 2 : 0.142 0.130 0.563 0.165
16 16 (0) 2 : 0.015 0.014 0.958 0.013
17 17 (0) 2 : 0.061 0.048 0.816 0.075
18 18 (0) 2 : 0.023 0.023 0.928 0.026
19 19 (0) 2 : 0.020 0.025 0.932 0.023
20 20 (0) 2 : 0.107 0.109 0.660 0.124
21 21 (9) 2 : 0.042 0.043 0.857 0.058
22 22 (0) 2 : 0.282 0.225 0.210 0.284
23 23 (0) 2 : 0.030 0.027 0.919 0.024
24 24 (0) 2 : 0.008 0.009 0.972 0.011
25 25 (0) 2 : 0.135 0.145 0.568 0.152
26 26 (0) 2 : 0.021 0.018 0.945 0.015
27 27 (0) 2 : 0.039 0.041 0.874 0.047
28 28 (0) 2 : 0.009 0.010 0.973 0.008
29 29 (0) 2 : 0.037 0.032 0.892 0.039
30 30 (0) 2 : 0.270 0.181 0.326 0.222
31 31 (0) 2 : 0.012 0.011 0.965 0.012
32 32 (0) 2 : 0.017 0.017 0.938 0.028
33 33 (0) 2 : 0.028 0.023 0.921 0.028
34 34 (0) 2 : 0.083 0.087 0.759 0.071
35 35 (0) 2 : 0.017 0.021 0.930 0.032
36 36 (5) 2 : 0.011 0.014 0.960 0.015
37 37 (0) 2 : 0.010 0.015 0.960 0.015
38 38 (0) 2 : 0.039 0.026 0.889 0.046
39 39 (0) 2 : 0.016 0.010 0.962 0.012
40 40 (0) 2 : 0.011 0.016 0.961 0.013
41 41 (0) 2 : 0.199 0.177 0.362 0.262
42 42 (0) 2 : 0.027 0.021 0.925 0.027
43 43 (0) 2 : 0.064 0.039 0.853 0.044
44 44 (0) 2 : 0.030 0.045 0.880 0.044
45 45 (0) 2 : 0.067 0.042 0.837 0.053
46 46 (0) 2 : 0.012 0.013 0.960 0.015
47 47 (4) 2 : 0.285 0.188 0.265 0.261
48 48 (0) 2 : 0.165 0.106 0.546 0.183
49 49 (1) 2 : 0.306 0.224 0.181 0.288
50 50 (0) 2 : 0.038 0.040 0.873 0.049
51 51 (0) 2 : 0.012 0.015 0.961 0.012
52 52 (0) 2 : 0.017 0.013 0.948 0.021
53 53 (0) 2 : 0.186 0.098 0.542 0.174
54 54 (0) 2 : 0.010 0.007 0.974 0.009
55 55 (0) 2 : 0.022 0.025 0.931 0.021
56 56 (0) 2 : 0.030 0.031 0.906 0.033
57 57 (0) 2 : 0.210 0.182 0.364 0.244
58 58 (0) 2 : 0.016 0.018 0.944 0.023
59 59 (0) 2 : 0.033 0.024 0.913 0.029
60 60 (0) 2 : 0.015 0.015 0.955 0.016
61 61 (0) 2 : 0.047 0.051 0.854 0.047
62 62 (1) 2 : 0.014 0.009 0.967 0.010
63 63 (0) 3 : 0.293 0.409 0.042 0.256
64 64 (0) 3 : 0.374 0.347 0.007 0.271
65 65 (0) 3 : 0.292 0.407 0.010 0.291
66 66 (0) 3 : 0.320 0.233 0.058 0.389
67 67 (0) 3 : 0.288 0.308 0.041 0.363
68 68 (0) 3 : 0.296 0.335 0.017 0.353
69 69 (0) 3 : 0.407 0.224 0.013 0.356
70 70 (0) 3 : 0.405 0.183 0.028 0.383
71 71 (0) 3 : 0.283 0.225 0.069 0.423
72 72 (8) 3 : 0.398 0.197 0.008 0.397
73 73 (0) 3 : 0.345 0.255 0.027 0.374
74 74 (0) 3 : 0.203 0.167 0.390 0.240
75 75 (0) 3 : 0.303 0.210 0.136 0.351
76 76 (0) 3 : 0.302 0.338 0.016 0.344
77 77 (0) 3 : 0.407 0.151 0.073 0.369
78 78 (0) 3 : 0.294 0.307 0.018 0.382
79 79 (0) 3 : 0.362 0.269 0.009 0.360
80 80 (0) 3 : 0.350 0.209 0.066 0.375
81 81 (0) 3 : 0.267 0.290 0.047 0.395
82 82 (0) 3 : 0.399 0.230 0.012 0.359
83 83 (0) 3 : 0.401 0.244 0.042 0.313
84 84 (0) 3 : 0.309 0.282 0.035 0.374
85 85 (0) 3 : 0.295 0.280 0.126 0.299
86 86 (0) 3 : 0.334 0.253 0.078 0.334
87 87 (0) 3 : 0.280 0.403 0.038 0.279
88 88 (0) 3 : 0.501 0.226 0.015 0.257
89 89 (0) 3 : 0.358 0.347 0.007 0.287
90 90 (0) 3 : 0.160 0.251 0.322 0.267
91 91 (0) 3 : 0.288 0.312 0.055 0.345
92 92 (0) 3 : 0.348 0.321 0.012 0.319
93 93 (0) 3 : 0.396 0.214 0.021 0.369
94 94 (0) 3 : 0.356 0.264 0.032 0.348
95 95 (0) 3 : 0.339 0.239 0.033 0.389
96 96 (0) 3 : 0.373 0.253 0.048 0.326
97 97 (0) 3 : 0.367 0.287 0.026 0.320
98 98 (0) 3 : 0.354 0.236 0.027 0.383
99 99 (0) 3 : 0.291 0.337 0.046 0.326
100 100 (0) 3 : 0.368 0.309 0.007 0.316
101 101 (0) 3 : 0.105 0.198 0.505 0.192
102 102 (0) 3 : 0.333 0.287 0.024 0.356
103 103 (0) 3 : 0.357 0.215 0.025 0.403
104 104 (0) 3 : 0.296 0.199 0.140 0.365
105 105 (0) 3 : 0.444 0.181 0.028 0.346
106 106 (0) 3 : 0.338 0.333 0.023 0.307
107 107 (0) 3 : 0.261 0.324 0.058 0.357
108 108 (0) 3 : 0.334 0.287 0.023 0.355
109 109 (0) 3 : 0.098 0.509 0.018 0.375
110 110 (0) 3 : 0.271 0.386 0.018 0.326
111 111 (0) 3 : 0.333 0.326 0.033 0.308
112 112 (7) 4 : 0.106 0.509 0.018 0.367
113 113 (12) 4 : 0.350 0.208 0.018 0.425
114 114 (12) 4 : 0.149 0.436 0.025 0.390
115 115 (3) 4 : 0.353 0.312 0.020 0.315
116 116 (12) 4 : 0.329 0.233 0.068 0.369
117 117 (13) 4 : 0.278 0.418 0.021 0.282
118 118 (0) 4 : 0.173 0.183 0.454 0.190
119 119 (3) 4 : 0.271 0.362 0.055 0.312
120 120 (0) 4 : 0.447 0.254 0.021 0.278
121 121 (0) 4 : 0.395 0.211 0.012 0.382
122 122 (9) 4 : 0.243 0.565 0.006 0.186
123 123 (9) 4 : 0.437 0.235 0.009 0.318
124 124 (12) 4 : 0.301 0.345 0.026 0.328
125 125 (0) 5 : 0.032 0.034 0.895 0.038
126 126 (0) 5 : 0.509 0.215 0.019 0.258
127 127 (0) 5 : 0.036 0.034 0.885 0.046
128 128 (0) 6 : 0.343 0.370 0.016 0.271
129 129 (0) 6 : 0.263 0.530 0.006 0.202
130 130 (9) 6 : 0.311 0.370 0.009 0.310
131 131 (0) 6 : 0.296 0.420 0.007 0.277
132 132 (0) 6 : 0.447 0.202 0.013 0.337
133 133 (0) 6 : 0.261 0.485 0.018 0.236
134 134 (0) 6 : 0.334 0.267 0.019 0.380
135 135 (0) 6 : 0.252 0.453 0.031 0.263
136 136 (11) 6 : 0.334 0.272 0.043 0.352
137 137 (0) 6 : 0.301 0.323 0.046 0.330
138 138 (0) 6 : 0.325 0.222 0.148 0.305
139 139 (0) 6 : 0.336 0.301 0.067 0.297
140 140 (4) 6 : 0.279 0.342 0.028 0.350
141 141 (0) 6 : 0.297 0.362 0.029 0.312
142 142 (0) 6 : 0.297 0.259 0.071 0.374
143 143 (0) 6 : 0.536 0.154 0.011 0.299
144 144 (0) 6 : 0.354 0.219 0.058 0.369
145 145 (4) 6 : 0.542 0.152 0.006 0.299
146 146 (5) 6 : 0.487 0.183 0.016 0.314
147 147 (0) 6 : 0.325 0.348 0.011 0.316
148 148 (5) 6 : 0.308 0.323 0.019 0.350
149 149 (0) 6 : 0.312 0.381 0.011 0.295
150 150 (0) 6 : 0.279 0.414 0.021 0.285
151 151 (10) 6 : 0.313 0.370 0.028 0.288
152 152 (0) 6 : 0.391 0.292 0.016 0.300
153 153 (0) 6 : 0.379 0.329 0.008 0.284
154 154 (0) 6 : 0.411 0.299 0.022 0.268
155 155 (5) 6 : 0.345 0.254 0.050 0.351
156 156 (0) 6 : 0.305 0.275 0.126 0.294
157 157 (0) 6 : 0.251 0.449 0.034 0.265
158 158 (0) 6 : 0.400 0.266 0.046 0.288
159 159 (10) 6 : 0.340 0.286 0.025 0.348
160 160 (0) 6 : 0.329 0.283 0.023 0.365
161 161 (0) 6 : 0.435 0.258 0.007 0.301
162 162 (0) 6 : 0.269 0.435 0.016 0.280
163 163 (0) 6 : 0.439 0.211 0.020 0.330
164 164 (0) 6 : 0.370 0.247 0.013 0.370
165 165 (0) 6 : 0.372 0.242 0.009 0.377
166 166 (0) 6 : 0.325 0.345 0.030 0.300
167 167 (0) 6 : 0.334 0.257 0.015 0.395
168 168 (0) 6 : 0.298 0.358 0.046 0.299
169 169 (0) 6 : 0.424 0.226 0.037 0.314
170 170 (2) 6 : 0.282 0.398 0.017 0.302
171 171 (0) 6 : 0.312 0.248 0.102 0.338
172 172 (0) 6 : 0.340 0.375 0.020 0.265
173 173 (0) 6 : 0.352 0.302 0.031 0.314
174 174 (0) 6 : 0.302 0.333 0.048 0.317
175 175 (7) 6 : 0.364 0.278 0.018 0.339
176 176 (0) 6 : 0.336 0.306 0.024 0.334
177 177 (10) 6 : 0.342 0.228 0.094 0.336
178 178 (0) 6 : 0.085 0.100 0.702 0.113
179 179 (8) 6 : 0.291 0.314 0.023 0.372
180 180 (0) 6 : 0.346 0.340 0.009 0.305
181 181 (7) 6 : 0.347 0.269 0.023 0.361
182 182 (0) 6 : 0.386 0.245 0.007 0.362
183 183 (0) 6 : 0.396 0.261 0.023 0.320
184 184 (0) 6 : 0.250 0.360 0.066 0.324
185 185 (0) 6 : 0.246 0.390 0.010 0.353
186 186 (2) 6 : 0.370 0.221 0.024 0.386
187 187 (0) 6 : 0.290 0.270 0.062 0.378
188 188 (0) 6 : 0.307 0.258 0.117 0.317
189 189 (3) 6 : 0.283 0.374 0.036 0.306
190 190 (0) 6 : 0.356 0.277 0.030 0.337
191 191 (0) 6 : 0.264 0.450 0.009 0.277
192 192 (0) 6 : 0.212 0.177 0.400 0.212
193 193 (0) 6 : 0.284 0.376 0.015 0.325
194 194 (0) 6 : 0.260 0.417 0.047 0.275
195 195 (0) 6 : 0.305 0.250 0.056 0.389
196 196 (13) 6 : 0.280 0.443 0.027 0.250
197 197 (0) 6 : 0.407 0.257 0.022 0.314
198 198 (12) 6 : 0.292 0.281 0.087 0.340
199 199 (0) 6 : 0.289 0.373 0.038 0.300
200 200 (0) 6 : 0.371 0.344 0.009 0.276
201 201 (8) 6 : 0.265 0.458 0.012 0.265
202 202 (0) 6 : 0.257 0.459 0.026 0.259
203 203 (0) 6 : 0.321 0.422 0.015 0.242
204 204 (0) 6 : 0.296 0.401 0.072 0.230
205 205 (0) 6 : 0.255 0.326 0.029 0.390
206 206 (0) 6 : 0.339 0.250 0.031 0.380
207 207 (14) 6 : 0.321 0.277 0.016 0.387
208 208 (0) 6 : 0.266 0.293 0.111 0.331
209 209 (0) 6 : 0.243 0.476 0.017 0.264
210 210 (0) 6 : 0.293 0.405 0.012 0.290
211 211 (14) 6 : 0.261 0.459 0.015 0.265
212 212 (0) 6 : 0.300 0.349 0.089 0.262
213 213 (7) 6 : 0.295 0.420 0.037 0.249
214 214 (0) 6 : 0.377 0.286 0.017 0.320
215 215 (0) 6 : 0.288 0.307 0.047 0.359
216 216 (0) 6 : 0.274 0.523 0.014 0.189
217 217 (5) 6 : 0.282 0.515 0.022 0.181
218 218 (0) 6 : 0.327 0.300 0.075 0.297
219 219 (0) 2 : 0.037 0.031 0.896 0.036
220 220 (0) 2 : 0.008 0.009 0.976 0.007
221 221 (0) 2 : 0.024 0.030 0.916 0.030
222 222 (0) 2 : 0.066 0.051 0.818 0.065
223 223 (0) 2 : 0.026 0.029 0.900 0.044
224 224 (0) 2 : 0.011 0.008 0.974 0.007
225 225 (0) 2 : 0.114 0.132 0.653 0.101
226 226 (0) 2 : 0.006 0.004 0.985 0.005
227 227 (0) 2 : 0.074 0.055 0.795 0.076
1 1 (0) 1 : 0.322 0.393 0.277 0.007
2 2 (1) 1 : 0.287 0.322 0.257 0.134
3 3 (0) 1 : 0.292 0.319 0.346 0.043
4 4 (0) 2 : 0.074 0.073 0.082 0.772
5 5 (0) 2 : 0.270 0.294 0.419 0.016
6 6 (0) 2 : 0.091 0.081 0.078 0.751
7 7 (0) 2 : 0.022 0.023 0.026 0.929
8 8 (0) 2 : 0.009 0.011 0.006 0.975
9 9 (0) 2 : 0.046 0.037 0.061 0.857
10 10 (0) 2 : 0.014 0.013 0.015 0.959
11 11 (0) 2 : 0.019 0.017 0.021 0.942
12 12 (0) 2 : 0.063 0.062 0.043 0.832
13 13 (0) 2 : 0.023 0.024 0.020 0.933
14 14 (0) 2 : 0.041 0.036 0.029 0.894
15 15 (0) 2 : 0.107 0.147 0.169 0.577
16 16 (0) 2 : 0.012 0.011 0.012 0.964
17 17 (0) 2 : 0.052 0.063 0.044 0.841
18 18 (0) 2 : 0.026 0.022 0.023 0.929
19 19 (0) 2 : 0.028 0.022 0.024 0.926
20 20 (0) 2 : 0.147 0.133 0.081 0.638
21 21 (9) 2 : 0.040 0.038 0.055 0.867
22 22 (0) 2 : 0.214 0.327 0.250 0.209
23 23 (0) 2 : 0.028 0.037 0.028 0.908
24 24 (0) 2 : 0.015 0.013 0.010 0.962
25 25 (0) 2 : 0.148 0.136 0.126 0.591
26 26 (0) 2 : 0.018 0.027 0.026 0.929
27 27 (0) 2 : 0.061 0.063 0.044 0.833
28 28 (0) 2 : 0.010 0.007 0.009 0.974
29 29 (0) 2 : 0.040 0.041 0.038 0.881
30 30 (0) 2 : 0.202 0.177 0.287 0.334
31 31 (0) 2 : 0.013 0.015 0.014 0.958
32 32 (0) 2 : 0.025 0.019 0.043 0.913
33 33 (0) 2 : 0.038 0.027 0.022 0.914
34 34 (0) 2 : 0.099 0.088 0.077 0.736
35 35 (0) 2 : 0.030 0.025 0.037 0.908
36 36 (5) 2 : 0.016 0.014 0.015 0.955
37 37 (0) 2 : 0.018 0.013 0.013 0.956
38 38 (0) 2 : 0.038 0.045 0.051 0.866
39 39 (0) 2 : 0.014 0.015 0.016 0.955
40 40 (0) 2 : 0.013 0.011 0.013 0.963
41 41 (0) 2 : 0.212 0.285 0.160 0.342
42 42 (0) 2 : 0.025 0.024 0.023 0.929
43 43 (0) 2 : 0.036 0.051 0.052 0.861
44 44 (0) 2 : 0.046 0.050 0.035 0.870
45 45 (0) 2 : 0.058 0.076 0.096 0.771
46 46 (0) 2 : 0.010 0.015 0.013 0.961
47 47 (4) 2 : 0.215 0.208 0.301 0.276
48 48 (0) 2 : 0.133 0.139 0.189 0.539
49 49 (1) 2 : 0.254 0.287 0.254 0.204
50 50 (0) 2 : 0.047 0.052 0.041 0.861
51 51 (0) 2 : 0.014 0.012 0.013 0.960
52 52 (0) 2 : 0.026 0.025 0.023 0.926
53 53 (0) 2 : 0.131 0.156 0.159 0.554
54 54 (0) 2 : 0.009 0.008 0.015 0.969
55 55 (0) 2 : 0.021 0.025 0.026 0.929
56 56 (0) 2 : 0.025 0.030 0.033 0.911
57 57 (0) 2 : 0.192 0.252 0.210 0.347
58 58 (0) 2 : 0.024 0.022 0.021 0.933
59 59 (0) 2 : 0.032 0.037 0.028 0.903
60 60 (0) 2 : 0.020 0.018 0.018 0.943
61 61 (0) 2 : 0.057 0.050 0.044 0.850
62 62 (1) 2 : 0.012 0.011 0.009 0.968
63 63 (0) 3 : 0.365 0.405 0.183 0.046
64 64 (0) 3 : 0.302 0.294 0.396 0.008
65 65 (0) 3 : 0.407 0.304 0.279 0.011
66 66 (0) 3 : 0.232 0.422 0.249 0.097
67 67 (0) 3 : 0.334 0.367 0.256 0.043
68 68 (0) 3 : 0.387 0.325 0.271 0.017
69 69 (0) 3 : 0.292 0.357 0.339 0.011
70 70 (0) 3 : 0.330 0.332 0.308 0.030
71 71 (0) 3 : 0.329 0.331 0.280 0.059
72 72 (8) 3 : 0.389 0.331 0.269 0.010
73 73 (0) 3 : 0.281 0.228 0.463 0.028
74 74 (0) 3 : 0.173 0.244 0.184 0.399
75 75 (0) 3 : 0.285 0.303 0.262 0.150
76 76 (0) 3 : 0.303 0.268 0.408 0.022
77 77 (0) 3 : 0.288 0.348 0.282 0.082
78 78 (0) 3 : 0.383 0.340 0.253 0.023
79 79 (0) 3 : 0.342 0.280 0.367 0.011
80 80 (0) 3 : 0.295 0.449 0.194 0.061
81 81 (0) 3 : 0.315 0.325 0.315 0.044
82 82 (0) 3 : 0.361 0.270 0.356 0.013
83 83 (0) 3 : 0.243 0.341 0.368 0.049
84 84 (0) 3 : 0.418 0.326 0.219 0.036
85 85 (0) 3 : 0.311 0.276 0.263 0.150
86 86 (0) 3 : 0.323 0.226 0.362 0.090
87 87 (0) 3 : 0.329 0.179 0.460 0.032
88 88 (0) 3 : 0.181 0.357 0.449 0.014
89 89 (0) 3 : 0.332 0.340 0.322 0.006
90 90 (0) 3 : 0.247 0.214 0.204 0.335
91 91 (0) 3 : 0.371 0.308 0.257 0.064
92 92 (0) 3 : 0.369 0.292 0.326 0.013
93 93 (0) 3 : 0.260 0.395 0.319 0.027
94 94 (0) 3 : 0.356 0.294 0.314 0.036
95 95 (0) 3 : 0.297 0.378 0.291 0.035
96 96 (0) 3 : 0.213 0.311 0.427 0.049
97 97 (0) 3 : 0.308 0.291 0.371 0.030
98 98 (0) 3 : 0.307 0.341 0.322 0.031
99 99 (0) 3 : 0.293 0.373 0.289 0.045
100 100 (0) 3 : 0.294 0.422 0.275 0.009
101 101 (0) 3 : 0.232 0.160 0.155 0.452
102 102 (0) 3 : 0.380 0.353 0.242 0.026
103 103 (0) 3 : 0.325 0.421 0.227 0.027
104 104 (0) 3 : 0.211 0.349 0.304 0.135
105 105 (0) 3 : 0.271 0.355 0.341 0.032
106 106 (0) 3 : 0.345 0.375 0.252 0.028
107 107 (0) 3 : 0.402 0.284 0.238 0.076
108 108 (0) 3 : 0.353 0.323 0.301 0.023
109 109 (0) 3 : 0.529 0.286 0.169 0.016
110 110 (0) 3 : 0.450 0.251 0.279 0.019
111 111 (0) 3 : 0.378 0.396 0.197 0.030
112 112 (7) 4 : 0.531 0.286 0.166 0.017
113 113 (12) 4 : 0.319 0.437 0.226 0.017
114 114 (12) 4 : 0.505 0.300 0.168 0.026
115 115 (3) 4 : 0.328 0.323 0.321 0.028
116 116 (12) 4 : 0.243 0.359 0.312 0.086
117 117 (13) 4 : 0.321 0.340 0.319 0.020
118 118 (0) 4 : 0.187 0.168 0.191 0.454
119 119 (3) 4 : 0.308 0.334 0.297 0.062
120 120 (0) 4 : 0.239 0.299 0.439 0.023
121 121 (0) 4 : 0.272 0.406 0.307 0.015
122 122 (9) 4 : 0.331 0.349 0.314 0.007
123 123 (9) 4 : 0.221 0.316 0.453 0.011
124 124 (12) 4 : 0.342 0.334 0.295 0.029
125 125 (0) 5 : 0.036 0.035 0.032 0.897
126 126 (0) 5 : 0.223 0.302 0.457 0.017
127 127 (0) 5 : 0.038 0.050 0.035 0.877
128 128 (0) 6 : 0.258 0.283 0.441 0.018
129 129 (0) 6 : 0.316 0.349 0.327 0.008
130 130 (9) 6 : 0.342 0.272 0.376 0.010
131 131 (0) 6 : 0.356 0.329 0.306 0.009
132 132 (0) 6 : 0.266 0.375 0.345 0.015
133 133 (0) 6 : 0.360 0.326 0.295 0.019
134 134 (0) 6 : 0.381 0.342 0.253 0.024
135 135 (0) 6 : 0.389 0.286 0.295 0.030
136 136 (11) 6 : 0.273 0.336 0.347 0.044
137 137 (0) 6 : 0.339 0.292 0.318 0.051
138 138 (0) 6 : 0.251 0.302 0.310 0.137
139 139 (0) 6 : 0.268 0.330 0.346 0.056
140 140 (4) 6 : 0.348 0.319 0.308 0.025
141 141 (0) 6 : 0.264 0.419 0.288 0.029
142 142 (0) 6 : 0.284 0.307 0.329 0.079
143 143 (0) 6 : 0.162 0.474 0.355 0.009
144 144 (0) 6 : 0.283 0.406 0.243 0.068
145 145 (4) 6 : 0.168 0.467 0.357 0.008
146 146 (5) 6 : 0.170 0.475 0.338 0.017
147 147 (0) 6 : 0.358 0.342 0.289 0.011
148 148 (5) 6 : 0.326 0.390 0.264 0.019
149 149 (0) 6 : 0.430 0.311 0.244 0.015
150 150 (0) 6 : 0.392 0.347 0.233 0.029
151 151 (10) 6 : 0.372 0.319 0.273 0.036
152 152 (0) 6 : 0.271 0.353 0.358 0.018
153 153 (0) 6 : 0.235 0.325 0.432 0.007
154 154 (0) 6 : 0.307 0.222 0.444 0.026
155 155 (5) 6 : 0.342 0.331 0.277 0.050
156 156 (0) 6 : 0.253 0.250 0.361 0.135
157 157 (0) 6 : 0.253 0.272 0.438 0.037
158 158 (0) 6 : 0.234 0.346 0.358 0.061
159 159 (10) 6 : 0.297 0.211 0.463 0.029
160 160 (0) 6 : 0.300 0.208 0.467 0.025
161 161 (0) 6 : 0.346 0.333 0.315 0.006
162 162 (0) 6 : 0.334 0.372 0.277 0.017
163 163 (0) 6 : 0.254 0.322 0.399 0.025
164 164 (0) 6 : 0.449 0.243 0.298 0.010
165 165 (0) 6 : 0.435 0.246 0.308 0.011
166 166 (0) 6 : 0.289 0.240 0.434 0.037
167 167 (0) 6 : 0.303 0.458 0.226 0.013
168 168 (0) 6 : 0.312 0.299 0.336 0.053
169 169 (0) 6 : 0.277 0.269 0.415 0.039
170 170 (2) 6 : 0.291 0.311 0.378 0.020
171 171 (0) 6 : 0.310 0.304 0.289 0.097
172 172 (0) 6 : 0.332 0.288 0.361 0.019
173 173 (0) 6 : 0.277 0.353 0.342 0.029
174 174 (0) 6 : 0.358 0.271 0.313 0.059
175 175 (7) 6 : 0.303 0.312 0.365 0.020
176 176 (0) 6 : 0.262 0.350 0.359 0.028
177 177 (10) 6 : 0.250 0.231 0.407 0.112
178 178 (0) 6 : 0.117 0.097 0.136 0.650
179 179 (8) 6 : 0.305 0.316 0.359 0.020
180 180 (0) 6 : 0.248 0.367 0.375 0.010
181 181 (7) 6 : 0.272 0.288 0.415 0.024
182 182 (0) 6 : 0.295 0.402 0.296 0.008
183 183 (0) 6 : 0.290 0.305 0.379 0.025
184 184 (0) 6 : 0.289 0.294 0.348 0.069
185 185 (0) 6 : 0.361 0.321 0.304 0.015
186 186 (2) 6 : 0.290 0.404 0.275 0.031
187 187 (0) 6 : 0.367 0.238 0.318 0.077
188 188 (0) 6 : 0.255 0.255 0.358 0.132
189 189 (3) 6 : 0.267 0.276 0.417 0.040
190 190 (0) 6 : 0.249 0.419 0.291 0.041
191 191 (0) 6 : 0.395 0.240 0.355 0.010
192 192 (0) 6 : 0.195 0.177 0.217 0.411
193 193 (0) 6 : 0.425 0.275 0.278 0.022
194 194 (0) 6 : 0.336 0.417 0.184 0.063
195 195 (0) 6 : 0.264 0.371 0.293 0.071
196 196 (13) 6 : 0.416 0.357 0.194 0.033
197 197 (0) 6 : 0.237 0.398 0.336 0.028
198 198 (12) 6 : 0.304 0.354 0.243 0.099
199 199 (0) 6 : 0.316 0.232 0.415 0.037
200 200 (0) 6 : 0.311 0.277 0.403 0.008
201 201 (8) 6 : 0.411 0.363 0.213 0.013
202 202 (0) 6 : 0.423 0.364 0.189 0.024
203 203 (0) 6 : 0.326 0.336 0.324 0.015
204 204 (0) 6 : 0.323 0.348 0.251 0.078
205 205 (0) 6 : 0.346 0.286 0.342 0.027
206 206 (0) 6 : 0.242 0.322 0.405 0.031
207 207 (14) 6 : 0.265 0.346 0.368 0.020
208 208 (0) 6 : 0.310 0.322 0.237 0.130
209 209 (0) 6 : 0.405 0.269 0.306 0.020
210 210 (0) 6 : 0.368 0.282 0.338 0.011
211 211 (14) 6 : 0.322 0.440 0.222 0.016
212 212 (0) 6 : 0.374 0.313 0.222 0.091
213 213 (7) 6 : 0.396 0.393 0.172 0.039
214 214 (0) 6 : 0.239 0.396 0.348 0.017
215 215 (0) 6 : 0.349 0.326 0.277 0.048
216 216 (0) 6 : 0.276 0.295 0.418 0.011
217 217 (5) 6 : 0.263 0.302 0.413 0.022
218 218 (0) 6 : 0.355 0.249 0.314 0.083
219 219 (0) 2 : 0.039 0.039 0.035 0.887
220 220 (0) 2 : 0.009 0.010 0.009 0.972
221 221 (0) 2 : 0.028 0.029 0.026 0.917
222 222 (0) 2 : 0.051 0.063 0.065 0.821
223 223 (0) 2 : 0.031 0.036 0.031 0.902
224 224 (0) 2 : 0.008 0.008 0.008 0.976
225 225 (0) 2 : 0.112 0.119 0.165 0.605
226 226 (0) 2 : 0.006 0.006 0.004 0.983
227 227 (0) 2 : 0.061 0.085 0.070 0.784
