1 1 (0) 1 : 0.471 0.010 0.518
2 2 (1) 1 : 0.441 0.168 0.391
3 3 (0) 1 : 0.458 0.062 0.481
4 4 (0) 2 : 0.094 0.809 0.096
5 5 (0) 2 : 0.524 0.019 0.457
6 6 (0) 2 : 0.067 0.821 0.111
7 7 (0) 2 : 0.028 0.943 0.029
8 8 (0) 2 : 0.012 0.976 0.012
9 9 (0) 2 : 0.065 0.864 0.071
10 10 (0) 2 : 0.015 0.970 0.015
11 11 (0) 2 : 0.024 0.955 0.022
12 12 (0) 2 : 0.059 0.875 0.066
13 13 (0) 2 : 0.024 0.953 0.023
14 14 (0) 2 : 0.051 0.902 0.047
15 15 (0) 2 : 0.202 0.633 0.164
16 16 (0) 2 : 0.014 0.972 0.014
17 17 (0) 2 : 0.071 0.868 0.061
18 18 (0) 2 : 0.028 0.940 0.033
19 19 (0) 2 : 0.030 0.934 0.037
20 20 (0) 2 : 0.135 0.702 0.163
21 21 (9) 2 : 0.068 0.880 0.053
22 22 (0) 2 : 0.344 0.267 0.389
23 23 (0) 2 : 0.031 0.930 0.039
24 24 (0) 2 : 0.015 0.965 0.020
25 25 (0) 2 : 0.164 0.654 0.182
26 26 (0) 2 : 0.032 0.940 0.028
27 27 (0) 2 : 0.043 0.890 0.067
28 28 (0) 2 : 0.012 0.977 0.011
29 29 (0) 2 : 0.043 0.919 0.037
30 30 (0) 2 : 0.353 0.345 0.301
31 31 (0) 2 : 0.014 0.968 0.017
32 32 (0) 2 : 0.028 0.952 0.020
33 33 (0) 2 : 0.030 0.933 0.037
34 34 (0) 2 : 0.071 0.806 0.123
35 35 (0) 2 : 0.034 0.940 0.026
36 36 (5) 2 : 0.017 0.962 0.021
37 37 (0) 2 : 0.015 0.968 0.017
38 38 (0) 2 : 0.060 0.899 0.041
39 39 (0) 2 : 0.020 0.965 0.015
40 40 (0) 2 : 0.015 0.966 0.019
41 41 (0) 2 : 0.270 0.444 0.286
42 42 (0) 2 : 0.027 0.951 0.021
43 43 (0) 2 : 0.065 0.880 0.055
44 44 (0) 2 : 0.039 0.900 0.061
45 45 (0) 2 : 0.096 0.826 0.079
46 46 (0) 2 : 0.016 0.969 0.014
47 47 (4) 2 : 0.369 0.319 0.312
48 48 (0) 2 : 0.193 0.660 0.148
49 49 (1) 2 : 0.395 0.244 0.361
50 50 (0) 2 : 0.049 0.893 0.058
51 51 (0) 2 : 0.013 0.970 0.016
52 52 (0) 2 : 0.019 0.961 0.020
53 53 (0) 2 : 0.231 0.624 0.145
54 54 (0) 2 : 0.011 0.979 0.010
55 55 (0) 2 : 0.027 0.946 0.027
56 56 (0) 2 : 0.036 0.929 0.035
57 57 (0) 2 : 0.294 0.422 0.285
58 58 (0) 2 : 0.022 0.955 0.022
59 59 (0) 2 : 0.041 0.921 0.038
60 60 (0) 2 : 0.020 0.960 0.020
61 61 (0) 2 : 0.059 0.876 0.065
62 62 (1) 2 : 0.015 0.970 0.016
63 63 (0) 3 : 0.372 0.060 0.568
64 64 (0) 3 : 0.556 0.011 0.433
65 65 (0) 3 : 0.444 0.014 0.543
66 66 (0) 3 : 0.422 0.087 0.491
67 67 (0) 3 : 0.435 0.056 0.509
68 68 (0) 3 : 0.496 0.020 0.484
69 69 (0) 3 : 0.551 0.019 0.430
70 70 (0) 3 : 0.534 0.044 0.422
71 71 (0) 3 : 0.445 0.086 0.470
72 72 (8) 3 : 0.457 0.014 0.529
73 73 (0) 3 : 0.483 0.038 0.479
74 74 (0) 3 : 0.289 0.430 0.281
75 75 (0) 3 : 0.446 0.165 0.389
76 76 (0) 3 : 0.475 0.026 0.499
77 77 (0) 3 : 0.473 0.104 0.423
78 78 (0) 3 : 0.480 0.026 0.494
79 79 (0) 3 : 0.497 0.013 0.490
80 80 (0) 3 : 0.444 0.105 0.451
81 81 (0) 3 : 0.477 0.085 0.438
82 82 (0) 3 : 0.552 0.017 0.432
83 83 (0) 3 : 0.468 0.059 0.474
84 84 (0) 3 : 0.512 0.044 0.443
85 85 (0) 3 : 0.465 0.174 0.361
86 86 (0) 3 : 0.444 0.119 0.437
87 87 (0) 3 : 0.536 0.048 0.416
88 88 (0) 3 : 0.630 0.020 0.350
89 89 (0) 3 : 0.540 0.010 0.449
90 90 (0) 3 : 0.245 0.410 0.345
91 91 (0) 3 : 0.475 0.083 0.442
92 92 (0) 3 : 0.605 0.014 0.381
93 93 (0) 3 : 0.470 0.030 0.500
94 94 (0) 3 : 0.441 0.051 0.507
95 95 (0) 3 : 0.516 0.049 0.435
96 96 (0) 3 : 0.585 0.065 0.350
97 97 (0) 3 : 0.499 0.048 0.453
98 98 (0) 3 : 0.554 0.040 0.406
99 99 (0) 3 : 0.407 0.056 0.537
100 100 (0) 3 : 0.543 0.012 0.445
101 101 (0) 3 : 0.202 0.554 0.244
102 102 (0) 3 : 0.396 0.035 0.569
103 103 (0) 3 : 0.539 0.044 0.418
104 104 (0) 3 : 0.423 0.199 0.378
105 105 (0) 3 : 0.516 0.044 0.440
106 106 (0) 3 : 0.428 0.031 0.541
107 107 (0) 3 : 0.498 0.084 0.418
108 108 (0) 3 : 0.458 0.025 0.517
109 109 (0) 3 : 0.408 0.033 0.559
110 110 (0) 3 : 0.429 0.028 0.543
111 111 (0) 3 : 0.464 0.044 0.492
112 112 (7) 4 : 0.405 0.029 0.566
113 113 (12) 4 : 0.540 0.028 0.432
114 114 (12) 4 : 0.452 0.036 0.512
115 115 (3) 4 : 0.604 0.034 0.361
116 116 (12) 4 : 0.511 0.108 0.381
117 117 (13) 4 : 0.542 0.024 0.434
118 118 (0) 4 : 0.244 0.576 0.179
119 119 (3) 4 : 0.542 0.070 0.387
120 120 (0) 4 : 0.556 0.029 0.415
121 121 (0) 4 : 0.548 0.014 0.438
122 122 (9) 4 : 0.447 0.009 0.544
123 123 (9) 4 : 0.634 0.014 0.352
124 124 (12) 4 : 0.567 0.038 0.395
125 125 (0) 5 : 0.043 0.911 0.046
126 126 (0) 5 : 0.598 0.028 0.375
127 127 (0) 5 : 0.047 0.893 0.060
128 128 (0) 6 : 0.555 0.025 0.420
129 129 (0) 6 : 0.453 0.010 0.537
130 130 (9) 6 : 0.520 0.014 0.466
131 131 (0) 6 : 0.474 0.011 0.515
132 132 (0) 6 : 0.529 0.019 0.452
133 133 (0) 6 : 0.435 0.027 0.538
134 134 (0) 6 : 0.484 0.030 0.487
135 135 (0) 6 : 0.483 0.040 0.477
136 136 (11) 6 : 0.414 0.056 0.530
137 137 (0) 6 : 0.567 0.070 0.363
138 138 (0) 6 : 0.344 0.198 0.458
139 139 (0) 6 : 0.493 0.101 0.406
140 140 (4) 6 : 0.385 0.041 0.574
141 141 (0) 6 : 0.387 0.043 0.570
142 142 (0) 6 : 0.415 0.111 0.474
143 143 (0) 6 : 0.542 0.015 0.443
144 144 (0) 6 : 0.471 0.082 0.447
145 145 (4) 6 : 0.539 0.010 0.451
146 146 (5) 6 : 0.474 0.025 0.501
147 147 (0) 6 : 0.529 0.016 0.455
148 148 (5) 6 : 0.453 0.032 0.515
149 149 (0) 6 : 0.469 0.017 0.514
150 150 (0) 6 : 0.415 0.045 0.540
151 151 (10) 6 : 0.463 0.036 0.501
152 152 (0) 6 : 0.567 0.021 0.412
153 153 (0) 6 : 0.624 0.013 0.363
154 154 (0) 6 : 0.497 0.039 0.464
155 155 (5) 6 : 0.448 0.071 0.480
156 156 (0) 6 : 0.412 0.168 0.420
157 157 (0) 6 : 0.470 0.044 0.486
158 158 (0) 6 : 0.488 0.068 0.444
159 159 (10) 6 : 0.449 0.034 0.517
160 160 (0) 6 : 0.452 0.041 0.507
161 161 (0) 6 : 0.559 0.010 0.431
162 162 (0) 6 : 0.431 0.023 0.547
163 163 (0) 6 : 0.539 0.039 0.423
164 164 (0) 6 : 0.507 0.016 0.477
165 165 (0) 6 : 0.506 0.017 0.478
166 166 (0) 6 : 0.560 0.043 0.396
167 167 (0) 6 : 0.483 0.019 0.498
168 168 (0) 6 : 0.460 0.072 0.467
169 169 (0) 6 : 0.473 0.052 0.475
170 170 (2) 6 : 0.462 0.025 0.512
171 171 (0) 6 : 0.499 0.115 0.386
172 172 (0) 6 : 0.516 0.023 0.461
173 173 (0) 6 : 0.523 0.033 0.445
174 174 (0) 6 : 0.468 0.069 0.463
175 175 (7) 6 : 0.605 0.023 0.372
176 176 (0) 6 : 0.446 0.038 0.516
177 177 (10) 6 : 0.429 0.119 0.452
178 178 (0) 6 : 0.107 0.741 0.152
179 179 (8) 6 : 0.538 0.027 0.435
180 180 (0) 6 : 0.530 0.014 0.457
181 181 (7) 6 : 0.456 0.034 0.510
182 182 (0) 6 : 0.533 0.010 0.457
183 183 (0) 6 : 0.543 0.035 0.423
184 184 (0) 6 : 0.536 0.094 0.370
185 185 (0) 6 : 0.372 0.016 0.612
186 186 (2) 6 : 0.519 0.034 0.447
187 187 (0) 6 : 0.485 0.089 0.426
188 188 (0) 6 : 0.429 0.171 0.400
189 189 (3) 6 : 0.598 0.054 0.348
190 190 (0) 6 : 0.453 0.036 0.511
191 191 (0) 6 : 0.494 0.013 0.493
192 192 (0) 6 : 0.247 0.507 0.246
193 193 (0) 6 : 0.341 0.026 0.633
194 194 (0) 6 : 0.415 0.086 0.499
195 195 (0) 6 : 0.403 0.084 0.512
196 196 (13) 6 : 0.377 0.046 0.577
197 197 (0) 6 : 0.452 0.038 0.510
198 198 (12) 6 : 0.394 0.105 0.500
199 199 (0) 6 : 0.493 0.071 0.436
200 200 (0) 6 : 0.451 0.012 0.537
201 201 (8) 6 : 0.391 0.017 0.592
202 202 (0) 6 : 0.371 0.037 0.592
203 203 (0) 6 : 0.431 0.017 0.552
204 204 (0) 6 : 0.422 0.094 0.484
205 205 (0) 6 : 0.442 0.041 0.517
206 206 (0) 6 : 0.467 0.045 0.488
207 207 (14) 6 : 0.494 0.023 0.483
208 208 (0) 6 : 0.337 0.157 0.506
209 209 (0) 6 : 0.520 0.026 0.454
210 210 (0) 6 : 0.497 0.014 0.489
211 211 (14) 6 : 0.449 0.026 0.526
212 212 (0) 6 : 0.410 0.119 0.471
213 213 (7) 6 : 0.385 0.049 0.566
214 214 (0) 6 : 0.441 0.021 0.539
215 215 (0) 6 : 0.521 0.065 0.413
216 216 (0) 6 : 0.408 0.020 0.572
217 217 (5) 6 : 0.401 0.025 0.574
218 218 (0) 6 : 0.422 0.089 0.488
219 219 (0) 2 : 0.033 0.929 0.038
220 220 (0) 2 : 0.009 0.979 0.012
221 221 (0) 2 : 0.036 0.928 0.036
222 222 (0) 2 : 0.075 0.863 0.062
223 223 (0) 2 : 0.036 0.927 0.037
224 224 (0) 2 : 0.014 0.974 0.012
225 225 (0) 2 : 0.144 0.692 0.164
226 226 (0) 2 : 0.007 0.987 0.006
227 227 (0) 2 : 0.079 0.840 0.081
1 1 (0) 1 : 0.009 0.552 0.439
2 2 (1) 1 : 0.155 0.401 0.444
3 3 (0) 1 : 0.049 0.479 0.472
4 4 (0) 2 : 0.836 0.092 0.072
5 5 (0) 2 : 0.015 0.475 0.510
6 6 (0) 2 : 0.850 0.075 0.075
7 7 (0) 2 : 0.962 0.019 0.019
8 8 (0) 2 : 0.984 0.008 0.008
9 9 (0) 2 : 0.879 0.049 0.072
10 10 (0) 2 : 0.978 0.013 0.010
11 11 (0) 2 : 0.964 0.016 0.020
12 12 (0) 2 : 0.900 0.048 0.052
13 13 (0) 2 : 0.967 0.016 0.017
14 14 (0) 2 : 0.933 0.030 0.036
15 15 (0) 2 : 0.703 0.150 0.146
16 16 (0) 2 : 0.973 0.013 0.015
17 17 (0) 2 : 0.882 0.059 0.059
18 18 (0) 2 : 0.945 0.028 0.027
19 19 (0) 2 : 0.950 0.025 0.025
20 20 (0) 2 : 0.751 0.118 0.132
21 21 (9) 2 : 0.915 0.043 0.043
22 22 (0) 2 : 0.276 0.410 0.314
23 23 (0) 2 : 0.946 0.025 0.029
24 24 (0) 2 : 0.977 0.010 0.014
25 25 (0) 2 : 0.689 0.150 0.161
26 26 (0) 2 : 0.960 0.020 0.020
27 27 (0) 2 : 0.926 0.035 0.039
28 28 (0) 2 : 0.983 0.010 0.007
29 29 (0) 2 : 0.944 0.025 0.031
30 30 (0) 2 : 0.319 0.359 0.322
31 31 (0) 2 : 0.979 0.010 0.012
32 32 (0) 2 : 0.964 0.020 0.016
33 33 (0) 2 : 0.949 0.025 0.026
34 34 (0) 2 : 0.811 0.102 0.087
35 35 (0) 2 : 0.957 0.021 0.022
36 36 (5) 2 : 0.974 0.012 0.013
37 37 (0) 2 : 0.978 0.009 0.013
38 38 (0) 2 : 0.909 0.050 0.041
39 39 (0) 2 : 0.968 0.018 0.014
40 40 (0) 2 : 0.974 0.012 0.014
41 41 (0) 2 : 0.444 0.306 0.250
42 42 (0) 2 : 0.968 0.013 0.019
43 43 (0) 2 : 0.897 0.060 0.042
44 44 (0) 2 : 0.887 0.061 0.052
45 45 (0) 2 : 0.867 0.076 0.057
46 46 (0) 2 : 0.979 0.010 0.011
47 47 (4) 2 : 0.308 0.399 0.293
48 48 (0) 2 : 0.738 0.131 0.131
49 49 (1) 2 : 0.214 0.414 0.372
50 50 (0) 2 : 0.921 0.041 0.039
51 51 (0) 2 : 0.977 0.011 0.011
52 52 (0) 2 : 0.960 0.020 0.019
53 53 (0) 2 : 0.655 0.175 0.169
54 54 (0) 2 : 0.982 0.008 0.010
55 55 (0) 2 : 0.959 0.020 0.021
56 56 (0) 2 : 0.945 0.029 0.026
57 57 (0) 2 : 0.481 0.267 0.252
58 58 (0) 2 : 0.956 0.021 0.023
59 59 (0) 2 : 0.945 0.029 0.026
60 60 (0) 2 : 0.970 0.017 0.013
61 61 (0) 2 : 0.888 0.052 0.059
62 62 (1) 2 : 0.979 0.011 0.010
63 63 (0) 3 : 0.051 0.430 0.519
64 64 (0) 3 : 0.007 0.488 0.504
65 65 (0) 3 : 0.012 0.402 0.586
66 66 (0) 3 : 0.082 0.446 0.472
67 67 (0) 3 : 0.043 0.476 0.481
68 68 (0) 3 : 0.018 0.458 0.524
69 69 (0) 3 : 0.013 0.539 0.449
70 70 (0) 3 : 0.031 0.532 0.437
71 71 (0) 3 : 0.068 0.501 0.431
72 72 (8) 3 : 0.009 0.506 0.484
73 73 (0) 3 : 0.034 0.534 0.432
74 74 (0) 3 : 0.456 0.244 0.300
75 75 (0) 3 : 0.146 0.448 0.406
76 76 (0) 3 : 0.019 0.467 0.513
77 77 (0) 3 : 0.084 0.479 0.437
78 78 (0) 3 : 0.025 0.524 0.451
79 79 (0) 3 : 0.011 0.519 0.470
80 80 (0) 3 : 0.073 0.455 0.472
81 81 (0) 3 : 0.071 0.436 0.493
82 82 (0) 3 : 0.016 0.492 0.492
83 83 (0) 3 : 0.053 0.567 0.380
84 84 (0) 3 : 0.038 0.473 0.489
85 85 (0) 3 : 0.160 0.385 0.455
86 86 (0) 3 : 0.090 0.442 0.468
87 87 (0) 3 : 0.032 0.471 0.497
88 88 (0) 3 : 0.015 0.546 0.438
89 89 (0) 3 : 0.007 0.492 0.501
90 90 (0) 3 : 0.451 0.240 0.309
91 91 (0) 3 : 0.070 0.480 0.450
92 92 (0) 3 : 0.013 0.495 0.491
93 93 (0) 3 : 0.025 0.530 0.444
94 94 (0) 3 : 0.036 0.499 0.464
95 95 (0) 3 : 0.038 0.493 0.469
96 96 (0) 3 : 0.052 0.546 0.402
97 97 (0) 3 : 0.035 0.439 0.526
98 98 (0) 3 : 0.032 0.525 0.443
99 99 (0) 3 : 0.044 0.459 0.497
100 100 (0) 3 : 0.008 0.546 0.446
101 101 (0) 3 : 0.633 0.169 0.198
102 102 (0) 3 : 0.026 0.471 0.503
103 103 (0) 3 : 0.033 0.508 0.459
104 104 (0) 3 : 0.173 0.424 0.404
105 105 (0) 3 : 0.036 0.530 0.434
106 106 (0) 3 : 0.026 0.433 0.541
107 107 (0) 3 : 0.081 0.463 0.456
108 108 (0) 3 : 0.025 0.460 0.515
109 109 (0) 3 : 0.031 0.413 0.556
110 110 (0) 3 : 0.018 0.371 0.611
111 111 (0) 3 : 0.033 0.521 0.446
112 112 (7) 4 : 0.028 0.419 0.553
113 113 (12) 4 : 0.017 0.553 0.430
114 114 (12) 4 : 0.033 0.417 0.549
115 115 (3) 4 : 0.029 0.477 0.494
116 116 (12) 4 : 0.094 0.455 0.451
117 117 (13) 4 : 0.021 0.548 0.431
118 118 (0) 4 : 0.539 0.226 0.236
119 119 (3) 4 : 0.079 0.485 0.436
120 120 (0) 4 : 0.030 0.563 0.408
121 121 (0) 4 : 0.014 0.539 0.447
122 122 (9) 4 : 0.008 0.430 0.562
123 123 (9) 4 : 0.011 0.524 0.466
124 124 (12) 4 : 0.029 0.459 0.512
125 125 (0) 5 : 0.912 0.046 0.042
126 126 (0) 5 : 0.025 0.539 0.436
127 127 (0) 5 : 0.910 0.038 0.052
128 128 (0) 6 : 0.018 0.454 0.527
129 129 (0) 6 : 0.007 0.434 0.559
130 130 (9) 6 : 0.009 0.411 0.580
131 131 (0) 6 : 0.009 0.404 0.587
132 132 (0) 6 : 0.012 0.513 0.476
133 133 (0) 6 : 0.019 0.442 0.538
134 134 (0) 6 : 0.024 0.461 0.515
135 135 (0) 6 : 0.030 0.433 0.537
136 136 (11) 6 : 0.070 0.475 0.454
137 137 (0) 6 : 0.065 0.470 0.466
138 138 (0) 6 : 0.242 0.403 0.355
139 139 (0) 6 : 0.089 0.490 0.422
140 140 (4) 6 : 0.023 0.508 0.468
141 141 (0) 6 : 0.038 0.458 0.504
142 142 (0) 6 : 0.091 0.466 0.444
143 143 (0) 6 : 0.009 0.498 0.493
144 144 (0) 6 : 0.080 0.471 0.448
145 145 (4) 6 : 0.008 0.523 0.469
146 146 (5) 6 : 0.016 0.526 0.458
147 147 (0) 6 : 0.011 0.425 0.564
148 148 (5) 6 : 0.017 0.451 0.532
149 149 (0) 6 : 0.014 0.432 0.554
150 150 (0) 6 : 0.032 0.438 0.530
151 151 (10) 6 : 0.031 0.453 0.515
152 152 (0) 6 : 0.017 0.459 0.523
153 153 (0) 6 : 0.012 0.520 0.468
154 154 (0) 6 : 0.032 0.478 0.490
155 155 (5) 6 : 0.061 0.455 0.484
156 156 (0) 6 : 0.178 0.433 0.389
157 157 (0) 6 : 0.039 0.472 0.489
158 158 (0) 6 : 0.071 0.550 0.379
159 159 (10) 6 : 0.023 0.528 0.449
160 160 (0) 6 : 0.029 0.517 0.455
161 161 (0) 6 : 0.005 0.472 0.523
162 162 (0) 6 : 0.017 0.458 0.526
163 163 (0) 6 : 0.023 0.543 0.434
164 164 (0) 6 : 0.014 0.509 0.476
165 165 (0) 6 : 0.020 0.497 0.483
166 166 (0) 6 : 0.036 0.503 0.461
167 167 (0) 6 : 0.013 0.529 0.458
168 168 (0) 6 : 0.054 0.484 0.462
169 169 (0) 6 : 0.047 0.474 0.479
170 170 (2) 6 : 0.022 0.487 0.491
171 171 (0) 6 : 0.093 0.448 0.459
172 172 (0) 6 : 0.019 0.440 0.541
173 173 (0) 6 : 0.034 0.437 0.529
174 174 (0) 6 : 0.054 0.440 0.506
175 175 (7) 6 : 0.019 0.481 0.500
176 176 (0) 6 : 0.026 0.459 0.515
177 177 (10) 6 : 0.119 0.495 0.386
178 178 (0) 6 : 0.782 0.103 0.115
179 179 (8) 6 : 0.019 0.511 0.470
180 180 (0) 6 : 0.012 0.484 0.505
181 181 (7) 6 : 0.025 0.494 0.481
182 182 (0) 6 : 0.008 0.508 0.484
183 183 (0) 6 : 0.025 0.505 0.471
184 184 (0) 6 : 0.063 0.433 0.504
185 185 (0) 6 : 0.012 0.477 0.510
186 186 (2) 6 : 0.022 0.488 0.490
187 187 (0) 6 : 0.093 0.440 0.467
188 188 (0) 6 : 0.138 0.444 0.418
189 189 (3) 6 : 0.049 0.481 0.470
190 190 (0) 6 : 0.031 0.487 0.482
191 191 (0) 6 : 0.009 0.357 0.634
192 192 (0) 6 : 0.572 0.233 0.195
193 193 (0) 6 : 0.020 0.460 0.520
194 194 (0) 6 : 0.079 0.389 0.532
195 195 (0) 6 : 0.073 0.516 0.410
196 196 (13) 6 : 0.031 0.476 0.493
197 197 (0) 6 : 0.025 0.570 0.405
198 198 (12) 6 : 0.084 0.511 0.406
199 199 (0) 6 : 0.055 0.453 0.492
200 200 (0) 6 : 0.009 0.496 0.495
201 201 (8) 6 : 0.013 0.481 0.506
202 202 (0) 6 : 0.036 0.464 0.500
203 203 (0) 6 : 0.016 0.505 0.479
204 204 (0) 6 : 0.072 0.419 0.509
205 205 (0) 6 : 0.030 0.483 0.487
206 206 (0) 6 : 0.036 0.504 0.460
207 207 (14) 6 : 0.024 0.478 0.498
208 208 (0) 6 : 0.147 0.427 0.426
209 209 (0) 6 : 0.016 0.418 0.566
210 210 (0) 6 : 0.009 0.412 0.579
211 211 (14) 6 : 0.014 0.397 0.589
212 212 (0) 6 : 0.103 0.420 0.478
213 213 (7) 6 : 0.047 0.457 0.497
214 214 (0) 6 : 0.019 0.521 0.460
215 215 (0) 6 : 0.057 0.465 0.478
216 216 (0) 6 : 0.014 0.473 0.512
217 217 (5) 6 : 0.023 0.467 0.510
218 218 (0) 6 : 0.090 0.419 0.491
219 219 (0) 2 : 0.933 0.037 0.030
220 220 (0) 2 : 0.987 0.006 0.007
221 221 (0) 2 : 0.931 0.035 0.034
222 222 (0) 2 : 0.888 0.058 0.054
223 223 (0) 2 : 0.938 0.024 0.038
224 224 (0) 2 : 0.984 0.009 0.007
225 225 (0) 2 : 0.751 0.139 0.110
226 226 (0) 2 : 0.990 0.005 0.005
227 227 (0) 2 : 0.862 0.076 0.062
1 1 (0) 1 : 0.010 0.607 0.383
2 2 (1) 1 : 0.177 0.497 0.325
3 3 (0) 1 : 0.059 0.557 0.384
4 4 (0) 2 : 0.828 0.094 0.078
5 5 (0) 2 : 0.020 0.502 0.478
6 6 (0) 2 : 0.837 0.100 0.063
7 7 (0) 2 : 0.944 0.025 0.031
8 8 (0) 2 : 0.978 0.011 0.011
9 9 (0) 2 : 0.851 0.071 0.077
10 10 (0) 2 : 0.976 0.013 0.012
11 11 (0) 2 : 0.964 0.015 0.021
12 12 (0) 2 : 0.868 0.082 0.050
13 13 (0) 2 : 0.954 0.024 0.022
14 14 (0) 2 : 0.914 0.043 0.043
15 15 (0) 2 : 0.682 0.168 0.149
16 16 (0) 2 : 0.969 0.015 0.016
17 17 (0) 2 : 0.863 0.071 0.066
18 18 (0) 2 : 0.942 0.032 0.026
19 19 (0) 2 : 0.935 0.035 0.030
20 20 (0) 2 : 0.712 0.155 0.133
21 21 (9) 2 : 0.887 0.057 0.056
22 22 (0) 2 : 0.310 0.332 0.358
23 23 (0) 2 : 0.932 0.040 0.028
24 24 (0) 2 : 0.971 0.017 0.012
25 25 (0) 2 : 0.670 0.207 0.123
26 26 (0) 2 : 0.954 0.024 0.022
27 27 (0) 2 : 0.897 0.062 0.040
28 28 (0) 2 : 0.974 0.012 0.014
29 29 (0) 2 : 0.923 0.037 0.040
30 30 (0) 2 : 0.362 0.282 0.356
31 31 (0) 2 : 0.969 0.014 0.017
32 32 (0) 2 : 0.965 0.016 0.018
33 33 (0) 2 : 0.951 0.026 0.023
34 34 (0) 2 : 0.809 0.090 0.101
35 35 (0) 2 : 0.946 0.030 0.024
36 36 (5) 2 : 0.963 0.018 0.018
37 37 (0) 2 : 0.968 0.017 0.015
38 38 (0) 2 : 0.898 0.046 0.056
39 39 (0) 2 : 0.964 0.017 0.019
40 40 (0) 2 : 0.967 0.018 0.015
41 41 (0) 2 : 0.449 0.274 0.277
42 42 (0) 2 : 0.949 0.025 0.026
43 43 (0) 2 : 0.874 0.057 0.069
44 44 (0) 2 : 0.900 0.050 0.050
45 45 (0) 2 : 0.831 0.076 0.093
46 46 (0) 2 : 0.970 0.015 0.015
47 47 (4) 2 : 0.303 0.275 0.422
48 48 (0) 2 : 0.674 0.152 0.174
49 49 (1) 2 : 0.228 0.304 0.468
50 50 (0) 2 : 0.902 0.049 0.049
51 51 (0) 2 : 0.966 0.016 0.018
52 52 (0) 2 : 0.958 0.020 0.022
53 53 (0) 2 : 0.633 0.142 0.224
54 54 (0) 2 : 0.975 0.011 0.014
55 55 (0) 2 : 0.939 0.030 0.032
56 56 (0) 2 : 0.931 0.032 0.037
57 57 (0) 2 : 0.475 0.237 0.287
58 58 (0) 2 : 0.947 0.027 0.027
59 59 (0) 2 : 0.932 0.029 0.039
60 60 (0) 2 : 0.964 0.019 0.017
61 61 (0) 2 : 0.891 0.062 0.047
62 62 (1) 2 : 0.978 0.012 0.011
63 63 (0) 3 : 0.062 0.577 0.361
64 64 (0) 3 : 0.010 0.479 0.511
65 65 (0) 3 : 0.018 0.560 0.422
66 66 (0) 3 : 0.094 0.542 0.363
67 67 (0) 3 : 0.053 0.466 0.482
68 68 (0) 3 : 0.018 0.516 0.466
69 69 (0) 3 : 0.017 0.352 0.631
70 70 (0) 3 : 0.040 0.329 0.630
71 71 (0) 3 : 0.088 0.480 0.433
72 72 (8) 3 : 0.014 0.436 0.550
73 73 (0) 3 : 0.044 0.492 0.464
74 74 (0) 3 : 0.452 0.335 0.212
75 75 (0) 3 : 0.169 0.389 0.442
76 76 (0) 3 : 0.026 0.499 0.475
77 77 (0) 3 : 0.095 0.369 0.536
78 78 (0) 3 : 0.030 0.487 0.483
79 79 (0) 3 : 0.013 0.432 0.555
80 80 (0) 3 : 0.085 0.415 0.500
81 81 (0) 3 : 0.066 0.523 0.412
82 82 (0) 3 : 0.018 0.394 0.588
83 83 (0) 3 : 0.052 0.439 0.509
84 84 (0) 3 : 0.043 0.469 0.488
85 85 (0) 3 : 0.162 0.427 0.411
86 86 (0) 3 : 0.098 0.444 0.458
87 87 (0) 3 : 0.046 0.525 0.429
88 88 (0) 3 : 0.018 0.324 0.657
89 89 (0) 3 : 0.009 0.421 0.570
90 90 (0) 3 : 0.401 0.375 0.224
91 91 (0) 3 : 0.090 0.540 0.369
92 92 (0) 3 : 0.015 0.390 0.596
93 93 (0) 3 : 0.034 0.456 0.510
94 94 (0) 3 : 0.048 0.499 0.453
95 95 (0) 3 : 0.047 0.442 0.511
96 96 (0) 3 : 0.058 0.368 0.574
97 97 (0) 3 : 0.040 0.497 0.463
98 98 (0) 3 : 0.045 0.417 0.538
99 99 (0) 3 : 0.050 0.574 0.376
100 100 (0) 3 : 0.011 0.440 0.549
101 101 (0) 3 : 0.602 0.230 0.168
102 102 (0) 3 : 0.031 0.597 0.372
103 103 (0) 3 : 0.039 0.428 0.534
104 104 (0) 3 : 0.215 0.360 0.425
105 105 (0) 3 : 0.039 0.354 0.608
106 106 (0) 3 : 0.032 0.557 0.412
107 107 (0) 3 : 0.088 0.511 0.401
108 108 (0) 3 : 0.032 0.457 0.512
109 109 (0) 3 : 0.032 0.698 0.270
110 110 (0) 3 : 0.021 0.575 0.404
111 111 (0) 3 : 0.041 0.425 0.533
112 112 (7) 4 : 0.034 0.694 0.272
113 113 (12) 4 : 0.025 0.437 0.538
114 114 (12) 4 : 0.035 0.682 0.283
115 115 (3) 4 : 0.037 0.414 0.549
116 116 (12) 4 : 0.110 0.386 0.503
117 117 (13) 4 : 0.026 0.425 0.549
118 118 (0) 4 : 0.546 0.227 0.227
119 119 (3) 4 : 0.082 0.399 0.519
120 120 (0) 4 : 0.027 0.336 0.637
121 121 (0) 4 : 0.017 0.392 0.591
122 122 (9) 4 : 0.009 0.552 0.439
123 123 (9) 4 : 0.016 0.347 0.638
124 124 (12) 4 : 0.040 0.494 0.465
125 125 (0) 5 : 0.912 0.037 0.051
126 126 (0) 5 : 0.028 0.290 0.682
127 127 (0) 5 : 0.895 0.054 0.051
128 128 (0) 6 : 0.020 0.398 0.582
129 129 (0) 6 : 0.008 0.519 0.473
130 130 (9) 6 : 0.011 0.512 0.477
131 131 (0) 6 : 0.012 0.656 0.332
132 132 (0) 6 : 0.020 0.356 0.624
133 133 (0) 6 : 0.028 0.628 0.344
134 134 (0) 6 : 0.029 0.449 0.522
135 135 (0) 6 : 0.043 0.564 0.392
136 136 (11) 6 : 0.071 0.541 0.389
137 137 (0) 6 : 0.067 0.431 0.502
138 138 (0) 6 : 0.227 0.410 0.363
139 139 (0) 6 : 0.083 0.395 0.522
140 140 (4) 6 : 0.033 0.540 0.427
141 141 (0) 6 : 0.042 0.556 0.402
142 142 (0) 6 : 0.123 0.574 0.303
143 143 (0) 6 : 0.012 0.315 0.673
144 144 (0) 6 : 0.084 0.390 0.526
145 145 (4) 6 : 0.011 0.305 0.684
146 146 (5) 6 : 0.022 0.358 0.619
147 147 (0) 6 : 0.014 0.476 0.510
148 148 (5) 6 : 0.029 0.537 0.433
149 149 (0) 6 : 0.018 0.590 0.392
150 150 (0) 6 : 0.042 0.577 0.380
151 151 (10) 6 : 0.037 0.548 0.415
152 152 (0) 6 : 0.021 0.433 0.546
153 153 (0) 6 : 0.014 0.328 0.658
154 154 (0) 6 : 0.040 0.456 0.505
155 155 (5) 6 : 0.062 0.456 0.482
156 156 (0) 6 : 0.191 0.412 0.397
157 157 (0) 6 : 0.041 0.540 0.419
158 158 (0) 6 : 0.069 0.403 0.527
159 159 (10) 6 : 0.035 0.517 0.448
160 160 (0) 6 : 0.035 0.500 0.466
161 161 (0) 6 : 0.008 0.364 0.628
162 162 (0) 6 : 0.022 0.599 0.379
163 163 (0) 6 : 0.036 0.397 0.568
164 164 (0) 6 : 0.014 0.368 0.617
165 165 (0) 6 : 0.019 0.367 0.615
166 166 (0) 6 : 0.041 0.453 0.506
167 167 (0) 6 : 0.021 0.406 0.573
168 168 (0) 6 : 0.069 0.473 0.458
169 169 (0) 6 : 0.057 0.384 0.559
170 170 (2) 6 : 0.026 0.514 0.460
171 171 (0) 6 : 0.114 0.404 0.482
172 172 (0) 6 : 0.025 0.483 0.492
173 173 (0) 6 : 0.037 0.462 0.502
174 174 (0) 6 : 0.061 0.540 0.400
175 175 (7) 6 : 0.020 0.425 0.555
176 176 (0) 6 : 0.031 0.527 0.442
177 177 (10) 6 : 0.137 0.411 0.452
178 178 (0) 6 : 0.765 0.134 0.101
179 179 (8) 6 : 0.030 0.521 0.450
180 180 (0) 6 : 0.015 0.495 0.490
181 181 (7) 6 : 0.028 0.510 0.462
182 182 (0) 6 : 0.012 0.420 0.568
183 183 (0) 6 : 0.029 0.330 0.641
184 184 (0) 6 : 0.080 0.464 0.456
185 185 (0) 6 : 0.020 0.626 0.354
186 186 (2) 6 : 0.033 0.443 0.524
187 187 (0) 6 : 0.091 0.423 0.486
188 188 (0) 6 : 0.155 0.397 0.448
189 189 (3) 6 : 0.051 0.453 0.496
190 190 (0) 6 : 0.040 0.488 0.472
191 191 (0) 6 : 0.015 0.592 0.393
192 192 (0) 6 : 0.517 0.300 0.183
193 193 (0) 6 : 0.024 0.600 0.376
194 194 (0) 6 : 0.088 0.525 0.387
195 195 (0) 6 : 0.094 0.457 0.448
196 196 (13) 6 : 0.042 0.633 0.325
197 197 (0) 6 : 0.039 0.417 0.545
198 198 (12) 6 : 0.123 0.489 0.387
199 199 (0) 6 : 0.064 0.512 0.425
200 200 (0) 6 : 0.013 0.472 0.515
201 201 (8) 6 : 0.015 0.639 0.346
202 202 (0) 6 : 0.044 0.633 0.323
203 203 (0) 6 : 0.020 0.507 0.473
204 204 (0) 6 : 0.086 0.522 0.392
205 205 (0) 6 : 0.041 0.553 0.406
206 206 (0) 6 : 0.044 0.463 0.493
207 207 (14) 6 : 0.025 0.499 0.476
208 208 (0) 6 : 0.170 0.478 0.352
209 209 (0) 6 : 0.019 0.605 0.376
210 210 (0) 6 : 0.015 0.586 0.400
211 211 (14) 6 : 0.021 0.585 0.394
212 212 (0) 6 : 0.123 0.469 0.408
213 213 (7) 6 : 0.048 0.625 0.328
214 214 (0) 6 : 0.018 0.528 0.454
215 215 (0) 6 : 0.065 0.425 0.510
216 216 (0) 6 : 0.016 0.564 0.420
217 217 (5) 6 : 0.028 0.560 0.412
218 218 (0) 6 : 0.106 0.522 0.372
219 219 (0) 2 : 0.924 0.039 0.037
220 220 (0) 2 : 0.978 0.011 0.011
221 221 (0) 2 : 0.933 0.031 0.036
222 222 (0) 2 : 0.874 0.061 0.066
223 223 (0) 2 : 0.937 0.030 0.032
224 224 (0) 2 : 0.980 0.010 0.011
225 225 (0) 2 : 0.686 0.146 0.168
226 226 (0) 2 : 0.987 0.007 0.006
227 227 (0) 2 : 0.830 0.088 0.082
