1 1 (0) 1 : 0.016 0.006 0.393 0.248 0.336
2 2 (1) 1 : 0.002 0.044 0.312 0.262 0.380
3 3 (0) 1 : 0.010 0.029 0.315 0.349 0.297
4 4 (13) 2 : 0.005 0.952 0.015 0.016 0.013
5 5 (0) 2 : 0.004 0.982 0.005 0.005 0.004
6 6 (13) 2 : 0.003 0.962 0.015 0.011 0.009
7 7 (0) 2 : 0.003 0.972 0.009 0.008 0.008
8 8 (0) 2 : 0.089 0.876 0.012 0.012 0.011
9 9 (10) 2 : 0.111 0.843 0.016 0.013 0.017
10 10 (9) 2 : 0.008 0.920 0.028 0.017 0.027
11 11 (0) 2 : 0.006 0.915 0.034 0.019 0.026
12 12 (0) 2 : 0.002 0.844 0.052 0.047 0.055
13 13 (0) 2 : 0.006 0.008 0.404 0.350 0.231
14 14 (0) 2 : 0.008 0.800 0.072 0.061 0.060
15 15 (0) 2 : 0.005 0.941 0.016 0.019 0.019
16 16 (0) 2 : 0.005 0.982 0.004 0.004 0.004
17 17 (0) 2 : 0.002 0.817 0.071 0.050 0.059
18 18 (0) 2 : 0.003 0.973 0.009 0.009 0.006
19 19 (0) 2 : 0.004 0.964 0.011 0.011 0.010
20 20 (0) 2 : 0.181 0.771 0.012 0.014 0.022
21 21 (0) 2 : 0.007 0.948 0.015 0.015 0.015
22 22 (0) 2 : 0.010 0.915 0.025 0.029 0.020
23 23 (0) 2 : 0.003 0.516 0.208 0.171 0.102
24 24 (0) 2 : 0.004 0.977 0.007 0.005 0.007
25 25 (0) 2 : 0.004 0.921 0.020 0.028 0.028
26 26 (0) 2 : 0.009 0.931 0.021 0.019 0.020
27 27 (0) 2 : 0.025 0.926 0.021 0.013 0.015
28 28 (0) 2 : 0.013 0.721 0.089 0.071 0.107
29 29 (9) 2 : 0.002 0.885 0.041 0.042 0.029
30 30 (0) 2 : 0.002 0.128 0.243 0.370 0.258
31 31 (0) 2 : 0.002 0.927 0.021 0.023 0.027
32 32 (0) 2 : 0.006 0.971 0.008 0.007 0.009
33 33 (0) 2 : 0.037 0.518 0.212 0.138 0.094
34 34 (0) 2 : 0.008 0.921 0.015 0.036 0.020
35 35 (0) 2 : 0.180 0.778 0.017 0.011 0.014
36 36 (0) 2 : 0.003 0.977 0.007 0.006 0.007
37 37 (0) 2 : 0.008 0.938 0.014 0.022 0.018
38 38 (0) 2 : 0.003 0.264 0.210 0.207 0.317
39 39 (0) 2 : 0.003 0.968 0.008 0.012 0.009
40 40 (0) 2 : 0.002 0.973 0.009 0.010 0.006
41 41 (0) 2 : 0.028 0.917 0.014 0.019 0.023
42 42 (0) 2 : 0.001 0.785 0.065 0.048 0.101
43 43 (0) 2 : 0.002 0.966 0.013 0.009 0.010
44 44 (5) 2 : 0.004 0.965 0.008 0.007 0.016
45 45 (0) 2 : 0.017 0.956 0.009 0.009 0.009
46 46 (0) 2 : 0.001 0.925 0.026 0.020 0.028
47 47 (0) 2 : 0.003 0.969 0.011 0.010 0.006
48 48 (0) 2 : 0.002 0.967 0.012 0.009 0.010
49 49 (0) 2 : 0.008 0.154 0.239 0.317 0.283
50 50 (0) 2 : 0.002 0.937 0.024 0.020 0.016
51 51 (0) 2 : 0.002 0.933 0.017 0.027 0.020
52 52 (0) 2 : 0.003 0.903 0.029 0.017 0.048
53 53 (0) 2 : 0.003 0.702 0.085 0.155 0.055
54 54 (0) 2 : 0.005 0.969 0.008 0.010 0.008
55 55 (4) 2 : 0.002 0.341 0.238 0.283 0.136
56 56 (0) 2 : 0.004 0.489 0.113 0.278 0.116
57 57 (1) 2 : 0.004 0.186 0.165 0.317 0.328
58 58 (0) 2 : 0.004 0.921 0.026 0.020 0.028
59 59 (0) 2 : 0.002 0.970 0.011 0.009 0.008
60 60 (0) 2 : 0.018 0.954 0.010 0.009 0.009
61 61 (0) 2 : 0.005 0.759 0.067 0.092 0.077
62 62 (0) 2 : 0.004 0.978 0.007 0.006 0.005
63 63 (0) 2 : 0.006 0.940 0.022 0.015 0.017
64 64 (0) 2 : 0.002 0.948 0.021 0.013 0.016
65 65 (0) 2 : 0.007 0.425 0.228 0.164 0.175
66 66 (0) 2 : 0.012 0.953 0.008 0.016 0.012
67 67 (0) 2 : 0.006 0.937 0.016 0.016 0.025
68 68 (0) 2 : 0.004 0.965 0.010 0.011 0.010
69 69 (0) 2 : 0.012 0.901 0.032 0.027 0.027
70 70 (1) 2 : 0.003 0.975 0.007 0.006 0.008
71 71 (0) 3 : 0.013 0.031 0.560 0.127 0.269
72 72 (0) 3 : 0.005 0.005 0.468 0.246 0.276
73 73 (0) 3 : 0.004 0.008 0.375 0.200 0.414
74 74 (0) 3 : 0.003 0.044 0.335 0.336 0.282
75 75 (0) 3 : 0.008 0.029 0.545 0.178 0.241
76 76 (0) 3 : 0.048 0.013 0.260 0.229 0.450
77 77 (0) 3 : 0.005 0.008 0.172 0.409 0.407
78 78 (0) 3 : 0.003 0.018 0.082 0.429 0.467
79 79 (0) 3 : 0.009 0.036 0.248 0.306 0.401
80 80 (8) 3 : 0.009 0.005 0.163 0.481 0.341
81 81 (0) 3 : 0.001 0.020 0.287 0.368 0.323
82 82 (0) 3 : 0.017 0.445 0.237 0.167 0.135
83 83 (0) 3 : 0.002 0.075 0.212 0.306 0.405
84 84 (0) 3 : 0.003 0.012 0.448 0.324 0.213
85 85 (0) 3 : 0.003 0.086 0.145 0.338 0.428
86 86 (0) 3 : 0.038 0.017 0.319 0.300 0.326
87 87 (0) 3 : 0.045 0.006 0.158 0.559 0.231
88 88 (0) 3 : 0.006 0.044 0.409 0.162 0.379
89 89 (0) 3 : 0.019 0.044 0.397 0.281 0.259
90 90 (0) 3 : 0.015 0.011 0.150 0.375 0.449
91 91 (0) 3 : 0.002 0.039 0.215 0.559 0.186
92 92 (0) 3 : 0.007 0.028 0.285 0.304 0.375
93 93 (0) 3 : 0.017 0.155 0.314 0.178 0.336
94 94 (0) 3 : 0.006 0.057 0.207 0.403 0.326
95 95 (0) 3 : 0.004 0.019 0.340 0.368 0.269
96 96 (0) 3 : 0.002 0.012 0.201 0.392 0.392
97 97 (0) 3 : 0.013 0.004 0.393 0.317 0.273
98 98 (0) 3 : 0.017 0.267 0.240 0.211 0.265
99 99 (0) 3 : 0.010 0.053 0.335 0.266 0.336
100 100 (0) 3 : 0.008 0.007 0.256 0.382 0.347
101 101 (0) 3 : 0.001 0.014 0.284 0.288 0.412
102 102 (0) 3 : 0.007 0.025 0.249 0.363 0.356
103 103 (0) 3 : 0.004 0.011 0.230 0.303 0.452
104 104 (0) 3 : 0.004 0.026 0.221 0.471 0.279
105 105 (0) 3 : 0.002 0.017 0.282 0.299 0.399
106 106 (0) 3 : 0.008 0.016 0.198 0.443 0.336
107 107 (0) 3 : 0.009 0.046 0.427 0.257 0.262
108 108 (0) 3 : 0.003 0.005 0.336 0.233 0.423
109 109 (0) 3 : 0.048 0.348 0.235 0.200 0.169
110 110 (0) 3 : 0.005 0.019 0.387 0.238 0.351
111 111 (0) 3 : 0.008 0.018 0.355 0.266 0.353
112 112 (0) 3 : 0.002 0.090 0.310 0.200 0.398
113 113 (0) 3 : 0.002 0.019 0.141 0.462 0.375
114 114 (0) 3 : 0.003 0.013 0.328 0.299 0.357
115 115 (0) 3 : 0.009 0.058 0.430 0.231 0.273
116 116 (0) 3 : 0.006 0.011 0.203 0.355 0.425
117 117 (0) 3 : 0.996 0.001 0.001 0.001 0.001
118 118 (0) 3 : 0.007 0.009 0.336 0.254 0.394
119 119 (0) 3 : 0.010 0.023 0.287 0.404 0.275
120 120 (7) 4 : 0.995 0.001 0.001 0.001 0.001
121 121 (12) 4 : 0.010 0.013 0.304 0.265 0.408
122 122 (12) 4 : 0.535 0.045 0.150 0.132 0.137
123 123 (3) 4 : 0.002 0.027 0.295 0.327 0.349
124 124 (12) 4 : 0.002 0.067 0.384 0.248 0.299
125 125 (13) 4 : 0.002 0.014 0.373 0.411 0.201
126 126 (0) 4 : 0.004 0.619 0.124 0.125 0.127
127 127 (3) 4 : 0.002 0.028 0.340 0.387 0.243
128 128 (0) 4 : 0.002 0.013 0.249 0.517 0.219
129 129 (0) 4 : 0.006 0.009 0.215 0.370 0.400
130 130 (9) 4 : 0.003 0.003 0.431 0.204 0.359
131 131 (9) 4 : 0.002 0.009 0.223 0.450 0.315
132 132 (12) 4 : 0.011 0.018 0.388 0.284 0.300
133 133 (0) 5 : 0.009 0.926 0.018 0.024 0.023
134 134 (0) 5 : 0.002 0.013 0.184 0.484 0.318
135 135 (0) 5 : 0.018 0.890 0.030 0.035 0.026
136 136 (0) 6 : 0.003 0.006 0.420 0.295 0.276
137 137 (0) 6 : 0.004 0.004 0.420 0.243 0.329
138 138 (9) 6 : 0.004 0.007 0.411 0.231 0.347
139 139 (0) 6 : 0.006 0.005 0.555 0.139 0.295
140 140 (0) 6 : 0.005 0.008 0.152 0.397 0.439
141 141 (0) 6 : 0.003 0.012 0.560 0.131 0.294
142 142 (0) 6 : 0.006 0.011 0.198 0.333 0.452
143 143 (0) 6 : 0.004 0.033 0.482 0.221 0.261
144 144 (11) 6 : 0.003 0.018 0.398 0.280 0.301
145 145 (0) 6 : 0.022 0.038 0.327 0.339 0.273
146 146 (0) 6 : 0.002 0.083 0.386 0.284 0.245
147 147 (0) 6 : 0.002 0.029 0.354 0.383 0.233
148 148 (4) 6 : 0.005 0.022 0.314 0.325 0.335
149 149 (0) 6 : 0.005 0.019 0.512 0.210 0.254
150 150 (0) 6 : 0.004 0.081 0.362 0.267 0.286
151 151 (0) 6 : 0.001 0.005 0.265 0.250 0.478
152 152 (0) 6 : 0.012 0.059 0.334 0.244 0.351
153 153 (4) 6 : 0.001 0.006 0.279 0.254 0.460
154 154 (5) 6 : 0.002 0.009 0.339 0.208 0.443
155 155 (0) 6 : 0.033 0.006 0.270 0.274 0.418
156 156 (5) 6 : 0.006 0.010 0.461 0.184 0.339
157 157 (0) 6 : 0.010 0.008 0.390 0.322 0.270
158 158 (0) 6 : 0.007 0.020 0.532 0.141 0.300
159 159 (10) 6 : 0.004 0.018 0.419 0.294 0.266
160 160 (0) 6 : 0.002 0.008 0.337 0.320 0.333
161 161 (0) 6 : 0.003 0.005 0.317 0.483 0.192
162 162 (0) 6 : 0.002 0.013 0.218 0.413 0.354
163 163 (5) 6 : 0.007 0.037 0.261 0.261 0.434
164 164 (0) 6 : 0.001 0.112 0.217 0.359 0.310
165 165 (0) 6 : 0.004 0.022 0.422 0.313 0.240
166 166 (0) 6 : 0.003 0.036 0.260 0.545 0.157
167 167 (10) 6 : 0.003 0.020 0.221 0.561 0.195
168 168 (0) 6 : 0.003 0.017 0.213 0.561 0.206
169 169 (0) 6 : 0.001 0.004 0.123 0.403 0.469
170 170 (0) 6 : 0.002 0.011 0.498 0.166 0.323
171 171 (0) 6 : 0.003 0.017 0.166 0.586 0.227
172 172 (0) 6 : 0.010 0.009 0.056 0.434 0.492
173 173 (0) 6 : 0.011 0.007 0.050 0.433 0.500
174 174 (0) 6 : 0.016 0.013 0.227 0.488 0.256
175 175 (0) 6 : 0.016 0.010 0.216 0.400 0.358
176 176 (0) 6 : 0.007 0.039 0.389 0.370 0.196
177 177 (0) 6 : 0.003 0.021 0.246 0.411 0.320
178 178 (2) 6 : 0.007 0.013 0.367 0.326 0.287
179 179 (0) 6 : 0.010 0.077 0.206 0.283 0.425
180 180 (0) 6 : 0.003 0.009 0.336 0.251 0.401
181 181 (0) 6 : 0.006 0.018 0.425 0.160 0.391
182 182 (0) 6 : 0.002 0.039 0.329 0.327 0.303
183 183 (7) 6 : 0.003 0.010 0.323 0.312 0.352
184 184 (0) 6 : 0.005 0.014 0.407 0.177 0.397
185 185 (10) 6 : 0.002 0.082 0.229 0.445 0.243
186 186 (0) 6 : 0.010 0.738 0.078 0.074 0.100
187 187 (8) 6 : 0.018 0.011 0.396 0.371 0.204
188 188 (0) 6 : 0.003 0.008 0.445 0.190 0.354
189 189 (7) 6 : 0.003 0.017 0.265 0.459 0.255
190 190 (0) 6 : 0.003 0.003 0.166 0.367 0.460
191 191 (0) 6 : 0.005 0.014 0.228 0.338 0.415
192 192 (0) 6 : 0.002 0.053 0.489 0.152 0.304
193 193 (0) 6 : 0.006 0.007 0.472 0.241 0.274
194 194 (2) 6 : 0.008 0.022 0.264 0.317 0.390
195 195 (0) 6 : 0.174 0.031 0.104 0.342 0.348
196 196 (0) 6 : 0.006 0.099 0.297 0.327 0.271
197 197 (3) 6 : 0.009 0.027 0.429 0.320 0.215
198 198 (0) 6 : 0.003 0.020 0.416 0.143 0.419
199 199 (0) 6 : 0.003 0.006 0.456 0.185 0.351
200 200 (0) 6 : 0.003 0.410 0.197 0.259 0.131
201 201 (0) 6 : 0.011 0.010 0.385 0.246 0.349
202 202 (0) 6 : 0.008 0.058 0.468 0.121 0.345
203 203 (0) 6 : 0.004 0.041 0.328 0.190 0.437
204 204 (13) 6 : 0.006 0.018 0.523 0.153 0.300
205 205 (0) 6 : 0.002 0.015 0.319 0.324 0.340
206 206 (12) 6 : 0.004 0.082 0.270 0.364 0.279
207 207 (0) 6 : 0.005 0.027 0.330 0.352 0.287
208 208 (0) 6 : 0.008 0.006 0.289 0.482 0.214
209 209 (8) 6 : 0.004 0.007 0.518 0.166 0.306
210 210 (0) 6 : 0.012 0.012 0.532 0.141 0.303
211 211 (0) 6 : 0.007 0.007 0.353 0.457 0.176
212 212 (0) 6 : 0.002 0.042 0.414 0.264 0.278
213 213 (0) 6 : 0.002 0.016 0.481 0.208 0.293
214 214 (0) 6 : 0.003 0.015 0.354 0.206 0.422
215 215 (14) 6 : 0.006 0.011 0.349 0.201 0.433
216 216 (0) 6 : 0.011 0.139 0.352 0.250 0.247
217 217 (0) 6 : 0.007 0.015 0.382 0.234 0.361
218 218 (0) 6 : 0.007 0.008 0.505 0.157 0.323
219 219 (14) 6 : 0.004 0.011 0.571 0.113 0.302
220 220 (0) 6 : 0.015 0.073 0.300 0.301 0.310
221 221 (7) 6 : 0.005 0.021 0.479 0.184 0.311
222 222 (0) 6 : 0.004 0.009 0.236 0.436 0.316
223 223 (0) 6 : 0.010 0.039 0.285 0.272 0.394
224 224 (0) 6 : 0.004 0.008 0.370 0.329 0.289
225 225 (5) 6 : 0.005 0.011 0.360 0.334 0.291
226 226 (0) 6 : 0.017 0.125 0.257 0.324 0.277
227 227 (0) 2 : 0.003 0.936 0.026 0.020 0.016
228 228 (0) 2 : 0.002 0.978 0.008 0.006 0.007
229 229 (0) 2 : 0.013 0.928 0.023 0.019 0.018
230 230 (0) 2 : 0.004 0.899 0.028 0.027 0.042
231 231 (0) 2 : 0.002 0.921 0.032 0.025 0.020
232 232 (0) 2 : 0.004 0.980 0.005 0.007 0.004
233 233 (0) 2 : 0.006 0.569 0.142 0.163 0.120
234 234 (0) 2 : 0.001 0.991 0.002 0.002 0.003
235 235 (0) 2 : 0.002 0.823 0.054 0.050 0.071
