1 1 (0) 1 : 0.040 0.521 0.431 0.008
2 2 (1) 1 : 0.109 0.441 0.405 0.045
3 3 (0) 1 : 0.121 0.415 0.421 0.043
4 4 (13) 2 : 0.016 0.024 0.026 0.933
5 5 (0) 2 : 0.007 0.006 0.008 0.980
6 6 (13) 2 : 0.017 0.029 0.020 0.934
7 7 (0) 2 : 0.015 0.019 0.023 0.943
8 8 (0) 2 : 0.031 0.015 0.015 0.939
9 9 (10) 2 : 0.050 0.027 0.025 0.898
10 10 (9) 2 : 0.027 0.035 0.034 0.904
11 11 (0) 2 : 0.027 0.040 0.043 0.889
12 12 (0) 2 : 0.043 0.065 0.071 0.821
13 13 (0) 2 : 0.201 0.397 0.390 0.012
14 14 (0) 2 : 0.057 0.123 0.106 0.714
15 15 (0) 2 : 0.023 0.028 0.026 0.922
16 16 (0) 2 : 0.010 0.008 0.007 0.975
17 17 (0) 2 : 0.056 0.093 0.079 0.771
18 18 (0) 2 : 0.012 0.013 0.011 0.964
19 19 (0) 2 : 0.012 0.020 0.020 0.948
20 20 (0) 2 : 0.058 0.060 0.055 0.827
21 21 (0) 2 : 0.027 0.027 0.034 0.913
22 22 (0) 2 : 0.047 0.032 0.043 0.878
23 23 (0) 2 : 0.073 0.214 0.231 0.481
24 24 (0) 2 : 0.008 0.013 0.011 0.968
25 25 (0) 2 : 0.038 0.038 0.037 0.887
26 26 (0) 2 : 0.043 0.038 0.039 0.879
27 27 (0) 2 : 0.022 0.032 0.030 0.916
28 28 (0) 2 : 0.112 0.138 0.127 0.623
29 29 (9) 2 : 0.037 0.053 0.069 0.842
30 30 (0) 2 : 0.162 0.322 0.336 0.180
31 31 (0) 2 : 0.014 0.048 0.054 0.884
32 32 (0) 2 : 0.012 0.016 0.019 0.953
33 33 (0) 2 : 0.089 0.201 0.187 0.522
34 34 (0) 2 : 0.037 0.030 0.032 0.901
35 35 (0) 2 : 0.038 0.048 0.041 0.874
36 36 (0) 2 : 0.011 0.010 0.010 0.970
37 37 (0) 2 : 0.030 0.031 0.035 0.904
38 38 (0) 2 : 0.288 0.207 0.192 0.313
39 39 (0) 2 : 0.013 0.013 0.015 0.960
40 40 (0) 2 : 0.012 0.019 0.020 0.949
41 41 (0) 2 : 0.055 0.028 0.027 0.889
42 42 (0) 2 : 0.056 0.065 0.077 0.802
43 43 (0) 2 : 0.013 0.020 0.021 0.947
44 44 (5) 2 : 0.016 0.017 0.018 0.949
45 45 (0) 2 : 0.013 0.016 0.014 0.957
46 46 (0) 2 : 0.044 0.047 0.041 0.868
47 47 (0) 2 : 0.018 0.016 0.017 0.949
48 48 (0) 2 : 0.009 0.013 0.015 0.963
49 49 (0) 2 : 0.191 0.288 0.304 0.217
50 50 (0) 2 : 0.019 0.037 0.030 0.914
51 51 (0) 2 : 0.029 0.034 0.039 0.898
52 52 (0) 2 : 0.027 0.040 0.038 0.896
53 53 (0) 2 : 0.060 0.098 0.098 0.744
54 54 (0) 2 : 0.012 0.015 0.010 0.962
55 55 (4) 2 : 0.120 0.292 0.289 0.298
56 56 (0) 2 : 0.096 0.239 0.212 0.454
57 57 (1) 2 : 0.509 0.153 0.156 0.182
58 58 (0) 2 : 0.023 0.047 0.050 0.880
59 59 (0) 2 : 0.015 0.013 0.012 0.960
60 60 (0) 2 : 0.021 0.020 0.017 0.943
61 61 (0) 2 : 0.127 0.092 0.082 0.699
62 62 (0) 2 : 0.011 0.009 0.010 0.971
63 63 (0) 2 : 0.028 0.029 0.029 0.915
64 64 (0) 2 : 0.020 0.035 0.030 0.915
65 65 (0) 2 : 0.153 0.222 0.229 0.396
66 66 (0) 2 : 0.019 0.029 0.027 0.924
67 67 (0) 2 : 0.029 0.031 0.030 0.910
68 68 (0) 2 : 0.016 0.017 0.020 0.946
69 69 (0) 2 : 0.023 0.055 0.048 0.875
70 70 (1) 2 : 0.012 0.016 0.014 0.957
71 71 (0) 3 : 0.135 0.416 0.397 0.051
72 72 (0) 3 : 0.294 0.328 0.370 0.008
73 73 (0) 3 : 0.300 0.328 0.362 0.011
74 74 (0) 3 : 0.047 0.455 0.441 0.057
75 75 (0) 3 : 0.161 0.410 0.394 0.035
76 76 (0) 3 : 0.514 0.237 0.232 0.018
77 77 (0) 3 : 0.718 0.130 0.141 0.012
78 78 (0) 3 : 0.762 0.105 0.108 0.024
79 79 (0) 3 : 0.450 0.282 0.221 0.047
80 80 (8) 3 : 0.665 0.166 0.159 0.010
81 81 (0) 3 : 0.171 0.408 0.390 0.030
82 82 (0) 3 : 0.071 0.283 0.249 0.397
83 83 (0) 3 : 0.363 0.273 0.272 0.092
84 84 (0) 3 : 0.114 0.442 0.429 0.014
85 85 (0) 3 : 0.585 0.156 0.152 0.107
86 86 (0) 3 : 0.607 0.174 0.191 0.027
87 87 (0) 3 : 0.600 0.185 0.205 0.010
88 88 (0) 3 : 0.319 0.335 0.283 0.063
89 89 (0) 3 : 0.200 0.377 0.374 0.048
90 90 (0) 3 : 0.668 0.175 0.144 0.013
91 91 (0) 3 : 0.129 0.408 0.428 0.035
92 92 (0) 3 : 0.350 0.300 0.312 0.038
93 93 (0) 3 : 0.257 0.305 0.277 0.161
94 94 (0) 3 : 0.460 0.243 0.221 0.076
95 95 (0) 3 : 0.177 0.409 0.384 0.029
96 96 (0) 3 : 0.344 0.333 0.303 0.021
97 97 (0) 3 : 0.439 0.281 0.274 0.006
98 98 (0) 3 : 0.241 0.267 0.236 0.257
99 99 (0) 3 : 0.208 0.394 0.342 0.056
100 100 (0) 3 : 0.436 0.297 0.254 0.013
101 101 (0) 3 : 0.167 0.408 0.396 0.028
102 102 (0) 3 : 0.303 0.361 0.295 0.041
103 103 (0) 3 : 0.401 0.273 0.303 0.024
104 104 (0) 3 : 0.401 0.269 0.285 0.045
105 105 (0) 3 : 0.287 0.335 0.353 0.025
106 106 (0) 3 : 0.532 0.215 0.225 0.028
107 107 (0) 3 : 0.098 0.452 0.405 0.046
108 108 (0) 3 : 0.327 0.339 0.325 0.009
109 109 (0) 3 : 0.266 0.201 0.239 0.294
110 110 (0) 3 : 0.137 0.426 0.414 0.023
111 111 (0) 3 : 0.490 0.233 0.235 0.042
112 112 (0) 3 : 0.313 0.288 0.254 0.145
113 113 (0) 3 : 0.426 0.268 0.276 0.029
114 114 (0) 3 : 0.168 0.406 0.404 0.022
115 115 (0) 3 : 0.251 0.371 0.313 0.066
116 116 (0) 3 : 0.551 0.197 0.230 0.022
117 117 (0) 3 : 0.594 0.191 0.189 0.026
118 118 (0) 3 : 0.367 0.294 0.325 0.014
119 119 (0) 3 : 0.431 0.251 0.286 0.032
120 120 (7) 4 : 0.598 0.181 0.197 0.023
121 121 (12) 4 : 0.442 0.303 0.238 0.017
122 122 (12) 4 : 0.538 0.230 0.200 0.033
123 123 (3) 4 : 0.435 0.278 0.258 0.029
124 124 (12) 4 : 0.197 0.358 0.357 0.088
125 125 (13) 4 : 0.255 0.337 0.387 0.022
126 126 (0) 4 : 0.115 0.160 0.135 0.590
127 127 (3) 4 : 0.354 0.307 0.294 0.044
128 128 (0) 4 : 0.231 0.359 0.389 0.020
129 129 (0) 4 : 0.567 0.191 0.227 0.015
130 130 (9) 4 : 0.267 0.295 0.432 0.006
131 131 (9) 4 : 0.410 0.264 0.312 0.013
132 132 (12) 4 : 0.236 0.381 0.357 0.027
133 133 (0) 5 : 0.039 0.033 0.032 0.896
134 134 (0) 5 : 0.485 0.263 0.236 0.016
135 135 (0) 5 : 0.031 0.062 0.057 0.850
136 136 (0) 6 : 0.238 0.363 0.383 0.016
137 137 (0) 6 : 0.351 0.282 0.361 0.006
138 138 (9) 6 : 0.379 0.310 0.301 0.009
139 139 (0) 6 : 0.204 0.378 0.409 0.009
140 140 (0) 6 : 0.538 0.213 0.236 0.012
141 141 (0) 6 : 0.129 0.417 0.438 0.016
142 142 (0) 6 : 0.476 0.258 0.247 0.020
143 143 (0) 6 : 0.125 0.390 0.456 0.029
144 144 (11) 6 : 0.111 0.427 0.434 0.028
145 145 (0) 6 : 0.281 0.364 0.302 0.053
146 146 (0) 6 : 0.108 0.392 0.402 0.097
147 147 (0) 6 : 0.123 0.405 0.433 0.039
148 148 (4) 6 : 0.225 0.373 0.371 0.031
149 149 (0) 6 : 0.125 0.405 0.446 0.024
150 150 (0) 6 : 0.104 0.396 0.403 0.097
151 151 (0) 6 : 0.385 0.305 0.298 0.012
152 152 (0) 6 : 0.500 0.212 0.192 0.096
153 153 (4) 6 : 0.401 0.306 0.283 0.010
154 154 (5) 6 : 0.280 0.392 0.310 0.017
155 155 (0) 6 : 0.450 0.268 0.269 0.014
156 156 (5) 6 : 0.346 0.313 0.325 0.016
157 157 (0) 6 : 0.154 0.421 0.411 0.014
158 158 (0) 6 : 0.148 0.408 0.411 0.033
159 159 (10) 6 : 0.143 0.392 0.442 0.023
160 160 (0) 6 : 0.365 0.295 0.323 0.017
161 161 (0) 6 : 0.397 0.270 0.325 0.008
162 162 (0) 6 : 0.319 0.353 0.303 0.025
163 163 (5) 6 : 0.315 0.312 0.327 0.047
164 164 (0) 6 : 0.077 0.462 0.341 0.120
165 165 (0) 6 : 0.093 0.447 0.430 0.030
166 166 (0) 6 : 0.188 0.399 0.354 0.059
167 167 (10) 6 : 0.114 0.439 0.411 0.035
168 168 (0) 6 : 0.151 0.417 0.398 0.035
169 169 (0) 6 : 0.530 0.244 0.216 0.010
170 170 (0) 6 : 0.162 0.437 0.383 0.018
171 171 (0) 6 : 0.327 0.322 0.329 0.021
172 172 (0) 6 : 0.867 0.055 0.067 0.011
173 173 (0) 6 : 0.872 0.067 0.050 0.011
174 174 (0) 6 : 0.399 0.296 0.284 0.022
175 175 (0) 6 : 0.615 0.193 0.175 0.017
176 176 (0) 6 : 0.170 0.381 0.399 0.049
177 177 (0) 6 : 0.263 0.365 0.333 0.039
178 178 (2) 6 : 0.298 0.348 0.337 0.017
179 179 (0) 6 : 0.513 0.215 0.198 0.073
180 180 (0) 6 : 0.381 0.279 0.325 0.016
181 181 (0) 6 : 0.239 0.348 0.392 0.020
182 182 (0) 6 : 0.173 0.414 0.360 0.053
183 183 (7) 6 : 0.298 0.344 0.340 0.018
184 184 (0) 6 : 0.277 0.354 0.341 0.027
185 185 (10) 6 : 0.096 0.445 0.371 0.088
186 186 (0) 6 : 0.068 0.096 0.118 0.718
187 187 (8) 6 : 0.217 0.389 0.376 0.019
188 188 (0) 6 : 0.183 0.387 0.418 0.011
189 189 (7) 6 : 0.081 0.437 0.459 0.023
190 190 (0) 6 : 0.710 0.139 0.144 0.007
191 191 (0) 6 : 0.699 0.153 0.126 0.021
192 192 (0) 6 : 0.157 0.342 0.424 0.077
193 193 (0) 6 : 0.183 0.389 0.416 0.012
194 194 (2) 6 : 0.554 0.224 0.188 0.034
195 195 (0) 6 : 0.667 0.148 0.146 0.039
196 196 (0) 6 : 0.258 0.295 0.317 0.130
197 197 (3) 6 : 0.199 0.374 0.387 0.040
198 198 (0) 6 : 0.187 0.399 0.383 0.030
199 199 (0) 6 : 0.316 0.307 0.368 0.009
200 200 (0) 6 : 0.055 0.300 0.271 0.375
201 201 (0) 6 : 0.294 0.339 0.349 0.019
202 202 (0) 6 : 0.194 0.354 0.373 0.079
203 203 (0) 6 : 0.335 0.297 0.301 0.067
204 204 (13) 6 : 0.118 0.435 0.410 0.037
205 205 (0) 6 : 0.293 0.350 0.331 0.026
206 206 (12) 6 : 0.121 0.443 0.354 0.082
207 207 (0) 6 : 0.192 0.381 0.375 0.052
208 208 (0) 6 : 0.207 0.411 0.373 0.009
209 209 (8) 6 : 0.131 0.443 0.413 0.013
210 210 (0) 6 : 0.129 0.426 0.424 0.021
211 211 (0) 6 : 0.137 0.416 0.433 0.015
212 212 (0) 6 : 0.142 0.405 0.407 0.046
213 213 (0) 6 : 0.135 0.406 0.434 0.025
214 214 (0) 6 : 0.306 0.312 0.351 0.032
215 215 (14) 6 : 0.246 0.373 0.364 0.017
216 216 (0) 6 : 0.169 0.346 0.296 0.190
217 217 (0) 6 : 0.251 0.337 0.395 0.017
218 218 (0) 6 : 0.249 0.356 0.382 0.012
219 219 (14) 6 : 0.167 0.380 0.438 0.015
220 220 (0) 6 : 0.230 0.320 0.348 0.102
221 221 (7) 6 : 0.100 0.455 0.414 0.031
222 222 (0) 6 : 0.074 0.489 0.422 0.015
223 223 (0) 6 : 0.441 0.249 0.261 0.048
224 224 (0) 6 : 0.159 0.362 0.465 0.014
225 225 (5) 6 : 0.141 0.388 0.445 0.025
226 226 (0) 6 : 0.193 0.353 0.326 0.129
227 227 (0) 2 : 0.034 0.040 0.028 0.898
228 228 (0) 2 : 0.010 0.010 0.012 0.969
229 229 (0) 2 : 0.032 0.024 0.025 0.918
230 230 (0) 2 : 0.044 0.041 0.038 0.877
231 231 (0) 2 : 0.021 0.039 0.041 0.898
232 232 (0) 2 : 0.011 0.009 0.010 0.970
233 233 (0) 2 : 0.094 0.166 0.166 0.574
234 234 (0) 2 : 0.004 0.006 0.006 0.984
235 235 (0) 2 : 0.052 0.085 0.077 0.786
1 1 (0) 1 : 0.122 0.500 0.010 0.368
2 2 (1) 1 : 0.215 0.471 0.045 0.268
3 3 (0) 1 : 0.196 0.468 0.042 0.294
4 4 (13) 2 : 0.019 0.022 0.942 0.018
5 5 (0) 2 : 0.008 0.007 0.980 0.005
6 6 (13) 2 : 0.017 0.015 0.947 0.021
7 7 (0) 2 : 0.014 0.015 0.954 0.017
8 8 (0) 2 : 0.023 0.017 0.944 0.016
9 9 (10) 2 : 0.033 0.029 0.911 0.027
10 10 (9) 2 : 0.028 0.031 0.906 0.035
11 11 (0) 2 : 0.029 0.035 0.905 0.030
12 12 (0) 2 : 0.051 0.061 0.832 0.057
13 13 (0) 2 : 0.213 0.392 0.014 0.381
14 14 (0) 2 : 0.081 0.093 0.740 0.086
15 15 (0) 2 : 0.021 0.021 0.939 0.019
16 16 (0) 2 : 0.008 0.007 0.978 0.008
17 17 (0) 2 : 0.063 0.077 0.803 0.057
18 18 (0) 2 : 0.010 0.010 0.965 0.015
19 19 (0) 2 : 0.015 0.020 0.952 0.013
20 20 (0) 2 : 0.058 0.055 0.832 0.054
21 21 (0) 2 : 0.021 0.022 0.932 0.025
22 22 (0) 2 : 0.038 0.035 0.898 0.029
23 23 (0) 2 : 0.100 0.227 0.503 0.171
24 24 (0) 2 : 0.014 0.011 0.966 0.010
25 25 (0) 2 : 0.026 0.043 0.906 0.025
26 26 (0) 2 : 0.025 0.034 0.920 0.021
27 27 (0) 2 : 0.022 0.025 0.917 0.036
28 28 (0) 2 : 0.125 0.095 0.666 0.113
29 29 (9) 2 : 0.031 0.058 0.870 0.041
30 30 (0) 2 : 0.215 0.331 0.184 0.270
31 31 (0) 2 : 0.025 0.040 0.889 0.046
32 32 (0) 2 : 0.013 0.017 0.956 0.014
33 33 (0) 2 : 0.121 0.171 0.532 0.176
34 34 (0) 2 : 0.031 0.030 0.913 0.025
35 35 (0) 2 : 0.048 0.043 0.877 0.032
36 36 (0) 2 : 0.008 0.010 0.974 0.008
37 37 (0) 2 : 0.035 0.028 0.910 0.027
38 38 (0) 2 : 0.291 0.190 0.316 0.203
39 39 (0) 2 : 0.011 0.013 0.963 0.013
40 40 (0) 2 : 0.012 0.016 0.958 0.014
41 41 (0) 2 : 0.044 0.022 0.908 0.026
42 42 (0) 2 : 0.055 0.052 0.788 0.105
43 43 (0) 2 : 0.015 0.024 0.942 0.019
44 44 (5) 2 : 0.017 0.016 0.952 0.015
45 45 (0) 2 : 0.013 0.017 0.956 0.013
46 46 (0) 2 : 0.041 0.038 0.880 0.042
47 47 (0) 2 : 0.020 0.016 0.951 0.013
48 48 (0) 2 : 0.009 0.013 0.967 0.011
49 49 (0) 2 : 0.228 0.333 0.184 0.255
50 50 (0) 2 : 0.023 0.030 0.921 0.026
51 51 (0) 2 : 0.028 0.028 0.915 0.028
52 52 (0) 2 : 0.030 0.042 0.867 0.062
53 53 (0) 2 : 0.097 0.106 0.699 0.097
54 54 (0) 2 : 0.014 0.012 0.964 0.010
55 55 (4) 2 : 0.158 0.298 0.329 0.215
56 56 (0) 2 : 0.178 0.231 0.449 0.141
57 57 (1) 2 : 0.438 0.192 0.169 0.201
58 58 (0) 2 : 0.035 0.052 0.879 0.034
59 59 (0) 2 : 0.012 0.013 0.961 0.014
60 60 (0) 2 : 0.021 0.020 0.939 0.019
61 61 (0) 2 : 0.149 0.119 0.657 0.074
62 62 (0) 2 : 0.008 0.006 0.978 0.008
63 63 (0) 2 : 0.025 0.030 0.923 0.022
64 64 (0) 2 : 0.018 0.028 0.933 0.022
65 65 (0) 2 : 0.169 0.204 0.408 0.218
66 66 (0) 2 : 0.014 0.018 0.951 0.016
67 67 (0) 2 : 0.033 0.031 0.906 0.030
68 68 (0) 2 : 0.013 0.017 0.954 0.017
69 69 (0) 2 : 0.032 0.050 0.869 0.049
70 70 (1) 2 : 0.010 0.008 0.970 0.011
71 71 (0) 3 : 0.193 0.235 0.047 0.526
72 72 (0) 3 : 0.232 0.312 0.007 0.449
73 73 (0) 3 : 0.311 0.299 0.010 0.380
74 74 (0) 3 : 0.169 0.513 0.054 0.263
75 75 (0) 3 : 0.218 0.359 0.054 0.369
76 76 (0) 3 : 0.525 0.216 0.018 0.241
77 77 (0) 3 : 0.543 0.219 0.010 0.228
78 78 (0) 3 : 0.607 0.220 0.026 0.146
79 79 (0) 3 : 0.394 0.252 0.047 0.306
80 80 (8) 3 : 0.562 0.220 0.009 0.210
81 81 (0) 3 : 0.225 0.494 0.032 0.249
82 82 (0) 3 : 0.139 0.259 0.431 0.172
83 83 (0) 3 : 0.372 0.251 0.093 0.284
84 84 (0) 3 : 0.174 0.435 0.018 0.373
85 85 (0) 3 : 0.495 0.263 0.099 0.143
86 86 (0) 3 : 0.449 0.208 0.027 0.315
87 87 (0) 3 : 0.487 0.263 0.010 0.240
88 88 (0) 3 : 0.226 0.286 0.067 0.421
89 89 (0) 3 : 0.248 0.370 0.050 0.333
90 90 (0) 3 : 0.585 0.254 0.014 0.147
91 91 (0) 3 : 0.246 0.477 0.043 0.234
92 92 (0) 3 : 0.411 0.330 0.040 0.219
93 93 (0) 3 : 0.387 0.249 0.160 0.204
94 94 (0) 3 : 0.466 0.283 0.065 0.186
95 95 (0) 3 : 0.269 0.415 0.030 0.285
96 96 (0) 3 : 0.374 0.325 0.015 0.286
97 97 (0) 3 : 0.449 0.245 0.006 0.300
98 98 (0) 3 : 0.327 0.216 0.249 0.208
99 99 (0) 3 : 0.323 0.378 0.065 0.234
100 100 (0) 3 : 0.451 0.287 0.010 0.252
101 101 (0) 3 : 0.211 0.361 0.026 0.402
102 102 (0) 3 : 0.404 0.272 0.031 0.293
103 103 (0) 3 : 0.419 0.294 0.022 0.264
104 104 (0) 3 : 0.360 0.381 0.046 0.214
105 105 (0) 3 : 0.355 0.322 0.021 0.303
106 106 (0) 3 : 0.415 0.328 0.028 0.229
107 107 (0) 3 : 0.167 0.494 0.045 0.294
108 108 (0) 3 : 0.286 0.345 0.007 0.363
109 109 (0) 3 : 0.261 0.226 0.344 0.169
110 110 (0) 3 : 0.177 0.338 0.027 0.458
111 111 (0) 3 : 0.413 0.316 0.039 0.232
112 112 (0) 3 : 0.272 0.260 0.147 0.320
113 113 (0) 3 : 0.478 0.302 0.026 0.195
114 114 (0) 3 : 0.246 0.395 0.021 0.338
115 115 (0) 3 : 0.289 0.328 0.076 0.307
116 116 (0) 3 : 0.466 0.228 0.024 0.282
117 117 (0) 3 : 0.571 0.138 0.014 0.277
118 118 (0) 3 : 0.341 0.352 0.018 0.289
119 119 (0) 3 : 0.385 0.288 0.026 0.301
120 120 (7) 4 : 0.570 0.141 0.015 0.275
121 121 (12) 4 : 0.385 0.325 0.019 0.271
122 122 (12) 4 : 0.544 0.182 0.032 0.242
123 123 (3) 4 : 0.346 0.347 0.028 0.280
124 124 (12) 4 : 0.271 0.355 0.090 0.284
125 125 (13) 4 : 0.238 0.309 0.018 0.434
126 126 (0) 4 : 0.127 0.169 0.551 0.153
127 127 (3) 4 : 0.259 0.309 0.031 0.401
128 128 (0) 4 : 0.269 0.416 0.019 0.296
129 129 (0) 4 : 0.447 0.262 0.012 0.279
130 130 (9) 4 : 0.193 0.251 0.008 0.548
131 131 (9) 4 : 0.362 0.296 0.010 0.332
132 132 (12) 4 : 0.234 0.366 0.025 0.375
133 133 (0) 5 : 0.033 0.028 0.904 0.036
134 134 (0) 5 : 0.413 0.300 0.016 0.271
135 135 (0) 5 : 0.045 0.060 0.852 0.043
136 136 (0) 6 : 0.265 0.400 0.016 0.319
137 137 (0) 6 : 0.206 0.228 0.006 0.560
138 138 (9) 6 : 0.341 0.316 0.009 0.333
139 139 (0) 6 : 0.192 0.353 0.008 0.448
140 140 (0) 6 : 0.471 0.279 0.013 0.238
141 141 (0) 6 : 0.164 0.299 0.018 0.519
142 142 (0) 6 : 0.537 0.237 0.018 0.207
143 143 (0) 6 : 0.199 0.412 0.041 0.348
144 144 (11) 6 : 0.209 0.422 0.034 0.335
145 145 (0) 6 : 0.337 0.380 0.053 0.230
146 146 (0) 6 : 0.185 0.371 0.120 0.325
147 147 (0) 6 : 0.206 0.456 0.037 0.301
148 148 (4) 6 : 0.268 0.383 0.035 0.314
149 149 (0) 6 : 0.153 0.378 0.025 0.444
150 150 (0) 6 : 0.156 0.526 0.082 0.236
151 151 (0) 6 : 0.402 0.254 0.011 0.333
152 152 (0) 6 : 0.444 0.195 0.082 0.280
153 153 (4) 6 : 0.392 0.240 0.009 0.359
154 154 (5) 6 : 0.330 0.296 0.018 0.356
155 155 (0) 6 : 0.398 0.299 0.013 0.290
156 156 (5) 6 : 0.362 0.253 0.015 0.369
157 157 (0) 6 : 0.255 0.420 0.011 0.314
158 158 (0) 6 : 0.214 0.293 0.030 0.464
159 159 (10) 6 : 0.219 0.436 0.024 0.320
160 160 (0) 6 : 0.348 0.330 0.017 0.304
161 161 (0) 6 : 0.373 0.307 0.006 0.314
162 162 (0) 6 : 0.406 0.333 0.018 0.243
163 163 (5) 6 : 0.307 0.345 0.045 0.303
164 164 (0) 6 : 0.207 0.426 0.141 0.226
165 165 (0) 6 : 0.157 0.417 0.029 0.398
166 166 (0) 6 : 0.275 0.421 0.043 0.261
167 167 (10) 6 : 0.256 0.536 0.023 0.185
168 168 (0) 6 : 0.254 0.539 0.022 0.184
169 169 (0) 6 : 0.387 0.388 0.006 0.219
170 170 (0) 6 : 0.198 0.234 0.019 0.550
171 171 (0) 6 : 0.340 0.388 0.021 0.251
172 172 (0) 6 : 0.744 0.144 0.011 0.102
173 173 (0) 6 : 0.731 0.151 0.012 0.106
174 174 (0) 6 : 0.474 0.306 0.022 0.198
175 175 (0) 6 : 0.527 0.203 0.013 0.257
176 176 (0) 6 : 0.229 0.361 0.047 0.363
177 177 (0) 6 : 0.347 0.414 0.033 0.207
178 178 (2) 6 : 0.317 0.308 0.019 0.355
179 179 (0) 6 : 0.451 0.200 0.077 0.272
180 180 (0) 6 : 0.363 0.284 0.019 0.334
181 181 (0) 6 : 0.273 0.381 0.019 0.326
182 182 (0) 6 : 0.224 0.379 0.056 0.341
183 183 (7) 6 : 0.326 0.377 0.015 0.281
184 184 (0) 6 : 0.288 0.315 0.027 0.370
185 185 (10) 6 : 0.208 0.507 0.105 0.181
186 186 (0) 6 : 0.114 0.096 0.710 0.080
187 187 (8) 6 : 0.273 0.417 0.018 0.292
188 188 (0) 6 : 0.195 0.448 0.012 0.344
189 189 (7) 6 : 0.187 0.543 0.026 0.244
190 190 (0) 6 : 0.505 0.187 0.008 0.300
191 191 (0) 6 : 0.580 0.216 0.018 0.186
192 192 (0) 6 : 0.177 0.406 0.066 0.351
193 193 (0) 6 : 0.240 0.304 0.010 0.446
194 194 (2) 6 : 0.462 0.248 0.034 0.256
195 195 (0) 6 : 0.588 0.234 0.042 0.136
196 196 (0) 6 : 0.340 0.307 0.131 0.222
197 197 (3) 6 : 0.231 0.380 0.034 0.355
198 198 (0) 6 : 0.239 0.266 0.030 0.466
199 199 (0) 6 : 0.280 0.342 0.010 0.369
200 200 (0) 6 : 0.123 0.298 0.428 0.151
201 201 (0) 6 : 0.348 0.280 0.019 0.353
202 202 (0) 6 : 0.201 0.230 0.068 0.501
203 203 (0) 6 : 0.273 0.284 0.050 0.394
204 204 (13) 6 : 0.127 0.247 0.032 0.594
205 205 (0) 6 : 0.259 0.333 0.027 0.380
206 206 (12) 6 : 0.216 0.359 0.096 0.328
207 207 (0) 6 : 0.274 0.387 0.040 0.299
208 208 (0) 6 : 0.260 0.438 0.009 0.292
209 209 (8) 6 : 0.135 0.249 0.013 0.603
210 210 (0) 6 : 0.136 0.209 0.021 0.634
211 211 (0) 6 : 0.288 0.370 0.011 0.331
212 212 (0) 6 : 0.187 0.371 0.052 0.390
213 213 (0) 6 : 0.170 0.391 0.027 0.412
214 214 (0) 6 : 0.323 0.316 0.026 0.335
215 215 (14) 6 : 0.271 0.350 0.017 0.363
216 216 (0) 6 : 0.258 0.314 0.164 0.265
217 217 (0) 6 : 0.275 0.390 0.017 0.318
218 218 (0) 6 : 0.245 0.352 0.008 0.395
219 219 (14) 6 : 0.183 0.308 0.015 0.494
220 220 (0) 6 : 0.319 0.271 0.105 0.305
221 221 (7) 6 : 0.145 0.267 0.029 0.559
222 222 (0) 6 : 0.210 0.503 0.014 0.273
223 223 (0) 6 : 0.378 0.232 0.054 0.336
224 224 (0) 6 : 0.228 0.428 0.010 0.334
225 225 (5) 6 : 0.230 0.419 0.022 0.329
226 226 (0) 6 : 0.278 0.319 0.129 0.273
227 227 (0) 2 : 0.023 0.027 0.917 0.034
228 228 (0) 2 : 0.007 0.008 0.977 0.008
229 229 (0) 2 : 0.031 0.039 0.896 0.034
230 230 (0) 2 : 0.044 0.053 0.864 0.039
231 231 (0) 2 : 0.030 0.038 0.905 0.028
232 232 (0) 2 : 0.008 0.008 0.975 0.009
233 233 (0) 2 : 0.119 0.196 0.542 0.144
234 234 (0) 2 : 0.005 0.007 0.984 0.004
235 235 (0) 2 : 0.056 0.063 0.806 0.075
1 1 (0) 1 : 0.543 0.341 0.010 0.106
2 2 (1) 1 : 0.489 0.327 0.058 0.127
3 3 (0) 1 : 0.448 0.347 0.044 0.161
4 4 (13) 2 : 0.022 0.019 0.941 0.018
5 5 (0) 2 : 0.006 0.008 0.978 0.008
6 6 (13) 2 : 0.020 0.019 0.937 0.024
7 7 (0) 2 : 0.016 0.020 0.949 0.015
8 8 (0) 2 : 0.019 0.020 0.940 0.021
9 9 (10) 2 : 0.030 0.034 0.890 0.046
10 10 (9) 2 : 0.044 0.035 0.893 0.027
11 11 (0) 2 : 0.038 0.043 0.900 0.018
12 12 (0) 2 : 0.089 0.065 0.798 0.048
13 13 (0) 2 : 0.369 0.408 0.014 0.208
14 14 (0) 2 : 0.098 0.103 0.753 0.046
15 15 (0) 2 : 0.032 0.030 0.917 0.021
16 16 (0) 2 : 0.010 0.008 0.975 0.008
17 17 (0) 2 : 0.067 0.090 0.793 0.049
18 18 (0) 2 : 0.011 0.012 0.966 0.011
19 19 (0) 2 : 0.016 0.015 0.947 0.022
20 20 (0) 2 : 0.068 0.073 0.823 0.036
21 21 (0) 2 : 0.030 0.033 0.916 0.021
22 22 (0) 2 : 0.032 0.033 0.892 0.043
23 23 (0) 2 : 0.177 0.199 0.517 0.107
24 24 (0) 2 : 0.011 0.011 0.965 0.013
25 25 (0) 2 : 0.029 0.035 0.888 0.048
26 26 (0) 2 : 0.030 0.025 0.916 0.029
27 27 (0) 2 : 0.035 0.029 0.913 0.022
28 28 (0) 2 : 0.148 0.125 0.654 0.072
29 29 (9) 2 : 0.045 0.041 0.869 0.046
30 30 (0) 2 : 0.316 0.226 0.208 0.249
31 31 (0) 2 : 0.064 0.043 0.876 0.017
32 32 (0) 2 : 0.022 0.015 0.951 0.012
33 33 (0) 2 : 0.198 0.244 0.500 0.057
34 34 (0) 2 : 0.031 0.030 0.898 0.041
35 35 (0) 2 : 0.051 0.040 0.886 0.023
36 36 (0) 2 : 0.012 0.010 0.969 0.010
37 37 (0) 2 : 0.037 0.033 0.896 0.034
38 38 (0) 2 : 0.146 0.211 0.332 0.311
39 39 (0) 2 : 0.014 0.016 0.955 0.015
40 40 (0) 2 : 0.021 0.018 0.949 0.012
41 41 (0) 2 : 0.030 0.030 0.904 0.035
42 42 (0) 2 : 0.087 0.056 0.792 0.065
43 43 (0) 2 : 0.022 0.017 0.946 0.016
44 44 (5) 2 : 0.015 0.014 0.952 0.019
45 45 (0) 2 : 0.012 0.013 0.961 0.014
46 46 (0) 2 : 0.042 0.040 0.869 0.049
47 47 (0) 2 : 0.014 0.016 0.941 0.029
48 48 (0) 2 : 0.016 0.013 0.961 0.010
49 49 (0) 2 : 0.301 0.187 0.230 0.282
50 50 (0) 2 : 0.033 0.030 0.917 0.020
51 51 (0) 2 : 0.034 0.030 0.895 0.040
52 52 (0) 2 : 0.063 0.038 0.872 0.027
53 53 (0) 2 : 0.122 0.067 0.686 0.125
54 54 (0) 2 : 0.015 0.012 0.961 0.011
55 55 (4) 2 : 0.243 0.179 0.337 0.242
56 56 (0) 2 : 0.220 0.191 0.440 0.150
57 57 (1) 2 : 0.104 0.143 0.182 0.571
58 58 (0) 2 : 0.038 0.035 0.886 0.041
59 59 (0) 2 : 0.018 0.012 0.957 0.013
60 60 (0) 2 : 0.022 0.020 0.932 0.027
61 61 (0) 2 : 0.096 0.095 0.684 0.125
62 62 (0) 2 : 0.007 0.008 0.974 0.011
63 63 (0) 2 : 0.022 0.036 0.914 0.028
64 64 (0) 2 : 0.028 0.029 0.924 0.019
65 65 (0) 2 : 0.202 0.201 0.396 0.200
66 66 (0) 2 : 0.020 0.022 0.939 0.019
67 67 (0) 2 : 0.034 0.028 0.904 0.033
68 68 (0) 2 : 0.019 0.021 0.945 0.015
69 69 (0) 2 : 0.043 0.046 0.878 0.033
70 70 (1) 2 : 0.014 0.012 0.965 0.010
71 71 (0) 3 : 0.476 0.403 0.045 0.076
72 72 (0) 3 : 0.310 0.442 0.009 0.239
73 73 (0) 3 : 0.351 0.438 0.012 0.199
74 74 (0) 3 : 0.598 0.251 0.070 0.080
75 75 (0) 3 : 0.402 0.338 0.047 0.212
76 76 (0) 3 : 0.269 0.274 0.017 0.441
77 77 (0) 3 : 0.057 0.105 0.011 0.828
78 78 (0) 3 : 0.035 0.109 0.029 0.828
79 79 (0) 3 : 0.272 0.255 0.060 0.413
80 80 (8) 3 : 0.187 0.141 0.008 0.664
81 81 (0) 3 : 0.406 0.375 0.033 0.186
82 82 (0) 3 : 0.229 0.278 0.425 0.068
83 83 (0) 3 : 0.250 0.222 0.095 0.433
84 84 (0) 3 : 0.465 0.395 0.018 0.122
85 85 (0) 3 : 0.115 0.130 0.127 0.628
86 86 (0) 3 : 0.221 0.236 0.029 0.514
87 87 (0) 3 : 0.171 0.276 0.010 0.542
88 88 (0) 3 : 0.318 0.219 0.065 0.398
89 89 (0) 3 : 0.339 0.475 0.055 0.132
90 90 (0) 3 : 0.139 0.304 0.017 0.540
91 91 (0) 3 : 0.462 0.201 0.042 0.295
92 92 (0) 3 : 0.246 0.339 0.040 0.375
93 93 (0) 3 : 0.253 0.326 0.184 0.237
94 94 (0) 3 : 0.209 0.315 0.078 0.398
95 95 (0) 3 : 0.376 0.442 0.035 0.146
96 96 (0) 3 : 0.214 0.123 0.016 0.647
97 97 (0) 3 : 0.177 0.394 0.007 0.422
98 98 (0) 3 : 0.288 0.301 0.261 0.151
99 99 (0) 3 : 0.327 0.432 0.076 0.165
100 100 (0) 3 : 0.251 0.368 0.014 0.367
101 101 (0) 3 : 0.375 0.217 0.033 0.374
102 102 (0) 3 : 0.323 0.321 0.040 0.316
103 103 (0) 3 : 0.245 0.258 0.022 0.476
104 104 (0) 3 : 0.216 0.202 0.050 0.532
105 105 (0) 3 : 0.345 0.413 0.023 0.219
106 106 (0) 3 : 0.183 0.279 0.027 0.511
107 107 (0) 3 : 0.563 0.324 0.048 0.065
108 108 (0) 3 : 0.234 0.249 0.008 0.510
109 109 (0) 3 : 0.169 0.342 0.326 0.163
110 110 (0) 3 : 0.531 0.362 0.028 0.080
111 111 (0) 3 : 0.179 0.245 0.029 0.547
112 112 (0) 3 : 0.268 0.172 0.146 0.415
113 113 (0) 3 : 0.197 0.165 0.029 0.609
114 114 (0) 3 : 0.545 0.333 0.023 0.099
115 115 (0) 3 : 0.315 0.412 0.085 0.188
116 116 (0) 3 : 0.217 0.232 0.021 0.530
117 117 (0) 3 : 0.209 0.545 0.027 0.219
118 118 (0) 3 : 0.298 0.462 0.015 0.224
119 119 (0) 3 : 0.280 0.250 0.032 0.437
120 120 (7) 4 : 0.219 0.539 0.024 0.219
121 121 (12) 4 : 0.172 0.232 0.019 0.578
122 122 (12) 4 : 0.215 0.534 0.032 0.219
123 123 (3) 4 : 0.196 0.297 0.034 0.473
124 124 (12) 4 : 0.327 0.298 0.082 0.293
125 125 (13) 4 : 0.288 0.312 0.020 0.380
126 126 (0) 4 : 0.103 0.130 0.597 0.170
127 127 (3) 4 : 0.205 0.265 0.044 0.486
128 128 (0) 4 : 0.341 0.191 0.021 0.448
129 129 (0) 4 : 0.129 0.177 0.014 0.681
130 130 (9) 4 : 0.446 0.393 0.007 0.155
131 131 (9) 4 : 0.192 0.192 0.013 0.603
132 132 (12) 4 : 0.340 0.375 0.032 0.254
133 133 (0) 5 : 0.029 0.034 0.896 0.041
134 134 (0) 5 : 0.150 0.101 0.018 0.731
135 135 (0) 5 : 0.054 0.039 0.871 0.037
136 136 (0) 6 : 0.313 0.377 0.017 0.294
137 137 (0) 6 : 0.403 0.394 0.007 0.196
138 138 (9) 6 : 0.336 0.402 0.009 0.253
139 139 (0) 6 : 0.366 0.541 0.010 0.084
140 140 (0) 6 : 0.162 0.174 0.015 0.649
141 141 (0) 6 : 0.601 0.350 0.019 0.030
142 142 (0) 6 : 0.261 0.270 0.025 0.445
143 143 (0) 6 : 0.455 0.423 0.036 0.086
144 144 (11) 6 : 0.561 0.323 0.036 0.081
145 145 (0) 6 : 0.278 0.336 0.055 0.331
146 146 (0) 6 : 0.471 0.318 0.108 0.103
147 147 (0) 6 : 0.402 0.319 0.052 0.227
148 148 (4) 6 : 0.377 0.364 0.037 0.222
149 149 (0) 6 : 0.512 0.399 0.030 0.060
150 150 (0) 6 : 0.443 0.369 0.108 0.079
151 151 (0) 6 : 0.180 0.100 0.010 0.710
152 152 (0) 6 : 0.187 0.176 0.099 0.538
153 153 (4) 6 : 0.197 0.097 0.008 0.698
154 154 (5) 6 : 0.294 0.132 0.017 0.557
155 155 (0) 6 : 0.213 0.290 0.014 0.483
156 156 (5) 6 : 0.313 0.313 0.018 0.356
157 157 (0) 6 : 0.445 0.458 0.015 0.083
158 158 (0) 6 : 0.388 0.496 0.031 0.084
159 159 (10) 6 : 0.470 0.347 0.029 0.154
160 160 (0) 6 : 0.269 0.318 0.017 0.395
161 161 (0) 6 : 0.202 0.225 0.008 0.564
162 162 (0) 6 : 0.372 0.318 0.022 0.288
163 163 (5) 6 : 0.280 0.322 0.047 0.351
164 164 (0) 6 : 0.494 0.278 0.130 0.099
165 165 (0) 6 : 0.497 0.349 0.034 0.119
166 166 (0) 6 : 0.337 0.229 0.057 0.377
167 167 (10) 6 : 0.403 0.437 0.032 0.128
168 168 (0) 6 : 0.399 0.438 0.026 0.137
169 169 (0) 6 : 0.129 0.185 0.007 0.679
170 170 (0) 6 : 0.505 0.369 0.020 0.105
171 171 (0) 6 : 0.275 0.225 0.025 0.475
172 172 (0) 6 : 0.025 0.224 0.011 0.740
173 173 (0) 6 : 0.018 0.231 0.012 0.739
174 174 (0) 6 : 0.252 0.390 0.022 0.336
175 175 (0) 6 : 0.172 0.140 0.015 0.673
176 176 (0) 6 : 0.438 0.309 0.049 0.203
177 177 (0) 6 : 0.283 0.327 0.044 0.346
178 178 (2) 6 : 0.345 0.382 0.020 0.252
179 179 (0) 6 : 0.167 0.233 0.087 0.513
180 180 (0) 6 : 0.311 0.384 0.019 0.287
181 181 (0) 6 : 0.383 0.387 0.026 0.205
182 182 (0) 6 : 0.426 0.334 0.059 0.181
183 183 (7) 6 : 0.317 0.325 0.017 0.341
184 184 (0) 6 : 0.322 0.400 0.027 0.251
185 185 (10) 6 : 0.409 0.323 0.111 0.157
186 186 (0) 6 : 0.109 0.115 0.721 0.054
187 187 (8) 6 : 0.356 0.370 0.017 0.258
188 188 (0) 6 : 0.423 0.380 0.012 0.185
189 189 (7) 6 : 0.455 0.356 0.030 0.159
190 190 (0) 6 : 0.154 0.167 0.006 0.673
191 191 (0) 6 : 0.104 0.186 0.018 0.692
192 192 (0) 6 : 0.347 0.442 0.069 0.142
193 193 (0) 6 : 0.512 0.375 0.012 0.100
194 194 (2) 6 : 0.185 0.224 0.032 0.559
195 195 (0) 6 : 0.125 0.255 0.043 0.577
196 196 (0) 6 : 0.308 0.283 0.142 0.267
197 197 (3) 6 : 0.315 0.420 0.027 0.238
198 198 (0) 6 : 0.419 0.292 0.036 0.253
199 199 (0) 6 : 0.299 0.519 0.010 0.173
200 200 (0) 6 : 0.311 0.206 0.414 0.068
201 201 (0) 6 : 0.481 0.339 0.020 0.160
202 202 (0) 6 : 0.406 0.353 0.090 0.151
203 203 (0) 6 : 0.369 0.238 0.059 0.334
204 204 (13) 6 : 0.606 0.343 0.028 0.023
205 205 (0) 6 : 0.298 0.164 0.023 0.515
206 206 (12) 6 : 0.485 0.249 0.106 0.160
207 207 (0) 6 : 0.299 0.490 0.059 0.152
208 208 (0) 6 : 0.391 0.326 0.009 0.274
209 209 (8) 6 : 0.598 0.347 0.013 0.042
210 210 (0) 6 : 0.584 0.360 0.022 0.034
211 211 (0) 6 : 0.493 0.256 0.013 0.237
212 212 (0) 6 : 0.507 0.317 0.059 0.117
213 213 (0) 6 : 0.468 0.413 0.037 0.081
214 214 (0) 6 : 0.305 0.309 0.027 0.360
215 215 (14) 6 : 0.366 0.315 0.016 0.303
216 216 (0) 6 : 0.370 0.321 0.174 0.136
217 217 (0) 6 : 0.353 0.510 0.019 0.118
218 218 (0) 6 : 0.384 0.489 0.012 0.115
219 219 (14) 6 : 0.465 0.394 0.017 0.123
220 220 (0) 6 : 0.390 0.304 0.095 0.211
221 221 (7) 6 : 0.620 0.322 0.027 0.031
222 222 (0) 6 : 0.598 0.297 0.015 0.091
223 223 (0) 6 : 0.225 0.317 0.052 0.407
224 224 (0) 6 : 0.505 0.387 0.009 0.099
225 225 (5) 6 : 0.494 0.392 0.017 0.097
226 226 (0) 6 : 0.403 0.344 0.131 0.121
227 227 (0) 2 : 0.030 0.031 0.909 0.030
228 228 (0) 2 : 0.010 0.010 0.968 0.011
229 229 (0) 2 : 0.030 0.030 0.909 0.031
230 230 (0) 2 : 0.048 0.038 0.866 0.048
231 231 (0) 2 : 0.030 0.041 0.897 0.031
232 232 (0) 2 : 0.008 0.008 0.973 0.010
233 233 (0) 2 : 0.155 0.144 0.577 0.124
234 234 (0) 2 : 0.007 0.005 0.983 0.005
235 235 (0) 2 : 0.065 0.067 0.786 0.082
1 1 (0) 1 : 0.363 0.087 0.540 0.010
2 2 (1) 1 : 0.421 0.111 0.415 0.054
3 3 (0) 1 : 0.410 0.125 0.416 0.049
4 4 (13) 2 : 0.020 0.020 0.022 0.939
5 5 (0) 2 : 0.008 0.008 0.009 0.976
6 6 (13) 2 : 0.020 0.022 0.021 0.937
7 7 (0) 2 : 0.021 0.013 0.013 0.953
8 8 (0) 2 : 0.021 0.029 0.018 0.933
9 9 (10) 2 : 0.027 0.048 0.030 0.895
10 10 (9) 2 : 0.035 0.025 0.036 0.904
11 11 (0) 2 : 0.042 0.026 0.044 0.888
12 12 (0) 2 : 0.059 0.037 0.072 0.832
13 13 (0) 2 : 0.401 0.190 0.398 0.012
14 14 (0) 2 : 0.107 0.070 0.103 0.720
15 15 (0) 2 : 0.029 0.021 0.027 0.922
16 16 (0) 2 : 0.009 0.009 0.006 0.976
17 17 (0) 2 : 0.082 0.043 0.091 0.784
18 18 (0) 2 : 0.010 0.013 0.010 0.967
19 19 (0) 2 : 0.016 0.020 0.020 0.944
20 20 (0) 2 : 0.065 0.050 0.050 0.834
21 21 (0) 2 : 0.031 0.022 0.026 0.922
22 22 (0) 2 : 0.033 0.040 0.029 0.899
23 23 (0) 2 : 0.201 0.103 0.165 0.531
24 24 (0) 2 : 0.011 0.012 0.012 0.964
25 25 (0) 2 : 0.029 0.025 0.046 0.900
26 26 (0) 2 : 0.035 0.032 0.028 0.905
27 27 (0) 2 : 0.027 0.023 0.031 0.919
28 28 (0) 2 : 0.131 0.135 0.132 0.602
29 29 (9) 2 : 0.054 0.030 0.054 0.861
30 30 (0) 2 : 0.275 0.167 0.376 0.182
31 31 (0) 2 : 0.042 0.017 0.051 0.890
32 32 (0) 2 : 0.015 0.013 0.016 0.956
33 33 (0) 2 : 0.239 0.089 0.190 0.482
34 34 (0) 2 : 0.026 0.038 0.030 0.906
35 35 (0) 2 : 0.040 0.033 0.047 0.880
36 36 (0) 2 : 0.009 0.007 0.009 0.974
37 37 (0) 2 : 0.030 0.036 0.027 0.907
38 38 (0) 2 : 0.232 0.234 0.185 0.349
39 39 (0) 2 : 0.015 0.012 0.014 0.959
40 40 (0) 2 : 0.015 0.014 0.035 0.936
41 41 (0) 2 : 0.024 0.041 0.031 0.905
42 42 (0) 2 : 0.064 0.049 0.083 0.804
43 43 (0) 2 : 0.021 0.011 0.041 0.928
44 44 (5) 2 : 0.018 0.016 0.017 0.950
45 45 (0) 2 : 0.014 0.021 0.015 0.950
46 46 (0) 2 : 0.038 0.030 0.056 0.876
47 47 (0) 2 : 0.015 0.019 0.020 0.945
48 48 (0) 2 : 0.013 0.007 0.014 0.965
49 49 (0) 2 : 0.250 0.276 0.265 0.209
50 50 (0) 2 : 0.031 0.022 0.029 0.918
51 51 (0) 2 : 0.027 0.026 0.041 0.906
52 52 (0) 2 : 0.047 0.027 0.047 0.879
53 53 (0) 2 : 0.073 0.068 0.170 0.689
54 54 (0) 2 : 0.017 0.011 0.016 0.956
55 55 (4) 2 : 0.202 0.194 0.293 0.312
56 56 (0) 2 : 0.143 0.158 0.275 0.424
57 57 (1) 2 : 0.144 0.543 0.121 0.192
58 58 (0) 2 : 0.042 0.028 0.050 0.880
59 59 (0) 2 : 0.014 0.017 0.014 0.956
60 60 (0) 2 : 0.017 0.025 0.022 0.936
61 61 (0) 2 : 0.096 0.111 0.143 0.650
62 62 (0) 2 : 0.008 0.011 0.009 0.971
63 63 (0) 2 : 0.026 0.031 0.027 0.916
64 64 (0) 2 : 0.031 0.016 0.035 0.917
65 65 (0) 2 : 0.186 0.178 0.232 0.404
66 66 (0) 2 : 0.020 0.025 0.020 0.936
67 67 (0) 2 : 0.027 0.030 0.044 0.898
68 68 (0) 2 : 0.021 0.011 0.015 0.953
69 69 (0) 2 : 0.048 0.030 0.044 0.878
70 70 (1) 2 : 0.011 0.013 0.012 0.965
71 71 (0) 3 : 0.481 0.168 0.304 0.046
72 72 (0) 3 : 0.440 0.226 0.325 0.009
73 73 (0) 3 : 0.487 0.227 0.274 0.011
74 74 (0) 3 : 0.349 0.085 0.500 0.066
75 75 (0) 3 : 0.352 0.213 0.386 0.049
76 76 (0) 3 : 0.357 0.423 0.203 0.017
77 77 (0) 3 : 0.113 0.711 0.164 0.013
78 78 (0) 3 : 0.125 0.710 0.137 0.029
79 79 (0) 3 : 0.364 0.304 0.281 0.051
80 80 (8) 3 : 0.141 0.666 0.183 0.010
81 81 (0) 3 : 0.397 0.126 0.450 0.027
82 82 (0) 3 : 0.242 0.097 0.257 0.403
83 83 (0) 3 : 0.318 0.347 0.224 0.111
84 84 (0) 3 : 0.402 0.129 0.451 0.018
85 85 (0) 3 : 0.185 0.511 0.175 0.129
86 86 (0) 3 : 0.242 0.534 0.200 0.024
87 87 (0) 3 : 0.146 0.633 0.211 0.010
88 88 (0) 3 : 0.319 0.321 0.293 0.066
89 89 (0) 3 : 0.462 0.185 0.300 0.053
90 90 (0) 3 : 0.208 0.605 0.171 0.015
91 91 (0) 3 : 0.212 0.269 0.472 0.046
92 92 (0) 3 : 0.252 0.460 0.247 0.042
93 93 (0) 3 : 0.296 0.262 0.268 0.174
94 94 (0) 3 : 0.256 0.362 0.303 0.079
95 95 (0) 3 : 0.412 0.148 0.402 0.038
96 96 (0) 3 : 0.130 0.424 0.431 0.015
97 97 (0) 3 : 0.280 0.454 0.258 0.008
98 98 (0) 3 : 0.317 0.161 0.235 0.287
99 99 (0) 3 : 0.326 0.297 0.299 0.078
100 100 (0) 3 : 0.271 0.497 0.222 0.010
101 101 (0) 3 : 0.317 0.276 0.377 0.029
102 102 (0) 3 : 0.365 0.236 0.356 0.043
103 103 (0) 3 : 0.286 0.365 0.324 0.025
104 104 (0) 3 : 0.208 0.418 0.333 0.041
105 105 (0) 3 : 0.400 0.196 0.382 0.021
106 106 (0) 3 : 0.240 0.462 0.270 0.028
107 107 (0) 3 : 0.384 0.111 0.456 0.049
108 108 (0) 3 : 0.251 0.449 0.292 0.008
109 109 (0) 3 : 0.220 0.283 0.158 0.339
110 110 (0) 3 : 0.504 0.087 0.380 0.029
111 111 (0) 3 : 0.265 0.491 0.206 0.038
112 112 (0) 3 : 0.319 0.229 0.313 0.139
113 113 (0) 3 : 0.214 0.452 0.307 0.027
114 114 (0) 3 : 0.465 0.125 0.392 0.018
115 115 (0) 3 : 0.328 0.320 0.271 0.081
116 116 (0) 3 : 0.325 0.428 0.228 0.019
117 117 (0) 3 : 0.370 0.523 0.090 0.018
118 118 (0) 3 : 0.565 0.193 0.226 0.016
119 119 (0) 3 : 0.231 0.506 0.239 0.023
120 120 (7) 4 : 0.370 0.525 0.093 0.012
121 121 (12) 4 : 0.223 0.559 0.198 0.020
122 122 (12) 4 : 0.345 0.490 0.136 0.030
123 123 (3) 4 : 0.328 0.381 0.262 0.029
124 124 (12) 4 : 0.326 0.222 0.362 0.090
125 125 (13) 4 : 0.315 0.360 0.300 0.025
126 126 (0) 4 : 0.137 0.131 0.161 0.570
127 127 (3) 4 : 0.262 0.435 0.265 0.038
128 128 (0) 4 : 0.160 0.415 0.402 0.023
129 129 (0) 4 : 0.209 0.470 0.308 0.013
130 130 (9) 4 : 0.481 0.208 0.304 0.007
131 131 (9) 4 : 0.198 0.405 0.384 0.012
132 132 (12) 4 : 0.432 0.228 0.308 0.032
133 133 (0) 5 : 0.030 0.041 0.037 0.892
134 134 (0) 5 : 0.149 0.503 0.331 0.017
135 135 (0) 5 : 0.041 0.043 0.046 0.870
136 136 (0) 6 : 0.294 0.241 0.451 0.013
137 137 (0) 6 : 0.456 0.243 0.296 0.005
138 138 (9) 6 : 0.492 0.200 0.297 0.012
139 139 (0) 6 : 0.663 0.109 0.221 0.008
140 140 (0) 6 : 0.227 0.471 0.287 0.015
141 141 (0) 6 : 0.596 0.092 0.292 0.021
142 142 (0) 6 : 0.318 0.390 0.269 0.023
143 143 (0) 6 : 0.538 0.134 0.287 0.041
144 144 (11) 6 : 0.415 0.101 0.453 0.032
145 145 (0) 6 : 0.283 0.371 0.291 0.055
146 146 (0) 6 : 0.387 0.101 0.408 0.105
147 147 (0) 6 : 0.292 0.229 0.434 0.045
148 148 (4) 6 : 0.400 0.242 0.323 0.035
149 149 (0) 6 : 0.465 0.134 0.372 0.029
150 150 (0) 6 : 0.393 0.115 0.388 0.103
151 151 (0) 6 : 0.105 0.401 0.484 0.009
152 152 (0) 6 : 0.222 0.458 0.221 0.099
153 153 (4) 6 : 0.115 0.410 0.467 0.008
154 154 (5) 6 : 0.130 0.359 0.497 0.014
155 155 (0) 6 : 0.298 0.433 0.257 0.012
156 156 (5) 6 : 0.414 0.268 0.303 0.015
157 157 (0) 6 : 0.559 0.118 0.311 0.012
158 158 (0) 6 : 0.545 0.161 0.262 0.032
159 159 (10) 6 : 0.489 0.163 0.322 0.026
160 160 (0) 6 : 0.319 0.335 0.328 0.017
161 161 (0) 6 : 0.183 0.435 0.376 0.007
162 162 (0) 6 : 0.378 0.194 0.406 0.022
163 163 (5) 6 : 0.373 0.272 0.311 0.044
164 164 (0) 6 : 0.236 0.123 0.494 0.147
165 165 (0) 6 : 0.360 0.132 0.476 0.033
166 166 (0) 6 : 0.169 0.363 0.417 0.051
167 167 (10) 6 : 0.335 0.126 0.504 0.035
168 168 (0) 6 : 0.316 0.138 0.515 0.031
169 169 (0) 6 : 0.271 0.476 0.246 0.008
170 170 (0) 6 : 0.522 0.104 0.354 0.020
171 171 (0) 6 : 0.221 0.357 0.398 0.024
172 172 (0) 6 : 0.070 0.857 0.062 0.011
173 173 (0) 6 : 0.081 0.851 0.058 0.011
174 174 (0) 6 : 0.237 0.376 0.360 0.026
175 175 (0) 6 : 0.188 0.573 0.223 0.016
176 176 (0) 6 : 0.362 0.224 0.358 0.055
177 177 (0) 6 : 0.292 0.228 0.445 0.035
178 178 (2) 6 : 0.331 0.293 0.354 0.022
179 179 (0) 6 : 0.312 0.400 0.207 0.081
180 180 (0) 6 : 0.412 0.267 0.302 0.018
181 181 (0) 6 : 0.415 0.190 0.372 0.023
182 182 (0) 6 : 0.429 0.121 0.400 0.050
183 183 (7) 6 : 0.344 0.252 0.389 0.014
184 184 (0) 6 : 0.467 0.164 0.341 0.028
185 185 (10) 6 : 0.279 0.115 0.506 0.101
186 186 (0) 6 : 0.099 0.068 0.119 0.713
187 187 (8) 6 : 0.366 0.237 0.381 0.016
188 188 (0) 6 : 0.513 0.092 0.385 0.010
189 189 (7) 6 : 0.306 0.117 0.550 0.027
190 190 (0) 6 : 0.264 0.502 0.226 0.009
191 191 (0) 6 : 0.184 0.585 0.207 0.024
192 192 (0) 6 : 0.466 0.112 0.350 0.072
193 193 (0) 6 : 0.480 0.154 0.355 0.010
194 194 (2) 6 : 0.192 0.541 0.238 0.029
195 195 (0) 6 : 0.138 0.675 0.147 0.040
196 196 (0) 6 : 0.308 0.267 0.285 0.140
197 197 (3) 6 : 0.389 0.192 0.385 0.033
198 198 (0) 6 : 0.404 0.155 0.407 0.034
199 199 (0) 6 : 0.630 0.168 0.192 0.010
200 200 (0) 6 : 0.230 0.057 0.308 0.405
201 201 (0) 6 : 0.450 0.200 0.330 0.020
202 202 (0) 6 : 0.434 0.191 0.298 0.077
203 203 (0) 6 : 0.362 0.266 0.309 0.063
204 204 (13) 6 : 0.480 0.141 0.350 0.029
205 205 (0) 6 : 0.222 0.394 0.352 0.032
206 206 (12) 6 : 0.306 0.196 0.395 0.104
207 207 (0) 6 : 0.397 0.181 0.364 0.057
208 208 (0) 6 : 0.283 0.310 0.396 0.010
209 209 (8) 6 : 0.506 0.151 0.334 0.009
210 210 (0) 6 : 0.477 0.151 0.346 0.027
211 211 (0) 6 : 0.327 0.265 0.394 0.013
212 212 (0) 6 : 0.391 0.127 0.415 0.067
213 213 (0) 6 : 0.503 0.125 0.346 0.026
214 214 (0) 6 : 0.357 0.202 0.414 0.027
215 215 (14) 6 : 0.432 0.182 0.371 0.015
216 216 (0) 6 : 0.292 0.239 0.296 0.173
217 217 (0) 6 : 0.538 0.185 0.260 0.018
218 218 (0) 6 : 0.548 0.174 0.267 0.012
219 219 (14) 6 : 0.525 0.131 0.326 0.018
220 220 (0) 6 : 0.273 0.342 0.294 0.091
221 221 (7) 6 : 0.442 0.160 0.369 0.029
222 222 (0) 6 : 0.265 0.144 0.573 0.018
223 223 (0) 6 : 0.335 0.339 0.273 0.054
224 224 (0) 6 : 0.383 0.158 0.448 0.011
225 225 (5) 6 : 0.361 0.162 0.458 0.018
226 226 (0) 6 : 0.373 0.183 0.312 0.132
227 227 (0) 2 : 0.029 0.026 0.032 0.913
228 228 (0) 2 : 0.012 0.009 0.012 0.967
229 229 (0) 2 : 0.029 0.043 0.027 0.902
230 230 (0) 2 : 0.045 0.037 0.055 0.864
231 231 (0) 2 : 0.042 0.031 0.039 0.887
232 232 (0) 2 : 0.008 0.012 0.010 0.971
233 233 (0) 2 : 0.139 0.131 0.176 0.554
234 234 (0) 2 : 0.005 0.006 0.007 0.982
235 235 (0) 2 : 0.073 0.065 0.088 0.775
1 1 (0) 1 : 0.098 0.377 0.010 0.515
2 2 (1) 1 : 0.138 0.292 0.045 0.524
3 3 (0) 1 : 0.121 0.423 0.046 0.410
4 4 (13) 2 : 0.016 0.019 0.946 0.020
5 5 (0) 2 : 0.006 0.008 0.978 0.008
6 6 (13) 2 : 0.019 0.017 0.943 0.021
7 7 (0) 2 : 0.014 0.020 0.947 0.019
8 8 (0) 2 : 0.031 0.013 0.936 0.019
9 9 (10) 2 : 0.043 0.027 0.890 0.040
10 10 (9) 2 : 0.020 0.043 0.893 0.044
11 11 (0) 2 : 0.031 0.044 0.878 0.047
12 12 (0) 2 : 0.045 0.039 0.835 0.081
13 13 (0) 2 : 0.222 0.345 0.014 0.420
14 14 (0) 2 : 0.064 0.091 0.761 0.084
15 15 (0) 2 : 0.024 0.025 0.927 0.023
16 16 (0) 2 : 0.009 0.009 0.975 0.007
17 17 (0) 2 : 0.050 0.068 0.786 0.096
18 18 (0) 2 : 0.011 0.009 0.969 0.012
19 19 (0) 2 : 0.016 0.015 0.954 0.016
20 20 (0) 2 : 0.047 0.061 0.825 0.067
21 21 (0) 2 : 0.019 0.020 0.937 0.023
22 22 (0) 2 : 0.047 0.033 0.879 0.041
23 23 (0) 2 : 0.092 0.168 0.521 0.219
24 24 (0) 2 : 0.010 0.011 0.968 0.012
25 25 (0) 2 : 0.042 0.034 0.884 0.041
26 26 (0) 2 : 0.031 0.030 0.912 0.027
27 27 (0) 2 : 0.018 0.028 0.924 0.030
28 28 (0) 2 : 0.104 0.130 0.645 0.122
29 29 (9) 2 : 0.034 0.060 0.841 0.065
30 30 (0) 2 : 0.238 0.271 0.198 0.293
31 31 (0) 2 : 0.016 0.058 0.888 0.038
32 32 (0) 2 : 0.012 0.015 0.954 0.018
33 33 (0) 2 : 0.110 0.161 0.470 0.259
34 34 (0) 2 : 0.040 0.026 0.905 0.030
35 35 (0) 2 : 0.033 0.046 0.878 0.044
36 36 (0) 2 : 0.009 0.010 0.970 0.010
37 37 (0) 2 : 0.032 0.027 0.907 0.034
38 38 (0) 2 : 0.261 0.215 0.275 0.249
39 39 (0) 2 : 0.016 0.013 0.954 0.017
40 40 (0) 2 : 0.015 0.013 0.958 0.013
41 41 (0) 2 : 0.053 0.021 0.901 0.025
42 42 (0) 2 : 0.049 0.078 0.822 0.051
43 43 (0) 2 : 0.014 0.018 0.951 0.017
44 44 (5) 2 : 0.021 0.015 0.947 0.017
45 45 (0) 2 : 0.013 0.013 0.961 0.013
46 46 (0) 2 : 0.033 0.038 0.884 0.045
47 47 (0) 2 : 0.022 0.015 0.945 0.019
48 48 (0) 2 : 0.009 0.020 0.956 0.015
49 49 (0) 2 : 0.204 0.271 0.232 0.293
50 50 (0) 2 : 0.020 0.031 0.910 0.039
51 51 (0) 2 : 0.027 0.034 0.904 0.035
52 52 (0) 2 : 0.025 0.036 0.905 0.034
53 53 (0) 2 : 0.065 0.098 0.694 0.143
54 54 (0) 2 : 0.011 0.015 0.962 0.012
55 55 (4) 2 : 0.168 0.191 0.353 0.287
56 56 (0) 2 : 0.136 0.116 0.488 0.260
57 57 (1) 2 : 0.504 0.149 0.160 0.188
58 58 (0) 2 : 0.038 0.034 0.894 0.034
59 59 (0) 2 : 0.009 0.013 0.966 0.012
60 60 (0) 2 : 0.019 0.020 0.939 0.022
61 61 (0) 2 : 0.118 0.075 0.677 0.130
62 62 (0) 2 : 0.008 0.008 0.976 0.008
63 63 (0) 2 : 0.029 0.020 0.923 0.028
64 64 (0) 2 : 0.016 0.025 0.929 0.031
65 65 (0) 2 : 0.176 0.174 0.438 0.212
66 66 (0) 2 : 0.026 0.023 0.932 0.019
67 67 (0) 2 : 0.030 0.033 0.907 0.030
68 68 (0) 2 : 0.015 0.016 0.954 0.015
69 69 (0) 2 : 0.030 0.050 0.876 0.044
70 70 (1) 2 : 0.012 0.011 0.966 0.012
71 71 (0) 3 : 0.145 0.538 0.044 0.273
72 72 (0) 3 : 0.233 0.401 0.007 0.359
73 73 (0) 3 : 0.211 0.449 0.008 0.332
74 74 (0) 3 : 0.069 0.410 0.056 0.465
75 75 (0) 3 : 0.184 0.427 0.042 0.347
76 76 (0) 3 : 0.409 0.320 0.020 0.251
77 77 (0) 3 : 0.705 0.125 0.010 0.160
78 78 (0) 3 : 0.736 0.085 0.024 0.155
79 79 (0) 3 : 0.356 0.288 0.050 0.306
80 80 (8) 3 : 0.600 0.159 0.009 0.232
81 81 (0) 3 : 0.161 0.381 0.025 0.433
82 82 (0) 3 : 0.078 0.200 0.407 0.316
83 83 (0) 3 : 0.341 0.270 0.104 0.285
84 84 (0) 3 : 0.122 0.407 0.017 0.454
85 85 (0) 3 : 0.541 0.115 0.097 0.247
86 86 (0) 3 : 0.537 0.247 0.023 0.193
87 87 (0) 3 : 0.636 0.158 0.010 0.196
88 88 (0) 3 : 0.332 0.310 0.066 0.292
89 89 (0) 3 : 0.223 0.334 0.053 0.390
90 90 (0) 3 : 0.617 0.150 0.016 0.217
91 91 (0) 3 : 0.213 0.341 0.050 0.397
92 92 (0) 3 : 0.390 0.203 0.032 0.376
93 93 (0) 3 : 0.249 0.244 0.163 0.345
94 94 (0) 3 : 0.469 0.193 0.084 0.254
95 95 (0) 3 : 0.166 0.378 0.029 0.427
96 96 (0) 3 : 0.413 0.223 0.016 0.348
97 97 (0) 3 : 0.501 0.206 0.007 0.285
98 98 (0) 3 : 0.193 0.292 0.248 0.267
99 99 (0) 3 : 0.274 0.236 0.078 0.412
100 100 (0) 3 : 0.457 0.194 0.012 0.337
101 101 (0) 3 : 0.237 0.397 0.026 0.339
102 102 (0) 3 : 0.279 0.366 0.036 0.319
103 103 (0) 3 : 0.430 0.217 0.021 0.333
104 104 (0) 3 : 0.443 0.212 0.041 0.304
105 105 (0) 3 : 0.273 0.360 0.024 0.344
106 106 (0) 3 : 0.537 0.159 0.025 0.279
107 107 (0) 3 : 0.126 0.408 0.050 0.416
108 108 (0) 3 : 0.417 0.270 0.008 0.304
109 109 (0) 3 : 0.202 0.187 0.394 0.217
110 110 (0) 3 : 0.122 0.513 0.033 0.332
111 111 (0) 3 : 0.468 0.210 0.031 0.291
112 112 (0) 3 : 0.319 0.260 0.145 0.277
113 113 (0) 3 : 0.486 0.161 0.029 0.324
114 114 (0) 3 : 0.152 0.451 0.021 0.375
115 115 (0) 3 : 0.281 0.309 0.073 0.337
116 116 (0) 3 : 0.468 0.257 0.019 0.256
117 117 (0) 3 : 0.427 0.319 0.022 0.232
118 118 (0) 3 : 0.222 0.385 0.014 0.380
119 119 (0) 3 : 0.486 0.276 0.028 0.210
120 120 (7) 4 : 0.423 0.330 0.019 0.227
121 121 (12) 4 : 0.501 0.196 0.016 0.287
122 122 (12) 4 : 0.392 0.319 0.029 0.260
123 123 (3) 4 : 0.452 0.209 0.028 0.310
124 124 (12) 4 : 0.245 0.311 0.091 0.352
125 125 (13) 4 : 0.354 0.279 0.016 0.351
126 126 (0) 4 : 0.123 0.149 0.563 0.165
127 127 (3) 4 : 0.463 0.243 0.038 0.256
128 128 (0) 4 : 0.411 0.228 0.021 0.340
129 129 (0) 4 : 0.587 0.184 0.011 0.218
130 130 (9) 4 : 0.199 0.531 0.005 0.264
131 131 (9) 4 : 0.528 0.187 0.013 0.271
132 132 (12) 4 : 0.227 0.341 0.024 0.408
133 133 (0) 5 : 0.038 0.039 0.894 0.030
134 134 (0) 5 : 0.512 0.191 0.015 0.282
135 135 (0) 5 : 0.046 0.058 0.849 0.047
136 136 (0) 6 : 0.300 0.276 0.018 0.406
137 137 (0) 6 : 0.215 0.516 0.005 0.264
138 138 (9) 6 : 0.265 0.382 0.010 0.343
139 139 (0) 6 : 0.092 0.554 0.009 0.344
140 140 (0) 6 : 0.510 0.242 0.014 0.235
141 141 (0) 6 : 0.087 0.595 0.018 0.299
142 142 (0) 6 : 0.467 0.226 0.023 0.284
143 143 (0) 6 : 0.135 0.424 0.035 0.407
144 144 (11) 6 : 0.105 0.443 0.037 0.415
145 145 (0) 6 : 0.333 0.243 0.063 0.360
146 146 (0) 6 : 0.111 0.392 0.116 0.381
147 147 (0) 6 : 0.208 0.273 0.045 0.473
148 148 (4) 6 : 0.217 0.398 0.035 0.350
149 149 (0) 6 : 0.122 0.462 0.022 0.395
150 150 (0) 6 : 0.101 0.387 0.081 0.432
151 151 (0) 6 : 0.494 0.289 0.010 0.207
152 152 (0) 6 : 0.483 0.209 0.087 0.221
153 153 (4) 6 : 0.496 0.293 0.008 0.203
154 154 (5) 6 : 0.425 0.320 0.013 0.241
155 155 (0) 6 : 0.394 0.316 0.013 0.276
156 156 (5) 6 : 0.303 0.360 0.014 0.322
157 157 (0) 6 : 0.179 0.393 0.015 0.413
158 158 (0) 6 : 0.166 0.456 0.036 0.341
159 159 (10) 6 : 0.181 0.409 0.025 0.385
160 160 (0) 6 : 0.344 0.275 0.017 0.365
161 161 (0) 6 : 0.462 0.223 0.008 0.307
162 162 (0) 6 : 0.316 0.298 0.020 0.366
163 163 (5) 6 : 0.270 0.335 0.046 0.349
164 164 (0) 6 : 0.132 0.268 0.140 0.461
165 165 (0) 6 : 0.147 0.358 0.027 0.469
166 166 (0) 6 : 0.326 0.250 0.052 0.373
167 167 (10) 6 : 0.152 0.341 0.030 0.477
168 168 (0) 6 : 0.152 0.324 0.029 0.495
169 169 (0) 6 : 0.480 0.244 0.007 0.268
170 170 (0) 6 : 0.139 0.590 0.021 0.249
171 171 (0) 6 : 0.343 0.232 0.020 0.404
172 172 (0) 6 : 0.789 0.064 0.011 0.136
173 173 (0) 6 : 0.780 0.066 0.012 0.142
174 174 (0) 6 : 0.448 0.211 0.022 0.319
175 175 (0) 6 : 0.568 0.204 0.018 0.210
176 176 (0) 6 : 0.207 0.386 0.047 0.360
177 177 (0) 6 : 0.344 0.245 0.036 0.375
178 178 (2) 6 : 0.258 0.344 0.020 0.378
179 179 (0) 6 : 0.468 0.188 0.073 0.271
180 180 (0) 6 : 0.301 0.338 0.017 0.344
181 181 (0) 6 : 0.205 0.370 0.019 0.406
182 182 (0) 6 : 0.198 0.282 0.046 0.473
183 183 (7) 6 : 0.333 0.217 0.017 0.433
184 184 (0) 6 : 0.206 0.437 0.024 0.333
185 185 (10) 6 : 0.118 0.322 0.103 0.457
186 186 (0) 6 : 0.068 0.105 0.677 0.150
187 187 (8) 6 : 0.214 0.311 0.016 0.460
188 188 (0) 6 : 0.116 0.427 0.011 0.446
189 189 (7) 6 : 0.128 0.370 0.027 0.474
190 190 (0) 6 : 0.626 0.166 0.008 0.200
191 191 (0) 6 : 0.608 0.149 0.022 0.221
192 192 (0) 6 : 0.147 0.384 0.068 0.400
193 193 (0) 6 : 0.134 0.557 0.010 0.299
194 194 (2) 6 : 0.526 0.195 0.032 0.247
195 195 (0) 6 : 0.616 0.119 0.039 0.226
196 196 (0) 6 : 0.287 0.301 0.132 0.280
197 197 (3) 6 : 0.245 0.289 0.036 0.430
198 198 (0) 6 : 0.224 0.439 0.028 0.309
199 199 (0) 6 : 0.171 0.479 0.008 0.343
200 200 (0) 6 : 0.085 0.245 0.409 0.260
201 201 (0) 6 : 0.160 0.508 0.016 0.316
202 202 (0) 6 : 0.191 0.472 0.086 0.250
203 203 (0) 6 : 0.284 0.357 0.057 0.302
204 204 (13) 6 : 0.166 0.565 0.034 0.235
205 205 (0) 6 : 0.395 0.347 0.023 0.235
206 206 (12) 6 : 0.190 0.343 0.111 0.357
207 207 (0) 6 : 0.198 0.294 0.052 0.456
208 208 (0) 6 : 0.254 0.336 0.009 0.401
209 209 (8) 6 : 0.166 0.591 0.012 0.231
210 210 (0) 6 : 0.159 0.605 0.025 0.210
211 211 (0) 6 : 0.239 0.392 0.013 0.356
212 212 (0) 6 : 0.160 0.447 0.059 0.334
213 213 (0) 6 : 0.128 0.442 0.025 0.405
214 214 (0) 6 : 0.245 0.418 0.027 0.310
215 215 (14) 6 : 0.209 0.421 0.015 0.355
216 216 (0) 6 : 0.181 0.360 0.152 0.307
217 217 (0) 6 : 0.186 0.404 0.014 0.395
218 218 (0) 6 : 0.146 0.478 0.010 0.366
219 219 (14) 6 : 0.159 0.545 0.018 0.278
220 220 (0) 6 : 0.299 0.318 0.102 0.281
221 221 (7) 6 : 0.165 0.551 0.030 0.254
222 222 (0) 6 : 0.092 0.396 0.016 0.495
223 223 (0) 6 : 0.427 0.248 0.044 0.282
224 224 (0) 6 : 0.151 0.522 0.011 0.316
225 225 (5) 6 : 0.152 0.506 0.020 0.322
226 226 (0) 6 : 0.204 0.302 0.114 0.381
227 227 (0) 2 : 0.031 0.024 0.912 0.033
228 228 (0) 2 : 0.009 0.008 0.975 0.008
229 229 (0) 2 : 0.039 0.030 0.909 0.023
230 230 (0) 2 : 0.050 0.042 0.863 0.045
231 231 (0) 2 : 0.026 0.034 0.897 0.042
232 232 (0) 2 : 0.009 0.007 0.976 0.009
233 233 (0) 2 : 0.123 0.137 0.560 0.179
234 234 (0) 2 : 0.005 0.006 0.984 0.005
235 235 (0) 2 : 0.066 0.071 0.771 0.092
1 1 (0) 1 : 0.433 0.150 0.009 0.408
2 2 (1) 1 : 0.449 0.181 0.057 0.313
3 3 (0) 1 : 0.428 0.178 0.048 0.346
4 4 (13) 2 : 0.020 0.016 0.939 0.024
5 5 (0) 2 : 0.008 0.007 0.979 0.007
6 6 (13) 2 : 0.020 0.021 0.935 0.025
7 7 (0) 2 : 0.017 0.016 0.951 0.017
8 8 (0) 2 : 0.020 0.046 0.918 0.016
9 9 (10) 2 : 0.030 0.068 0.872 0.029
10 10 (9) 2 : 0.035 0.037 0.884 0.045
11 11 (0) 2 : 0.045 0.037 0.877 0.040
12 12 (0) 2 : 0.086 0.054 0.791 0.068
13 13 (0) 2 : 0.454 0.198 0.014 0.334
14 14 (0) 2 : 0.094 0.092 0.720 0.093
15 15 (0) 2 : 0.032 0.023 0.914 0.031
16 16 (0) 2 : 0.010 0.008 0.973 0.010
17 17 (0) 2 : 0.082 0.072 0.774 0.072
18 18 (0) 2 : 0.014 0.009 0.963 0.013
19 19 (0) 2 : 0.016 0.017 0.946 0.021
20 20 (0) 2 : 0.054 0.072 0.823 0.052
21 21 (0) 2 : 0.025 0.025 0.924 0.026
22 22 (0) 2 : 0.032 0.048 0.884 0.036
23 23 (0) 2 : 0.214 0.089 0.511 0.185
24 24 (0) 2 : 0.013 0.019 0.956 0.013
25 25 (0) 2 : 0.046 0.032 0.878 0.044
26 26 (0) 2 : 0.033 0.043 0.887 0.037
27 27 (0) 2 : 0.026 0.023 0.912 0.039
28 28 (0) 2 : 0.104 0.155 0.652 0.088
29 29 (9) 2 : 0.060 0.040 0.835 0.065
30 30 (0) 2 : 0.308 0.179 0.183 0.330
31 31 (0) 2 : 0.057 0.023 0.870 0.051
32 32 (0) 2 : 0.018 0.014 0.952 0.016
33 33 (0) 2 : 0.173 0.133 0.517 0.176
34 34 (0) 2 : 0.032 0.044 0.892 0.032
35 35 (0) 2 : 0.037 0.060 0.864 0.039
36 36 (0) 2 : 0.012 0.011 0.966 0.011
37 37 (0) 2 : 0.038 0.033 0.893 0.036
38 38 (0) 2 : 0.217 0.209 0.297 0.278
39 39 (0) 2 : 0.016 0.016 0.952 0.016
40 40 (0) 2 : 0.024 0.013 0.944 0.020
41 41 (0) 2 : 0.025 0.079 0.874 0.023
42 42 (0) 2 : 0.079 0.054 0.781 0.087
43 43 (0) 2 : 0.024 0.015 0.935 0.027
44 44 (5) 2 : 0.016 0.018 0.945 0.021
45 45 (0) 2 : 0.015 0.017 0.953 0.015
46 46 (0) 2 : 0.057 0.030 0.872 0.041
47 47 (0) 2 : 0.015 0.020 0.942 0.023
48 48 (0) 2 : 0.017 0.010 0.959 0.014
49 49 (0) 2 : 0.286 0.187 0.204 0.323
50 50 (0) 2 : 0.034 0.023 0.908 0.035
51 51 (0) 2 : 0.033 0.031 0.900 0.035
52 52 (0) 2 : 0.047 0.028 0.886 0.039
53 53 (0) 2 : 0.115 0.054 0.741 0.089
54 54 (0) 2 : 0.016 0.012 0.960 0.012
55 55 (4) 2 : 0.253 0.144 0.333 0.269
56 56 (0) 2 : 0.181 0.163 0.479 0.177
57 57 (1) 2 : 0.152 0.418 0.183 0.247
58 58 (0) 2 : 0.052 0.030 0.875 0.043
59 59 (0) 2 : 0.018 0.016 0.952 0.013
60 60 (0) 2 : 0.023 0.028 0.928 0.022
61 61 (0) 2 : 0.088 0.135 0.683 0.095
62 62 (0) 2 : 0.011 0.008 0.972 0.009
63 63 (0) 2 : 0.023 0.036 0.914 0.028
64 64 (0) 2 : 0.033 0.018 0.913 0.035
65 65 (0) 2 : 0.203 0.204 0.377 0.215
66 66 (0) 2 : 0.027 0.025 0.930 0.018
67 67 (0) 2 : 0.033 0.028 0.911 0.027
68 68 (0) 2 : 0.022 0.013 0.946 0.018
69 69 (0) 2 : 0.045 0.038 0.877 0.041
70 70 (1) 2 : 0.011 0.012 0.964 0.013
71 71 (0) 3 : 0.369 0.195 0.053 0.383
72 72 (0) 3 : 0.331 0.281 0.007 0.381
73 73 (0) 3 : 0.367 0.284 0.010 0.339
74 74 (0) 3 : 0.530 0.101 0.057 0.312
75 75 (0) 3 : 0.330 0.192 0.045 0.433
76 76 (0) 3 : 0.277 0.347 0.017 0.359
77 77 (0) 3 : 0.165 0.536 0.013 0.286
78 78 (0) 3 : 0.106 0.605 0.034 0.256
79 79 (0) 3 : 0.294 0.305 0.054 0.347
80 80 (8) 3 : 0.228 0.483 0.011 0.278
81 81 (0) 3 : 0.412 0.141 0.028 0.419
82 82 (0) 3 : 0.254 0.112 0.438 0.196
83 83 (0) 3 : 0.288 0.246 0.104 0.363
84 84 (0) 3 : 0.467 0.158 0.015 0.360
85 85 (0) 3 : 0.199 0.396 0.132 0.273
86 86 (0) 3 : 0.186 0.511 0.024 0.278
87 87 (0) 3 : 0.206 0.601 0.011 0.183
88 88 (0) 3 : 0.289 0.232 0.072 0.407
89 89 (0) 3 : 0.322 0.291 0.063 0.324
90 90 (0) 3 : 0.171 0.598 0.015 0.216
91 91 (0) 3 : 0.450 0.142 0.045 0.363
92 92 (0) 3 : 0.290 0.397 0.036 0.277
93 93 (0) 3 : 0.251 0.296 0.181 0.272
94 94 (0) 3 : 0.235 0.434 0.090 0.241
95 95 (0) 3 : 0.373 0.290 0.031 0.306
96 96 (0) 3 : 0.352 0.236 0.020 0.391
97 97 (0) 3 : 0.249 0.505 0.008 0.239
98 98 (0) 3 : 0.236 0.178 0.299 0.286
99 99 (0) 3 : 0.282 0.358 0.070 0.290
100 100 (0) 3 : 0.253 0.488 0.013 0.245
101 101 (0) 3 : 0.322 0.188 0.029 0.462
102 102 (0) 3 : 0.322 0.239 0.038 0.400
103 103 (0) 3 : 0.299 0.251 0.027 0.423
104 104 (0) 3 : 0.305 0.368 0.046 0.281
105 105 (0) 3 : 0.389 0.246 0.023 0.342
106 106 (0) 3 : 0.203 0.501 0.028 0.268
107 107 (0) 3 : 0.387 0.175 0.053 0.385
108 108 (0) 3 : 0.321 0.285 0.010 0.384
109 109 (0) 3 : 0.183 0.375 0.307 0.135
110 110 (0) 3 : 0.397 0.122 0.035 0.447
111 111 (0) 3 : 0.290 0.364 0.031 0.315
112 112 (0) 3 : 0.261 0.219 0.141 0.379
113 113 (0) 3 : 0.259 0.364 0.030 0.347
114 114 (0) 3 : 0.425 0.162 0.021 0.393
115 115 (0) 3 : 0.272 0.336 0.071 0.322
116 116 (0) 3 : 0.227 0.383 0.020 0.370
117 117 (0) 3 : 0.177 0.645 0.026 0.153
118 118 (0) 3 : 0.323 0.339 0.022 0.317
119 119 (0) 3 : 0.231 0.478 0.030 0.260
120 120 (7) 4 : 0.185 0.641 0.020 0.153
121 121 (12) 4 : 0.277 0.350 0.019 0.354
122 122 (12) 4 : 0.206 0.591 0.033 0.170
123 123 (3) 4 : 0.257 0.388 0.031 0.325
124 124 (12) 4 : 0.358 0.232 0.082 0.328
125 125 (13) 4 : 0.283 0.318 0.022 0.377
126 126 (0) 4 : 0.157 0.118 0.564 0.162
127 127 (3) 4 : 0.244 0.428 0.041 0.287
128 128 (0) 4 : 0.344 0.278 0.026 0.353
129 129 (0) 4 : 0.233 0.393 0.015 0.360
130 130 (9) 4 : 0.392 0.242 0.006 0.359
131 131 (9) 4 : 0.287 0.340 0.016 0.357
132 132 (12) 4 : 0.339 0.271 0.025 0.366
133 133 (0) 5 : 0.030 0.039 0.896 0.036
134 134 (0) 5 : 0.286 0.361 0.016 0.337
135 135 (0) 5 : 0.072 0.038 0.845 0.045
136 136 (0) 6 : 0.348 0.348 0.017 0.286
137 137 (0) 6 : 0.360 0.281 0.006 0.352
138 138 (9) 6 : 0.356 0.282 0.011 0.351
139 139 (0) 6 : 0.394 0.218 0.009 0.378
140 140 (0) 6 : 0.321 0.324 0.016 0.339
141 141 (0) 6 : 0.414 0.155 0.020 0.411
142 142 (0) 6 : 0.293 0.360 0.021 0.326
143 143 (0) 6 : 0.350 0.235 0.038 0.377
144 144 (11) 6 : 0.407 0.144 0.035 0.414
145 145 (0) 6 : 0.291 0.364 0.050 0.295
146 146 (0) 6 : 0.364 0.151 0.110 0.375
147 147 (0) 6 : 0.405 0.191 0.044 0.360
148 148 (4) 6 : 0.332 0.247 0.035 0.386
149 149 (0) 6 : 0.409 0.162 0.029 0.399
150 150 (0) 6 : 0.399 0.135 0.099 0.367
151 151 (0) 6 : 0.328 0.224 0.009 0.438
152 152 (0) 6 : 0.274 0.338 0.085 0.304
153 153 (4) 6 : 0.331 0.222 0.008 0.439
154 154 (5) 6 : 0.362 0.185 0.015 0.438
155 155 (0) 6 : 0.316 0.347 0.015 0.323
156 156 (5) 6 : 0.363 0.251 0.014 0.371
157 157 (0) 6 : 0.379 0.285 0.016 0.321
158 158 (0) 6 : 0.304 0.273 0.035 0.388
159 159 (10) 6 : 0.370 0.256 0.023 0.351
160 160 (0) 6 : 0.317 0.326 0.018 0.340
161 161 (0) 6 : 0.268 0.432 0.008 0.291
162 162 (0) 6 : 0.392 0.270 0.025 0.312
163 163 (5) 6 : 0.332 0.243 0.051 0.374
164 164 (0) 6 : 0.416 0.171 0.119 0.294
165 165 (0) 6 : 0.385 0.202 0.034 0.379
166 166 (0) 6 : 0.365 0.242 0.063 0.330
167 167 (10) 6 : 0.427 0.223 0.030 0.319
168 168 (0) 6 : 0.408 0.243 0.035 0.314
169 169 (0) 6 : 0.304 0.372 0.007 0.317
170 170 (0) 6 : 0.350 0.161 0.019 0.469
171 171 (0) 6 : 0.404 0.249 0.024 0.322
172 172 (0) 6 : 0.106 0.710 0.013 0.172
173 173 (0) 6 : 0.103 0.701 0.013 0.183
174 174 (0) 6 : 0.255 0.494 0.024 0.227
175 175 (0) 6 : 0.235 0.443 0.015 0.308
176 176 (0) 6 : 0.399 0.220 0.049 0.332
177 177 (0) 6 : 0.334 0.262 0.045 0.359
178 178 (2) 6 : 0.342 0.338 0.020 0.300
179 179 (0) 6 : 0.243 0.365 0.089 0.303
180 180 (0) 6 : 0.339 0.285 0.024 0.351
181 181 (0) 6 : 0.355 0.249 0.023 0.373
182 182 (0) 6 : 0.374 0.160 0.065 0.402
183 183 (7) 6 : 0.317 0.339 0.016 0.328
184 184 (0) 6 : 0.350 0.185 0.028 0.437
185 185 (10) 6 : 0.391 0.163 0.104 0.342
186 186 (0) 6 : 0.083 0.091 0.711 0.115
187 187 (8) 6 : 0.410 0.262 0.019 0.309
188 188 (0) 6 : 0.411 0.208 0.014 0.367
189 189 (7) 6 : 0.439 0.153 0.025 0.383
190 190 (0) 6 : 0.220 0.438 0.008 0.333
191 191 (0) 6 : 0.182 0.529 0.023 0.266
192 192 (0) 6 : 0.330 0.272 0.078 0.321
193 193 (0) 6 : 0.401 0.160 0.015 0.425
194 194 (2) 6 : 0.221 0.422 0.031 0.326
195 195 (0) 6 : 0.147 0.576 0.049 0.228
196 196 (0) 6 : 0.272 0.258 0.144 0.327
197 197 (3) 6 : 0.359 0.297 0.037 0.307
198 198 (0) 6 : 0.349 0.173 0.033 0.444
199 199 (0) 6 : 0.368 0.320 0.010 0.302
200 200 (0) 6 : 0.245 0.085 0.414 0.256
201 201 (0) 6 : 0.395 0.199 0.019 0.387
202 202 (0) 6 : 0.322 0.206 0.087 0.385
203 203 (0) 6 : 0.302 0.260 0.060 0.378
204 204 (13) 6 : 0.295 0.190 0.038 0.477
205 205 (0) 6 : 0.330 0.267 0.034 0.368
206 206 (12) 6 : 0.349 0.166 0.095 0.390
207 207 (0) 6 : 0.391 0.305 0.044 0.260
208 208 (0) 6 : 0.386 0.264 0.007 0.342
209 209 (8) 6 : 0.285 0.209 0.013 0.493
210 210 (0) 6 : 0.267 0.214 0.026 0.493
211 211 (0) 6 : 0.454 0.236 0.014 0.297
212 212 (0) 6 : 0.419 0.224 0.066 0.291
213 213 (0) 6 : 0.340 0.161 0.027 0.472
214 214 (0) 6 : 0.391 0.195 0.030 0.385
215 215 (14) 6 : 0.371 0.163 0.016 0.450
216 216 (0) 6 : 0.357 0.208 0.163 0.273
217 217 (0) 6 : 0.404 0.281 0.020 0.295
218 218 (0) 6 : 0.381 0.249 0.010 0.359
219 219 (14) 6 : 0.387 0.185 0.016 0.412
220 220 (0) 6 : 0.285 0.342 0.099 0.274
221 221 (7) 6 : 0.302 0.203 0.034 0.461
222 222 (0) 6 : 0.524 0.146 0.017 0.313
223 223 (0) 6 : 0.263 0.338 0.060 0.339
224 224 (0) 6 : 0.509 0.276 0.014 0.201
225 225 (5) 6 : 0.513 0.259 0.017 0.212
226 226 (0) 6 : 0.293 0.275 0.137 0.294
227 227 (0) 2 : 0.028 0.027 0.912 0.032
228 228 (0) 2 : 0.009 0.010 0.971 0.010
229 229 (0) 2 : 0.025 0.039 0.904 0.032
230 230 (0) 2 : 0.042 0.041 0.872 0.045
231 231 (0) 2 : 0.033 0.030 0.901 0.035
232 232 (0) 2 : 0.009 0.007 0.973 0.011
233 233 (0) 2 : 0.143 0.161 0.576 0.121
234 234 (0) 2 : 0.006 0.007 0.982 0.005
235 235 (0) 2 : 0.086 0.048 0.775 0.092
1 1 (0) 1 : 0.053 0.009 0.562 0.376
2 2 (1) 1 : 0.113 0.045 0.471 0.371
3 3 (0) 1 : 0.100 0.047 0.493 0.360
4 4 (13) 2 : 0.017 0.946 0.018 0.020
5 5 (0) 2 : 0.006 0.978 0.008 0.007
6 6 (13) 2 : 0.017 0.945 0.016 0.021
7 7 (0) 2 : 0.015 0.949 0.019 0.018
8 8 (0) 2 : 0.034 0.931 0.018 0.018
9 9 (10) 2 : 0.037 0.905 0.026 0.032
10 10 (9) 2 : 0.024 0.902 0.041 0.033
11 11 (0) 2 : 0.027 0.885 0.045 0.043
12 12 (0) 2 : 0.036 0.831 0.085 0.049
13 13 (0) 2 : 0.150 0.014 0.421 0.416
14 14 (0) 2 : 0.063 0.750 0.104 0.083
15 15 (0) 2 : 0.021 0.926 0.028 0.026
16 16 (0) 2 : 0.010 0.974 0.009 0.006
17 17 (0) 2 : 0.056 0.799 0.063 0.082
18 18 (0) 2 : 0.009 0.967 0.013 0.012
19 19 (0) 2 : 0.016 0.948 0.021 0.015
20 20 (0) 2 : 0.045 0.851 0.046 0.057
21 21 (0) 2 : 0.020 0.930 0.026 0.024
22 22 (0) 2 : 0.043 0.888 0.034 0.035
23 23 (0) 2 : 0.091 0.492 0.192 0.225
24 24 (0) 2 : 0.010 0.971 0.008 0.010
25 25 (0) 2 : 0.037 0.893 0.038 0.032
26 26 (0) 2 : 0.028 0.914 0.023 0.035
27 27 (0) 2 : 0.021 0.926 0.029 0.024
28 28 (0) 2 : 0.105 0.626 0.151 0.118
29 29 (9) 2 : 0.035 0.853 0.049 0.063
30 30 (0) 2 : 0.238 0.211 0.347 0.205
31 31 (0) 2 : 0.015 0.884 0.069 0.032
32 32 (0) 2 : 0.012 0.954 0.018 0.016
33 33 (0) 2 : 0.079 0.521 0.152 0.248
34 34 (0) 2 : 0.030 0.920 0.024 0.026
35 35 (0) 2 : 0.031 0.898 0.036 0.035
36 36 (0) 2 : 0.010 0.976 0.008 0.006
37 37 (0) 2 : 0.031 0.901 0.031 0.037
38 38 (0) 2 : 0.383 0.287 0.188 0.142
39 39 (0) 2 : 0.011 0.963 0.013 0.013
40 40 (0) 2 : 0.010 0.957 0.016 0.017
41 41 (0) 2 : 0.043 0.906 0.020 0.031
42 42 (0) 2 : 0.058 0.793 0.082 0.067
43 43 (0) 2 : 0.012 0.943 0.026 0.019
44 44 (5) 2 : 0.021 0.946 0.018 0.015
45 45 (0) 2 : 0.014 0.959 0.013 0.014
46 46 (0) 2 : 0.040 0.886 0.033 0.041
47 47 (0) 2 : 0.017 0.961 0.010 0.012
48 48 (0) 2 : 0.011 0.955 0.019 0.014
49 49 (0) 2 : 0.274 0.232 0.281 0.214
50 50 (0) 2 : 0.026 0.926 0.026 0.022
51 51 (0) 2 : 0.027 0.914 0.030 0.030
52 52 (0) 2 : 0.027 0.881 0.059 0.033
53 53 (0) 2 : 0.074 0.777 0.081 0.068
54 54 (0) 2 : 0.009 0.966 0.016 0.010
55 55 (4) 2 : 0.172 0.357 0.247 0.223
56 56 (0) 2 : 0.107 0.483 0.201 0.210
57 57 (1) 2 : 0.520 0.189 0.088 0.203
58 58 (0) 2 : 0.024 0.904 0.041 0.031
59 59 (0) 2 : 0.011 0.962 0.016 0.011
60 60 (0) 2 : 0.019 0.951 0.015 0.015
61 61 (0) 2 : 0.107 0.680 0.107 0.106
62 62 (0) 2 : 0.011 0.971 0.010 0.009
63 63 (0) 2 : 0.021 0.934 0.021 0.023
64 64 (0) 2 : 0.013 0.935 0.024 0.027
65 65 (0) 2 : 0.164 0.392 0.253 0.192
66 66 (0) 2 : 0.020 0.940 0.021 0.019
67 67 (0) 2 : 0.030 0.919 0.027 0.024
68 68 (0) 2 : 0.015 0.949 0.013 0.022
69 69 (0) 2 : 0.028 0.890 0.041 0.042
70 70 (1) 2 : 0.014 0.963 0.013 0.011
71 71 (0) 3 : 0.096 0.045 0.539 0.320
72 72 (0) 3 : 0.211 0.008 0.328 0.454
73 73 (0) 3 : 0.285 0.008 0.376 0.330
74 74 (0) 3 : 0.083 0.060 0.546 0.311
75 75 (0) 3 : 0.256 0.039 0.393 0.311
76 76 (0) 3 : 0.538 0.015 0.223 0.224
77 77 (0) 3 : 0.736 0.010 0.044 0.210
78 78 (0) 3 : 0.823 0.025 0.045 0.107
79 79 (0) 3 : 0.477 0.055 0.279 0.189
80 80 (8) 3 : 0.660 0.010 0.149 0.182
81 81 (0) 3 : 0.221 0.027 0.458 0.293
82 82 (0) 3 : 0.079 0.393 0.302 0.226
83 83 (0) 3 : 0.430 0.105 0.274 0.191
84 84 (0) 3 : 0.138 0.015 0.506 0.341
85 85 (0) 3 : 0.705 0.082 0.100 0.112
86 86 (0) 3 : 0.590 0.027 0.158 0.225
87 87 (0) 3 : 0.529 0.010 0.143 0.318
88 88 (0) 3 : 0.384 0.067 0.287 0.262
89 89 (0) 3 : 0.149 0.060 0.359 0.432
90 90 (0) 3 : 0.682 0.017 0.123 0.178
91 91 (0) 3 : 0.174 0.046 0.506 0.274
92 92 (0) 3 : 0.411 0.037 0.230 0.322
93 93 (0) 3 : 0.265 0.175 0.259 0.300
94 94 (0) 3 : 0.436 0.068 0.224 0.272
95 95 (0) 3 : 0.162 0.029 0.382 0.428
96 96 (0) 3 : 0.530 0.022 0.214 0.235
97 97 (0) 3 : 0.292 0.008 0.284 0.416
98 98 (0) 3 : 0.269 0.280 0.243 0.207
99 99 (0) 3 : 0.219 0.069 0.313 0.399
100 100 (0) 3 : 0.383 0.010 0.219 0.388
101 101 (0) 3 : 0.304 0.025 0.391 0.279
102 102 (0) 3 : 0.393 0.045 0.321 0.241
103 103 (0) 3 : 0.617 0.024 0.220 0.140
104 104 (0) 3 : 0.339 0.040 0.219 0.402
105 105 (0) 3 : 0.330 0.022 0.349 0.299
106 106 (0) 3 : 0.513 0.031 0.158 0.299
107 107 (0) 3 : 0.071 0.042 0.575 0.312
108 108 (0) 3 : 0.448 0.009 0.254 0.288
109 109 (0) 3 : 0.215 0.337 0.170 0.278
110 110 (0) 3 : 0.130 0.029 0.570 0.271
111 111 (0) 3 : 0.519 0.033 0.214 0.234
112 112 (0) 3 : 0.400 0.150 0.226 0.225
113 113 (0) 3 : 0.592 0.031 0.193 0.184
114 114 (0) 3 : 0.162 0.018 0.490 0.330
115 115 (0) 3 : 0.248 0.081 0.300 0.371
116 116 (0) 3 : 0.616 0.018 0.201 0.165
117 117 (0) 3 : 0.330 0.018 0.183 0.469
118 118 (0) 3 : 0.365 0.015 0.331 0.289
119 119 (0) 3 : 0.371 0.035 0.263 0.332
120 120 (7) 4 : 0.331 0.014 0.180 0.475
121 121 (12) 4 : 0.547 0.017 0.219 0.216
122 122 (12) 4 : 0.319 0.024 0.186 0.472
123 123 (3) 4 : 0.396 0.027 0.178 0.400
124 124 (12) 4 : 0.229 0.075 0.356 0.340
125 125 (13) 4 : 0.261 0.019 0.254 0.466
126 126 (0) 4 : 0.128 0.533 0.133 0.205
127 127 (3) 4 : 0.336 0.041 0.219 0.404
128 128 (0) 4 : 0.257 0.024 0.385 0.334
129 129 (0) 4 : 0.642 0.011 0.115 0.231
130 130 (9) 4 : 0.188 0.007 0.436 0.368
131 131 (9) 4 : 0.445 0.012 0.182 0.361
132 132 (12) 4 : 0.201 0.023 0.363 0.412
133 133 (0) 5 : 0.039 0.905 0.030 0.027
134 134 (0) 5 : 0.548 0.013 0.193 0.246
135 135 (0) 5 : 0.035 0.882 0.045 0.037
136 136 (0) 6 : 0.223 0.013 0.310 0.454
137 137 (0) 6 : 0.230 0.005 0.410 0.354
138 138 (9) 6 : 0.375 0.009 0.276 0.340
139 139 (0) 6 : 0.181 0.008 0.394 0.417
140 140 (0) 6 : 0.675 0.013 0.173 0.139
141 141 (0) 6 : 0.090 0.018 0.537 0.356
142 142 (0) 6 : 0.538 0.023 0.227 0.212
143 143 (0) 6 : 0.090 0.032 0.480 0.398
144 144 (11) 6 : 0.128 0.033 0.546 0.293
145 145 (0) 6 : 0.268 0.051 0.250 0.431
146 146 (0) 6 : 0.167 0.106 0.455 0.272
147 147 (0) 6 : 0.146 0.041 0.414 0.400
148 148 (4) 6 : 0.286 0.030 0.426 0.258
149 149 (0) 6 : 0.127 0.027 0.465 0.382
150 150 (0) 6 : 0.116 0.091 0.482 0.311
151 151 (0) 6 : 0.620 0.009 0.195 0.176
152 152 (0) 6 : 0.518 0.085 0.166 0.231
153 153 (4) 6 : 0.624 0.008 0.187 0.180
154 154 (5) 6 : 0.490 0.013 0.292 0.205
155 155 (0) 6 : 0.472 0.012 0.243 0.273
156 156 (5) 6 : 0.429 0.014 0.315 0.242
157 157 (0) 6 : 0.106 0.013 0.443 0.439
158 158 (0) 6 : 0.131 0.029 0.390 0.450
159 159 (10) 6 : 0.127 0.024 0.415 0.434
160 160 (0) 6 : 0.385 0.016 0.266 0.333
161 161 (0) 6 : 0.262 0.010 0.245 0.483
162 162 (0) 6 : 0.350 0.025 0.355 0.270
163 163 (5) 6 : 0.390 0.051 0.299 0.260
164 164 (0) 6 : 0.072 0.142 0.483 0.303
165 165 (0) 6 : 0.086 0.030 0.480 0.405
166 166 (0) 6 : 0.191 0.052 0.453 0.304
167 167 (10) 6 : 0.147 0.024 0.481 0.349
168 168 (0) 6 : 0.153 0.029 0.451 0.366
169 169 (0) 6 : 0.615 0.007 0.171 0.206
170 170 (0) 6 : 0.139 0.023 0.503 0.335
171 171 (0) 6 : 0.355 0.024 0.359 0.262
172 172 (0) 6 : 0.864 0.007 0.040 0.088
173 173 (0) 6 : 0.863 0.012 0.042 0.084
174 174 (0) 6 : 0.293 0.022 0.252 0.433
175 175 (0) 6 : 0.632 0.014 0.201 0.153
176 176 (0) 6 : 0.162 0.051 0.382 0.405
177 177 (0) 6 : 0.417 0.037 0.322 0.225
178 178 (2) 6 : 0.209 0.020 0.396 0.375
179 179 (0) 6 : 0.529 0.072 0.169 0.229
180 180 (0) 6 : 0.376 0.020 0.287 0.318
181 181 (0) 6 : 0.256 0.025 0.361 0.358
182 182 (0) 6 : 0.210 0.049 0.376 0.366
183 183 (7) 6 : 0.294 0.016 0.328 0.362
184 184 (0) 6 : 0.323 0.026 0.398 0.252
185 185 (10) 6 : 0.154 0.113 0.421 0.312
186 186 (0) 6 : 0.086 0.740 0.107 0.067
187 187 (8) 6 : 0.177 0.018 0.333 0.472
188 188 (0) 6 : 0.193 0.010 0.387 0.409
189 189 (7) 6 : 0.124 0.023 0.546 0.306
190 190 (0) 6 : 0.749 0.006 0.133 0.112
191 191 (0) 6 : 0.641 0.019 0.098 0.242
192 192 (0) 6 : 0.168 0.067 0.296 0.469
193 193 (0) 6 : 0.145 0.011 0.533 0.310
194 194 (2) 6 : 0.615 0.029 0.177 0.179
195 195 (0) 6 : 0.674 0.043 0.069 0.214
196 196 (0) 6 : 0.267 0.156 0.292 0.285
197 197 (3) 6 : 0.166 0.034 0.316 0.484
198 198 (0) 6 : 0.301 0.025 0.406 0.267
199 199 (0) 6 : 0.278 0.010 0.323 0.388
200 200 (0) 6 : 0.068 0.438 0.314 0.180
201 201 (0) 6 : 0.286 0.018 0.461 0.235
202 202 (0) 6 : 0.182 0.086 0.423 0.310
203 203 (0) 6 : 0.318 0.058 0.320 0.304
204 204 (13) 6 : 0.061 0.030 0.546 0.362
205 205 (0) 6 : 0.399 0.022 0.329 0.250
206 206 (12) 6 : 0.127 0.098 0.489 0.286
207 207 (0) 6 : 0.143 0.046 0.347 0.464
208 208 (0) 6 : 0.211 0.009 0.429 0.350
209 209 (8) 6 : 0.072 0.014 0.553 0.361
210 210 (0) 6 : 0.070 0.022 0.533 0.375
211 211 (0) 6 : 0.143 0.013 0.448 0.396
212 212 (0) 6 : 0.096 0.054 0.452 0.398
213 213 (0) 6 : 0.151 0.027 0.506 0.316
214 214 (0) 6 : 0.394 0.022 0.313 0.272
215 215 (14) 6 : 0.345 0.016 0.372 0.267
216 216 (0) 6 : 0.193 0.163 0.407 0.237
217 217 (0) 6 : 0.232 0.018 0.322 0.428
218 218 (0) 6 : 0.215 0.010 0.376 0.398
219 219 (14) 6 : 0.225 0.012 0.426 0.337
220 220 (0) 6 : 0.170 0.085 0.400 0.345
221 221 (7) 6 : 0.061 0.030 0.541 0.368
222 222 (0) 6 : 0.094 0.017 0.578 0.311
223 223 (0) 6 : 0.390 0.044 0.196 0.369
224 224 (0) 6 : 0.089 0.014 0.448 0.448
225 225 (5) 6 : 0.084 0.016 0.460 0.440
226 226 (0) 6 : 0.152 0.133 0.408 0.307
227 227 (0) 2 : 0.027 0.901 0.031 0.041
228 228 (0) 2 : 0.008 0.973 0.010 0.009
229 229 (0) 2 : 0.025 0.915 0.027 0.033
230 230 (0) 2 : 0.044 0.857 0.048 0.051
231 231 (0) 2 : 0.026 0.906 0.035 0.033
232 232 (0) 2 : 0.009 0.970 0.009 0.011
233 233 (0) 2 : 0.076 0.576 0.160 0.187
234 234 (0) 2 : 0.005 0.986 0.004 0.005
235 235 (0) 2 : 0.073 0.799 0.078 0.050
