1 1 (0) 1 : 0.861 0.008 0.131
2 2 (1) 1 : 0.603 0.172 0.225
3 3 (0) 1 : 0.734 0.035 0.230
4 4 (0) 2 : 0.098 0.844 0.058
5 5 (0) 2 : 0.548 0.014 0.438
6 6 (0) 2 : 0.094 0.852 0.054
7 7 (0) 2 : 0.024 0.950 0.026
8 8 (0) 2 : 0.009 0.984 0.007
9 9 (0) 2 : 0.044 0.894 0.062
10 10 (0) 2 : 0.011 0.977 0.012
11 11 (0) 2 : 0.020 0.966 0.014
12 12 (0) 2 : 0.051 0.908 0.041
13 13 (0) 2 : 0.021 0.961 0.018
14 14 (0) 2 : 0.033 0.934 0.033
15 15 (0) 2 : 0.169 0.690 0.141
16 16 (0) 2 : 0.010 0.978 0.011
17 17 (0) 2 : 0.050 0.892 0.058
18 18 (0) 2 : 0.020 0.958 0.022
19 19 (0) 2 : 0.035 0.943 0.022
20 20 (0) 2 : 0.141 0.770 0.089
21 21 (9) 2 : 0.049 0.907 0.044
22 22 (0) 2 : 0.417 0.248 0.335
23 23 (0) 2 : 0.039 0.943 0.018
24 24 (0) 2 : 0.010 0.981 0.008
25 25 (0) 2 : 0.193 0.677 0.130
26 26 (0) 2 : 0.023 0.958 0.019
27 27 (0) 2 : 0.033 0.939 0.028
28 28 (0) 2 : 0.009 0.982 0.008
29 29 (0) 2 : 0.034 0.938 0.028
30 30 (0) 2 : 0.197 0.317 0.486
31 31 (0) 2 : 0.012 0.978 0.010
32 32 (0) 2 : 0.018 0.968 0.014
33 33 (0) 2 : 0.024 0.950 0.026
34 34 (0) 2 : 0.094 0.842 0.064
35 35 (0) 2 : 0.022 0.961 0.016
36 36 (5) 2 : 0.009 0.975 0.016
37 37 (0) 2 : 0.011 0.975 0.015
38 38 (0) 2 : 0.035 0.926 0.039
39 39 (0) 2 : 0.014 0.973 0.013
40 40 (0) 2 : 0.015 0.975 0.010
41 41 (0) 2 : 0.338 0.445 0.218
42 42 (0) 2 : 0.017 0.965 0.018
43 43 (0) 2 : 0.052 0.893 0.055
44 44 (0) 2 : 0.047 0.923 0.030
45 45 (0) 2 : 0.075 0.864 0.061
46 46 (0) 2 : 0.012 0.979 0.009
47 47 (4) 2 : 0.410 0.304 0.286
48 48 (0) 2 : 0.202 0.701 0.098
49 49 (1) 2 : 0.217 0.219 0.564
50 50 (0) 2 : 0.046 0.924 0.031
51 51 (0) 2 : 0.012 0.978 0.010
52 52 (0) 2 : 0.020 0.960 0.020
53 53 (0) 2 : 0.150 0.650 0.199
54 54 (0) 2 : 0.008 0.985 0.007
55 55 (0) 2 : 0.020 0.959 0.020
56 56 (0) 2 : 0.037 0.937 0.026
57 57 (0) 2 : 0.249 0.449 0.302
58 58 (0) 2 : 0.021 0.958 0.021
59 59 (0) 2 : 0.025 0.947 0.028
60 60 (0) 2 : 0.013 0.976 0.011
61 61 (0) 2 : 0.068 0.890 0.042
62 62 (1) 2 : 0.012 0.980 0.009
63 63 (0) 3 : 0.733 0.052 0.216
64 64 (0) 3 : 0.335 0.008 0.657
65 65 (0) 3 : 0.473 0.009 0.518
66 66 (0) 3 : 0.827 0.069 0.104
67 67 (0) 3 : 0.523 0.040 0.437
68 68 (0) 3 : 0.243 0.017 0.740
69 69 (0) 3 : 0.175 0.014 0.811
70 70 (0) 3 : 0.109 0.042 0.849
71 71 (0) 3 : 0.305 0.066 0.629
72 72 (8) 3 : 0.351 0.010 0.639
73 73 (0) 3 : 0.620 0.031 0.349
74 74 (0) 3 : 0.391 0.478 0.131
75 75 (0) 3 : 0.306 0.135 0.559
76 76 (0) 3 : 0.635 0.018 0.347
77 77 (0) 3 : 0.202 0.077 0.722
78 78 (0) 3 : 0.273 0.027 0.700
79 79 (0) 3 : 0.373 0.010 0.617
80 80 (0) 3 : 0.406 0.083 0.511
81 81 (0) 3 : 0.444 0.051 0.505
82 82 (0) 3 : 0.199 0.015 0.786
83 83 (0) 3 : 0.723 0.051 0.226
84 84 (0) 3 : 0.424 0.039 0.536
85 85 (0) 3 : 0.371 0.159 0.471
86 86 (0) 3 : 0.318 0.083 0.599
87 87 (0) 3 : 0.583 0.039 0.379
88 88 (0) 3 : 0.323 0.013 0.665
89 89 (0) 3 : 0.402 0.008 0.591
90 90 (0) 3 : 0.319 0.382 0.299
91 91 (0) 3 : 0.502 0.071 0.427
92 92 (0) 3 : 0.290 0.010 0.700
93 93 (0) 3 : 0.604 0.025 0.371
94 94 (0) 3 : 0.543 0.033 0.424
95 95 (0) 3 : 0.224 0.031 0.745
96 96 (0) 3 : 0.356 0.064 0.581
97 97 (0) 3 : 0.406 0.036 0.558
98 98 (0) 3 : 0.253 0.032 0.715
99 99 (0) 3 : 0.828 0.039 0.133
100 100 (0) 3 : 0.357 0.009 0.634
101 101 (0) 3 : 0.171 0.641 0.188
102 102 (0) 3 : 0.751 0.024 0.225
103 103 (0) 3 : 0.205 0.031 0.763
104 104 (0) 3 : 0.307 0.170 0.523
105 105 (0) 3 : 0.337 0.038 0.625
106 106 (0) 3 : 0.705 0.025 0.270
107 107 (0) 3 : 0.481 0.078 0.442
108 108 (0) 3 : 0.332 0.019 0.649
109 109 (0) 3 : 0.482 0.026 0.492
110 110 (0) 3 : 0.370 0.019 0.611
111 111 (0) 3 : 0.488 0.035 0.477
112 112 (7) 4 : 0.492 0.020 0.488
113 113 (12) 4 : 0.233 0.022 0.744
114 114 (12) 4 : 0.490 0.025 0.484
115 115 (3) 4 : 0.264 0.024 0.712
116 116 (12) 4 : 0.417 0.084 0.499
117 117 (13) 4 : 0.480 0.021 0.499
118 118 (0) 4 : 0.191 0.584 0.225
119 119 (3) 4 : 0.370 0.070 0.560
120 120 (0) 4 : 0.520 0.020 0.460
121 121 (0) 4 : 0.174 0.010 0.816
122 122 (9) 4 : 0.475 0.007 0.518
123 123 (9) 4 : 0.273 0.012 0.714
124 124 (12) 4 : 0.391 0.027 0.582
125 125 (0) 5 : 0.029 0.929 0.042
126 126 (0) 5 : 0.360 0.025 0.615
127 127 (0) 5 : 0.053 0.921 0.026
128 128 (0) 6 : 0.433 0.019 0.548
129 129 (0) 6 : 0.428 0.007 0.565
130 130 (9) 6 : 0.319 0.010 0.672
131 131 (0) 6 : 0.533 0.009 0.459
132 132 (0) 6 : 0.225 0.020 0.755
133 133 (0) 6 : 0.784 0.017 0.199
134 134 (0) 6 : 0.376 0.025 0.599
135 135 (0) 6 : 0.691 0.029 0.280
136 136 (11) 6 : 0.729 0.056 0.215
137 137 (0) 6 : 0.398 0.052 0.550
138 138 (0) 6 : 0.513 0.223 0.265
139 139 (0) 6 : 0.574 0.081 0.345
140 140 (4) 6 : 0.490 0.025 0.485
141 141 (0) 6 : 0.699 0.035 0.266
142 142 (0) 6 : 0.643 0.082 0.275
143 143 (0) 6 : 0.333 0.009 0.658
144 144 (0) 6 : 0.287 0.090 0.623
145 145 (4) 6 : 0.319 0.009 0.672
146 146 (5) 6 : 0.501 0.016 0.484
147 147 (0) 6 : 0.252 0.011 0.737
148 148 (5) 6 : 0.419 0.019 0.562
149 149 (0) 6 : 0.742 0.015 0.243
150 150 (0) 6 : 0.647 0.033 0.321
151 151 (10) 6 : 0.721 0.029 0.249
152 152 (0) 6 : 0.254 0.018 0.728
153 153 (0) 6 : 0.357 0.012 0.632
154 154 (0) 6 : 0.505 0.025 0.470
155 155 (5) 6 : 0.355 0.050 0.595
156 156 (0) 6 : 0.696 0.176 0.128
157 157 (0) 6 : 0.731 0.038 0.231
158 158 (0) 6 : 0.658 0.053 0.288
159 159 (10) 6 : 0.755 0.028 0.217
160 160 (0) 6 : 0.723 0.026 0.250
161 161 (0) 6 : 0.177 0.007 0.816
162 162 (0) 6 : 0.605 0.019 0.376
163 163 (0) 6 : 0.473 0.021 0.506
164 164 (0) 6 : 0.098 0.010 0.892
165 165 (0) 6 : 0.103 0.013 0.884
166 166 (0) 6 : 0.439 0.029 0.533
167 167 (0) 6 : 0.307 0.018 0.675
168 168 (0) 6 : 0.594 0.058 0.349
169 169 (0) 6 : 0.398 0.043 0.559
170 170 (2) 6 : 0.543 0.022 0.434
171 171 (0) 6 : 0.215 0.093 0.693
172 172 (0) 6 : 0.302 0.018 0.680
173 173 (0) 6 : 0.408 0.026 0.565
174 174 (0) 6 : 0.536 0.054 0.410
175 175 (7) 6 : 0.345 0.017 0.637
176 176 (0) 6 : 0.379 0.028 0.593
177 177 (10) 6 : 0.681 0.102 0.218
178 178 (0) 6 : 0.108 0.789 0.102
179 179 (8) 6 : 0.566 0.023 0.412
180 180 (0) 6 : 0.488 0.010 0.503
181 181 (7) 6 : 0.766 0.023 0.211
182 182 (0) 6 : 0.134 0.008 0.858
183 183 (0) 6 : 0.155 0.023 0.822
184 184 (0) 6 : 0.449 0.065 0.487
185 185 (0) 6 : 0.710 0.013 0.276
186 186 (2) 6 : 0.217 0.027 0.757
187 187 (0) 6 : 0.206 0.082 0.711
188 188 (0) 6 : 0.444 0.130 0.426
189 189 (3) 6 : 0.409 0.044 0.547
190 190 (0) 6 : 0.441 0.033 0.526
191 191 (0) 6 : 0.373 0.009 0.619
192 192 (0) 6 : 0.380 0.511 0.109
193 193 (0) 6 : 0.621 0.017 0.362
194 194 (0) 6 : 0.505 0.086 0.409
195 195 (0) 6 : 0.434 0.066 0.500
196 196 (13) 6 : 0.826 0.038 0.136
197 197 (0) 6 : 0.579 0.026 0.396
198 198 (12) 6 : 0.709 0.093 0.199
199 199 (0) 6 : 0.552 0.049 0.399
200 200 (0) 6 : 0.637 0.009 0.354
201 201 (8) 6 : 0.817 0.013 0.170
202 202 (0) 6 : 0.814 0.037 0.149
203 203 (0) 6 : 0.804 0.012 0.184
204 204 (0) 6 : 0.698 0.078 0.224
205 205 (0) 6 : 0.659 0.030 0.311
206 206 (0) 6 : 0.319 0.038 0.643
207 207 (14) 6 : 0.341 0.017 0.642
208 208 (0) 6 : 0.536 0.134 0.330
209 209 (0) 6 : 0.451 0.015 0.534
210 210 (0) 6 : 0.438 0.013 0.549
211 211 (14) 6 : 0.536 0.017 0.447
212 212 (0) 6 : 0.648 0.102 0.250
213 213 (7) 6 : 0.844 0.039 0.117
214 214 (0) 6 : 0.838 0.017 0.145
215 215 (0) 6 : 0.268 0.056 0.676
216 216 (0) 6 : 0.814 0.013 0.173
217 217 (5) 6 : 0.801 0.021 0.178
218 218 (0) 6 : 0.663 0.089 0.247
219 219 (0) 2 : 0.037 0.933 0.030
220 220 (0) 2 : 0.010 0.981 0.010
221 221 (0) 2 : 0.030 0.943 0.028
222 222 (0) 2 : 0.054 0.883 0.062
223 223 (0) 2 : 0.030 0.945 0.025
224 224 (0) 2 : 0.008 0.982 0.009
225 225 (0) 2 : 0.157 0.764 0.079
226 226 (0) 2 : 0.004 0.991 0.005
227 227 (0) 2 : 0.081 0.845 0.074
1 1 (0) 1 : 0.173 0.818 0.009
2 2 (1) 1 : 0.209 0.603 0.188
3 3 (0) 1 : 0.261 0.685 0.054
4 4 (0) 2 : 0.066 0.119 0.815
5 5 (0) 2 : 0.477 0.509 0.015
6 6 (0) 2 : 0.061 0.121 0.818
7 7 (0) 2 : 0.025 0.026 0.949
8 8 (0) 2 : 0.010 0.009 0.981
9 9 (0) 2 : 0.072 0.060 0.868
10 10 (0) 2 : 0.012 0.013 0.975
11 11 (0) 2 : 0.016 0.022 0.962
12 12 (0) 2 : 0.044 0.071 0.884
13 13 (0) 2 : 0.019 0.021 0.960
14 14 (0) 2 : 0.040 0.044 0.916
15 15 (0) 2 : 0.137 0.199 0.663
16 16 (0) 2 : 0.015 0.014 0.971
17 17 (0) 2 : 0.065 0.064 0.872
18 18 (0) 2 : 0.030 0.031 0.938
19 19 (0) 2 : 0.026 0.037 0.938
20 20 (0) 2 : 0.091 0.174 0.735
21 21 (9) 2 : 0.043 0.057 0.900
22 22 (0) 2 : 0.278 0.450 0.271
23 23 (0) 2 : 0.018 0.046 0.936
24 24 (0) 2 : 0.010 0.014 0.976
25 25 (0) 2 : 0.129 0.212 0.658
26 26 (0) 2 : 0.031 0.027 0.942
27 27 (0) 2 : 0.036 0.050 0.913
28 28 (0) 2 : 0.009 0.011 0.980
29 29 (0) 2 : 0.035 0.040 0.925
30 30 (0) 2 : 0.458 0.194 0.348
31 31 (0) 2 : 0.015 0.017 0.968
32 32 (0) 2 : 0.019 0.027 0.954
33 33 (0) 2 : 0.029 0.027 0.944
34 34 (0) 2 : 0.080 0.111 0.809
35 35 (0) 2 : 0.020 0.030 0.950
36 36 (5) 2 : 0.017 0.015 0.968
37 37 (0) 2 : 0.015 0.013 0.972
38 38 (0) 2 : 0.047 0.055 0.897
39 39 (0) 2 : 0.019 0.017 0.964
40 40 (0) 2 : 0.013 0.019 0.968
41 41 (0) 2 : 0.225 0.340 0.435
42 42 (0) 2 : 0.025 0.022 0.952
43 43 (0) 2 : 0.055 0.074 0.871
44 44 (0) 2 : 0.039 0.069 0.892
45 45 (0) 2 : 0.069 0.086 0.845
46 46 (0) 2 : 0.012 0.018 0.970
47 47 (4) 2 : 0.280 0.425 0.294
48 48 (0) 2 : 0.113 0.225 0.662
49 49 (1) 2 : 0.541 0.232 0.226
50 50 (0) 2 : 0.037 0.061 0.902
51 51 (0) 2 : 0.013 0.017 0.970
52 52 (0) 2 : 0.021 0.025 0.954
53 53 (0) 2 : 0.199 0.159 0.642
54 54 (0) 2 : 0.010 0.012 0.978
55 55 (0) 2 : 0.025 0.023 0.952
56 56 (0) 2 : 0.029 0.043 0.928
57 57 (0) 2 : 0.274 0.287 0.438
58 58 (0) 2 : 0.023 0.022 0.955
59 59 (0) 2 : 0.029 0.028 0.943
60 60 (0) 2 : 0.017 0.018 0.966
61 61 (0) 2 : 0.048 0.074 0.878
62 62 (1) 2 : 0.010 0.017 0.973
63 63 (0) 3 : 0.266 0.672 0.061
64 64 (0) 3 : 0.674 0.317 0.010
65 65 (0) 3 : 0.542 0.442 0.016
66 66 (0) 3 : 0.140 0.786 0.073
67 67 (0) 3 : 0.388 0.563 0.049
68 68 (0) 3 : 0.696 0.283 0.021
69 69 (0) 3 : 0.768 0.214 0.018
70 70 (0) 3 : 0.759 0.195 0.047
71 71 (0) 3 : 0.503 0.411 0.086
72 72 (8) 3 : 0.639 0.348 0.014
73 73 (0) 3 : 0.347 0.610 0.043
74 74 (0) 3 : 0.149 0.397 0.453
75 75 (0) 3 : 0.516 0.327 0.157
76 76 (0) 3 : 0.335 0.641 0.024
77 77 (0) 3 : 0.673 0.216 0.111
78 78 (0) 3 : 0.679 0.285 0.035
79 79 (0) 3 : 0.614 0.373 0.014
80 80 (0) 3 : 0.462 0.435 0.103
81 81 (0) 3 : 0.505 0.434 0.061
82 82 (0) 3 : 0.769 0.215 0.016
83 83 (0) 3 : 0.209 0.736 0.055
84 84 (0) 3 : 0.483 0.468 0.049
85 85 (0) 3 : 0.460 0.375 0.165
86 86 (0) 3 : 0.581 0.311 0.108
87 87 (0) 3 : 0.389 0.567 0.044
88 88 (0) 3 : 0.594 0.386 0.020
89 89 (0) 3 : 0.626 0.366 0.008
90 90 (0) 3 : 0.300 0.292 0.408
91 91 (0) 3 : 0.415 0.502 0.083
92 92 (0) 3 : 0.725 0.258 0.016
93 93 (0) 3 : 0.410 0.554 0.036
94 94 (0) 3 : 0.454 0.499 0.047
95 95 (0) 3 : 0.647 0.307 0.046
96 96 (0) 3 : 0.584 0.360 0.056
97 97 (0) 3 : 0.549 0.403 0.048
98 98 (0) 3 : 0.643 0.318 0.039
99 99 (0) 3 : 0.174 0.773 0.053
100 100 (0) 3 : 0.612 0.376 0.011
101 101 (0) 3 : 0.206 0.174 0.620
102 102 (0) 3 : 0.316 0.653 0.031
103 103 (0) 3 : 0.702 0.258 0.039
104 104 (0) 3 : 0.480 0.325 0.194
105 105 (0) 3 : 0.523 0.432 0.045
106 106 (0) 3 : 0.325 0.639 0.036
107 107 (0) 3 : 0.437 0.476 0.086
108 108 (0) 3 : 0.610 0.358 0.032
109 109 (0) 3 : 0.582 0.389 0.029
110 110 (0) 3 : 0.557 0.420 0.023
111 111 (0) 3 : 0.525 0.437 0.038
112 112 (7) 4 : 0.574 0.397 0.029
113 113 (12) 4 : 0.659 0.314 0.028
114 114 (12) 4 : 0.555 0.412 0.033
115 115 (3) 4 : 0.682 0.281 0.036
116 116 (12) 4 : 0.510 0.392 0.098
117 117 (13) 4 : 0.474 0.498 0.028
118 118 (0) 4 : 0.240 0.209 0.551
119 119 (3) 4 : 0.495 0.439 0.066
120 120 (0) 4 : 0.417 0.552 0.031
121 121 (0) 4 : 0.728 0.258 0.014
122 122 (9) 4 : 0.648 0.341 0.010
123 123 (9) 4 : 0.667 0.319 0.015
124 124 (12) 4 : 0.573 0.392 0.035
125 125 (0) 5 : 0.049 0.040 0.911
126 126 (0) 5 : 0.549 0.424 0.027
127 127 (0) 5 : 0.040 0.069 0.891
128 128 (0) 6 : 0.530 0.446 0.024
129 129 (0) 6 : 0.683 0.308 0.009
130 130 (9) 6 : 0.698 0.290 0.013
131 131 (0) 6 : 0.515 0.475 0.010
132 132 (0) 6 : 0.744 0.235 0.021
133 133 (0) 6 : 0.278 0.697 0.025
134 134 (0) 6 : 0.576 0.393 0.030
135 135 (0) 6 : 0.263 0.702 0.035
136 136 (11) 6 : 0.286 0.651 0.063
137 137 (0) 6 : 0.481 0.452 0.067
138 138 (0) 6 : 0.310 0.474 0.217
139 139 (0) 6 : 0.362 0.542 0.096
140 140 (4) 6 : 0.457 0.507 0.036
141 141 (0) 6 : 0.319 0.638 0.043
142 142 (0) 6 : 0.306 0.599 0.095
143 143 (0) 6 : 0.599 0.385 0.016
144 144 (0) 6 : 0.587 0.317 0.096
145 145 (4) 6 : 0.618 0.372 0.010
146 146 (5) 6 : 0.427 0.550 0.023
147 147 (0) 6 : 0.696 0.290 0.015
148 148 (5) 6 : 0.507 0.468 0.025
149 149 (0) 6 : 0.305 0.675 0.020
150 150 (0) 6 : 0.327 0.628 0.045
151 151 (10) 6 : 0.265 0.700 0.034
152 152 (0) 6 : 0.679 0.300 0.021
153 153 (0) 6 : 0.593 0.394 0.013
154 154 (0) 6 : 0.468 0.494 0.038
155 155 (5) 6 : 0.594 0.340 0.066
156 156 (0) 6 : 0.151 0.665 0.183
157 157 (0) 6 : 0.263 0.698 0.039
158 158 (0) 6 : 0.302 0.629 0.069
159 159 (10) 6 : 0.245 0.720 0.034
160 160 (0) 6 : 0.271 0.694 0.035
161 161 (0) 6 : 0.744 0.247 0.008
162 162 (0) 6 : 0.430 0.545 0.025
163 163 (0) 6 : 0.482 0.488 0.030
164 164 (0) 6 : 0.841 0.141 0.018
165 165 (0) 6 : 0.840 0.144 0.016
166 166 (0) 6 : 0.518 0.439 0.042
167 167 (0) 6 : 0.583 0.396 0.021
168 168 (0) 6 : 0.372 0.560 0.069
169 169 (0) 6 : 0.511 0.430 0.060
170 170 (2) 6 : 0.490 0.480 0.030
171 171 (0) 6 : 0.642 0.254 0.103
172 172 (0) 6 : 0.611 0.363 0.026
173 173 (0) 6 : 0.526 0.434 0.040
174 174 (0) 6 : 0.387 0.550 0.063
175 175 (7) 6 : 0.582 0.398 0.020
176 176 (0) 6 : 0.596 0.370 0.034
177 177 (10) 6 : 0.213 0.657 0.129
178 178 (0) 6 : 0.114 0.144 0.742
179 179 (8) 6 : 0.425 0.544 0.031
180 180 (0) 6 : 0.503 0.482 0.015
181 181 (7) 6 : 0.231 0.744 0.025
182 182 (0) 6 : 0.785 0.207 0.009
183 183 (0) 6 : 0.768 0.204 0.028
184 184 (0) 6 : 0.496 0.418 0.086
185 185 (0) 6 : 0.376 0.608 0.016
186 186 (2) 6 : 0.684 0.284 0.032
187 187 (0) 6 : 0.666 0.234 0.100
188 188 (0) 6 : 0.405 0.457 0.138
189 189 (3) 6 : 0.530 0.421 0.049
190 190 (0) 6 : 0.540 0.419 0.042
191 191 (0) 6 : 0.676 0.314 0.011
192 192 (0) 6 : 0.113 0.377 0.510
193 193 (0) 6 : 0.392 0.583 0.025
194 194 (0) 6 : 0.382 0.524 0.094
195 195 (0) 6 : 0.494 0.431 0.075
196 196 (13) 6 : 0.161 0.796 0.044
197 197 (0) 6 : 0.398 0.572 0.030
198 198 (12) 6 : 0.244 0.651 0.106
199 199 (0) 6 : 0.419 0.510 0.071
200 200 (0) 6 : 0.398 0.591 0.012
201 201 (8) 6 : 0.211 0.771 0.019
202 202 (0) 6 : 0.188 0.770 0.041
203 203 (0) 6 : 0.228 0.753 0.019
204 204 (0) 6 : 0.245 0.663 0.092
205 205 (0) 6 : 0.354 0.606 0.040
206 206 (0) 6 : 0.622 0.339 0.039
207 207 (14) 6 : 0.593 0.382 0.026
208 208 (0) 6 : 0.396 0.454 0.150
209 209 (0) 6 : 0.518 0.461 0.020
210 210 (0) 6 : 0.610 0.375 0.015
211 211 (14) 6 : 0.454 0.527 0.019
212 212 (0) 6 : 0.293 0.583 0.124
213 213 (7) 6 : 0.145 0.799 0.056
214 214 (0) 6 : 0.179 0.801 0.020
215 215 (0) 6 : 0.641 0.293 0.065
216 216 (0) 6 : 0.279 0.703 0.018
217 217 (5) 6 : 0.261 0.711 0.028
218 218 (0) 6 : 0.308 0.591 0.101
219 219 (0) 2 : 0.031 0.037 0.932
220 220 (0) 2 : 0.012 0.011 0.977
221 221 (0) 2 : 0.035 0.035 0.930
222 222 (0) 2 : 0.069 0.060 0.871
223 223 (0) 2 : 0.028 0.039 0.932
224 224 (0) 2 : 0.010 0.013 0.977
225 225 (0) 2 : 0.110 0.184 0.707
226 226 (0) 2 : 0.007 0.007 0.986
227 227 (0) 2 : 0.075 0.090 0.835
1 1 (0) 1 : 0.829 0.009 0.161
2 2 (1) 1 : 0.669 0.143 0.187
3 3 (0) 1 : 0.713 0.050 0.238
4 4 (0) 2 : 0.100 0.837 0.063
5 5 (0) 2 : 0.494 0.018 0.489
6 6 (0) 2 : 0.129 0.811 0.060
7 7 (0) 2 : 0.027 0.950 0.023
8 8 (0) 2 : 0.009 0.983 0.008
9 9 (0) 2 : 0.064 0.879 0.058
10 10 (0) 2 : 0.016 0.972 0.012
11 11 (0) 2 : 0.026 0.959 0.016
12 12 (0) 2 : 0.071 0.879 0.050
13 13 (0) 2 : 0.023 0.953 0.024
14 14 (0) 2 : 0.043 0.920 0.038
15 15 (0) 2 : 0.229 0.632 0.139
16 16 (0) 2 : 0.017 0.967 0.016
17 17 (0) 2 : 0.066 0.872 0.061
18 18 (0) 2 : 0.025 0.948 0.026
19 19 (0) 2 : 0.030 0.947 0.023
20 20 (0) 2 : 0.171 0.731 0.098
21 21 (9) 2 : 0.069 0.884 0.048
22 22 (0) 2 : 0.433 0.267 0.300
23 23 (0) 2 : 0.041 0.935 0.023
24 24 (0) 2 : 0.015 0.972 0.014
25 25 (0) 2 : 0.204 0.673 0.123
26 26 (0) 2 : 0.026 0.948 0.026
27 27 (0) 2 : 0.048 0.917 0.035
28 28 (0) 2 : 0.014 0.976 0.009
29 29 (0) 2 : 0.036 0.933 0.031
30 30 (0) 2 : 0.213 0.355 0.432
31 31 (0) 2 : 0.014 0.972 0.015
32 32 (0) 2 : 0.028 0.953 0.019
33 33 (0) 2 : 0.026 0.946 0.027
34 34 (0) 2 : 0.111 0.813 0.075
35 35 (0) 2 : 0.032 0.946 0.022
36 36 (5) 2 : 0.016 0.965 0.019
37 37 (0) 2 : 0.016 0.968 0.015
38 38 (0) 2 : 0.045 0.904 0.050
39 39 (0) 2 : 0.019 0.961 0.020
40 40 (0) 2 : 0.018 0.964 0.018
41 41 (0) 2 : 0.350 0.436 0.214
42 42 (0) 2 : 0.027 0.953 0.019
43 43 (0) 2 : 0.064 0.887 0.049
44 44 (0) 2 : 0.061 0.903 0.036
45 45 (0) 2 : 0.097 0.818 0.085
46 46 (0) 2 : 0.014 0.973 0.013
47 47 (4) 2 : 0.469 0.321 0.211
48 48 (0) 2 : 0.286 0.617 0.097
49 49 (1) 2 : 0.246 0.229 0.525
50 50 (0) 2 : 0.054 0.909 0.038
51 51 (0) 2 : 0.013 0.972 0.014
52 52 (0) 2 : 0.020 0.959 0.021
53 53 (0) 2 : 0.186 0.644 0.170
54 54 (0) 2 : 0.009 0.980 0.011
55 55 (0) 2 : 0.025 0.947 0.028
56 56 (0) 2 : 0.034 0.939 0.026
57 57 (0) 2 : 0.296 0.450 0.255
58 58 (0) 2 : 0.020 0.959 0.021
59 59 (0) 2 : 0.032 0.934 0.034
60 60 (0) 2 : 0.019 0.967 0.014
61 61 (0) 2 : 0.070 0.893 0.037
62 62 (1) 2 : 0.012 0.975 0.013
63 63 (0) 3 : 0.644 0.068 0.288
64 64 (0) 3 : 0.287 0.010 0.703
65 65 (0) 3 : 0.431 0.014 0.554
66 66 (0) 3 : 0.794 0.077 0.129
67 67 (0) 3 : 0.502 0.051 0.447
68 68 (0) 3 : 0.304 0.021 0.675
69 69 (0) 3 : 0.205 0.015 0.781
70 70 (0) 3 : 0.236 0.049 0.715
71 71 (0) 3 : 0.340 0.073 0.587
72 72 (8) 3 : 0.327 0.012 0.661
73 73 (0) 3 : 0.615 0.041 0.344
74 74 (0) 3 : 0.451 0.434 0.114
75 75 (0) 3 : 0.343 0.163 0.495
76 76 (0) 3 : 0.610 0.020 0.370
77 77 (0) 3 : 0.284 0.101 0.615
78 78 (0) 3 : 0.269 0.034 0.698
79 79 (0) 3 : 0.381 0.013 0.606
80 80 (0) 3 : 0.428 0.087 0.484
81 81 (0) 3 : 0.503 0.066 0.431
82 82 (0) 3 : 0.254 0.016 0.729
83 83 (0) 3 : 0.755 0.056 0.190
84 84 (0) 3 : 0.495 0.050 0.456
85 85 (0) 3 : 0.435 0.155 0.411
86 86 (0) 3 : 0.348 0.106 0.546
87 87 (0) 3 : 0.612 0.044 0.344
88 88 (0) 3 : 0.368 0.021 0.611
89 89 (0) 3 : 0.355 0.010 0.635
90 90 (0) 3 : 0.320 0.388 0.292
91 91 (0) 3 : 0.540 0.089 0.371
92 92 (0) 3 : 0.325 0.013 0.662
93 93 (0) 3 : 0.598 0.032 0.370
94 94 (0) 3 : 0.516 0.046 0.438
95 95 (0) 3 : 0.292 0.042 0.666
96 96 (0) 3 : 0.392 0.059 0.550
97 97 (0) 3 : 0.453 0.037 0.510
98 98 (0) 3 : 0.332 0.039 0.629
99 99 (0) 3 : 0.784 0.049 0.167
100 100 (0) 3 : 0.331 0.012 0.656
101 101 (0) 3 : 0.207 0.589 0.203
102 102 (0) 3 : 0.668 0.030 0.302
103 103 (0) 3 : 0.282 0.042 0.675
104 104 (0) 3 : 0.250 0.209 0.541
105 105 (0) 3 : 0.420 0.046 0.534
106 106 (0) 3 : 0.649 0.030 0.321
107 107 (0) 3 : 0.470 0.084 0.446
108 108 (0) 3 : 0.361 0.028 0.611
109 109 (0) 3 : 0.487 0.035 0.479
110 110 (0) 3 : 0.416 0.022 0.562
111 111 (0) 3 : 0.465 0.034 0.500
112 112 (7) 4 : 0.472 0.028 0.500
113 113 (12) 4 : 0.324 0.024 0.652
114 114 (12) 4 : 0.497 0.034 0.468
115 115 (3) 4 : 0.287 0.029 0.684
116 116 (12) 4 : 0.429 0.100 0.471
117 117 (13) 4 : 0.412 0.031 0.557
118 118 (0) 4 : 0.226 0.564 0.210
119 119 (3) 4 : 0.343 0.084 0.573
120 120 (0) 4 : 0.616 0.029 0.355
121 121 (0) 4 : 0.209 0.012 0.779
122 122 (9) 4 : 0.324 0.008 0.668
123 123 (9) 4 : 0.330 0.016 0.654
124 124 (12) 4 : 0.422 0.034 0.544
125 125 (0) 5 : 0.040 0.911 0.049
126 126 (0) 5 : 0.409 0.028 0.564
127 127 (0) 5 : 0.063 0.905 0.032
128 128 (0) 6 : 0.434 0.023 0.543
129 129 (0) 6 : 0.283 0.007 0.710
130 130 (9) 6 : 0.280 0.010 0.710
131 131 (0) 6 : 0.511 0.013 0.476
132 132 (0) 6 : 0.205 0.023 0.772
133 133 (0) 6 : 0.690 0.024 0.286
134 134 (0) 6 : 0.411 0.026 0.563
135 135 (0) 6 : 0.675 0.042 0.283
136 136 (11) 6 : 0.718 0.057 0.225
137 137 (0) 6 : 0.478 0.061 0.461
138 138 (0) 6 : 0.519 0.222 0.260
139 139 (0) 6 : 0.572 0.083 0.345
140 140 (4) 6 : 0.514 0.038 0.448
141 141 (0) 6 : 0.606 0.050 0.344
142 142 (0) 6 : 0.657 0.091 0.252
143 143 (0) 6 : 0.345 0.012 0.643
144 144 (0) 6 : 0.268 0.099 0.632
145 145 (4) 6 : 0.319 0.011 0.670
146 146 (5) 6 : 0.502 0.022 0.476
147 147 (0) 6 : 0.244 0.013 0.743
148 148 (5) 6 : 0.450 0.025 0.524
149 149 (0) 6 : 0.706 0.018 0.276
150 150 (0) 6 : 0.585 0.045 0.370
151 151 (10) 6 : 0.668 0.035 0.298
152 152 (0) 6 : 0.305 0.021 0.674
153 153 (0) 6 : 0.361 0.013 0.626
154 154 (0) 6 : 0.514 0.034 0.452
155 155 (5) 6 : 0.396 0.064 0.540
156 156 (0) 6 : 0.718 0.152 0.130
157 157 (0) 6 : 0.679 0.041 0.280
158 158 (0) 6 : 0.662 0.074 0.264
159 159 (10) 6 : 0.753 0.035 0.212
160 160 (0) 6 : 0.733 0.035 0.231
161 161 (0) 6 : 0.204 0.009 0.787
162 162 (0) 6 : 0.525 0.020 0.454
163 163 (0) 6 : 0.469 0.035 0.496
164 164 (0) 6 : 0.168 0.016 0.816
165 165 (0) 6 : 0.158 0.021 0.821
166 166 (0) 6 : 0.462 0.038 0.500
167 167 (0) 6 : 0.323 0.018 0.659
168 168 (0) 6 : 0.533 0.059 0.408
169 169 (0) 6 : 0.466 0.053 0.481
170 170 (2) 6 : 0.412 0.025 0.563
171 171 (0) 6 : 0.235 0.114 0.652
172 172 (0) 6 : 0.300 0.023 0.677
173 173 (0) 6 : 0.395 0.036 0.570
174 174 (0) 6 : 0.555 0.060 0.384
175 175 (7) 6 : 0.402 0.021 0.577
176 176 (0) 6 : 0.375 0.032 0.593
177 177 (10) 6 : 0.669 0.126 0.205
178 178 (0) 6 : 0.137 0.776 0.087
179 179 (8) 6 : 0.566 0.026 0.408
180 180 (0) 6 : 0.510 0.013 0.478
181 181 (7) 6 : 0.769 0.025 0.206
182 182 (0) 6 : 0.157 0.008 0.835
183 183 (0) 6 : 0.199 0.030 0.771
184 184 (0) 6 : 0.406 0.088 0.506
185 185 (0) 6 : 0.565 0.017 0.418
186 186 (2) 6 : 0.256 0.030 0.714
187 187 (0) 6 : 0.264 0.081 0.655
188 188 (0) 6 : 0.461 0.155 0.384
189 189 (3) 6 : 0.397 0.048 0.555
190 190 (0) 6 : 0.434 0.039 0.527
191 191 (0) 6 : 0.325 0.011 0.664
192 192 (0) 6 : 0.398 0.487 0.115
193 193 (0) 6 : 0.578 0.024 0.397
194 194 (0) 6 : 0.465 0.084 0.450
195 195 (0) 6 : 0.411 0.076 0.513
196 196 (13) 6 : 0.742 0.037 0.220
197 197 (0) 6 : 0.518 0.031 0.451
198 198 (12) 6 : 0.713 0.104 0.183
199 199 (0) 6 : 0.537 0.057 0.406
200 200 (0) 6 : 0.578 0.012 0.410
201 201 (8) 6 : 0.716 0.016 0.268
202 202 (0) 6 : 0.702 0.046 0.252
203 203 (0) 6 : 0.776 0.015 0.208
204 204 (0) 6 : 0.608 0.088 0.304
205 205 (0) 6 : 0.633 0.041 0.326
206 206 (0) 6 : 0.340 0.038 0.622
207 207 (14) 6 : 0.356 0.025 0.619
208 208 (0) 6 : 0.503 0.169 0.328
209 209 (0) 6 : 0.460 0.020 0.520
210 210 (0) 6 : 0.364 0.013 0.623
211 211 (14) 6 : 0.500 0.017 0.483
212 212 (0) 6 : 0.649 0.108 0.242
213 213 (7) 6 : 0.787 0.047 0.166
214 214 (0) 6 : 0.821 0.021 0.158
215 215 (0) 6 : 0.288 0.059 0.653
216 216 (0) 6 : 0.692 0.015 0.293
217 217 (5) 6 : 0.692 0.026 0.282
218 218 (0) 6 : 0.661 0.092 0.247
219 219 (0) 2 : 0.036 0.927 0.036
220 220 (0) 2 : 0.009 0.982 0.009
221 221 (0) 2 : 0.034 0.935 0.031
222 222 (0) 2 : 0.062 0.872 0.066
223 223 (0) 2 : 0.031 0.941 0.028
224 224 (0) 2 : 0.010 0.978 0.013
225 225 (0) 2 : 0.207 0.692 0.101
226 226 (0) 2 : 0.005 0.988 0.006
227 227 (0) 2 : 0.078 0.845 0.077
1 1 (0) 1 : 0.809 0.010 0.182
2 2 (1) 1 : 0.607 0.177 0.216
3 3 (0) 1 : 0.717 0.060 0.224
4 4 (0) 2 : 0.125 0.805 0.070
5 5 (0) 2 : 0.544 0.017 0.438
6 6 (0) 2 : 0.113 0.826 0.061
7 7 (0) 2 : 0.027 0.950 0.023
8 8 (0) 2 : 0.010 0.980 0.010
9 9 (0) 2 : 0.058 0.875 0.067
10 10 (0) 2 : 0.015 0.975 0.010
11 11 (0) 2 : 0.022 0.965 0.014
12 12 (0) 2 : 0.054 0.893 0.053
13 13 (0) 2 : 0.020 0.959 0.021
14 14 (0) 2 : 0.039 0.924 0.037
15 15 (0) 2 : 0.196 0.654 0.150
16 16 (0) 2 : 0.014 0.975 0.011
17 17 (0) 2 : 0.071 0.864 0.064
18 18 (0) 2 : 0.027 0.946 0.026
19 19 (0) 2 : 0.040 0.934 0.027
20 20 (0) 2 : 0.153 0.752 0.095
21 21 (9) 2 : 0.065 0.891 0.044
22 22 (0) 2 : 0.454 0.268 0.278
23 23 (0) 2 : 0.047 0.935 0.018
24 24 (0) 2 : 0.014 0.976 0.010
25 25 (0) 2 : 0.147 0.717 0.136
26 26 (0) 2 : 0.023 0.953 0.024
27 27 (0) 2 : 0.040 0.922 0.037
28 28 (0) 2 : 0.009 0.980 0.011
29 29 (0) 2 : 0.038 0.932 0.030
30 30 (0) 2 : 0.217 0.351 0.432
31 31 (0) 2 : 0.017 0.969 0.014
32 32 (0) 2 : 0.019 0.966 0.015
33 33 (0) 2 : 0.032 0.934 0.034
34 34 (0) 2 : 0.120 0.784 0.096
35 35 (0) 2 : 0.027 0.954 0.020
36 36 (5) 2 : 0.013 0.973 0.014
37 37 (0) 2 : 0.019 0.966 0.015
38 38 (0) 2 : 0.045 0.913 0.042
39 39 (0) 2 : 0.016 0.967 0.018
40 40 (0) 2 : 0.014 0.974 0.012
41 41 (0) 2 : 0.311 0.467 0.221
42 42 (0) 2 : 0.030 0.947 0.023
43 43 (0) 2 : 0.058 0.898 0.044
44 44 (0) 2 : 0.078 0.878 0.044
45 45 (0) 2 : 0.084 0.865 0.050
46 46 (0) 2 : 0.014 0.977 0.009
47 47 (4) 2 : 0.488 0.313 0.199
48 48 (0) 2 : 0.231 0.661 0.108
49 49 (1) 2 : 0.210 0.270 0.521
50 50 (0) 2 : 0.063 0.905 0.032
51 51 (0) 2 : 0.016 0.973 0.011
52 52 (0) 2 : 0.019 0.963 0.017
53 53 (0) 2 : 0.173 0.656 0.171
54 54 (0) 2 : 0.009 0.982 0.009
55 55 (0) 2 : 0.022 0.950 0.027
56 56 (0) 2 : 0.051 0.921 0.029
57 57 (0) 2 : 0.226 0.472 0.302
58 58 (0) 2 : 0.023 0.956 0.021
59 59 (0) 2 : 0.035 0.937 0.027
60 60 (0) 2 : 0.017 0.967 0.016
61 61 (0) 2 : 0.081 0.872 0.047
62 62 (1) 2 : 0.014 0.973 0.013
63 63 (0) 3 : 0.618 0.055 0.327
64 64 (0) 3 : 0.316 0.008 0.676
65 65 (0) 3 : 0.433 0.015 0.552
66 66 (0) 3 : 0.786 0.078 0.137
67 67 (0) 3 : 0.474 0.048 0.478
68 68 (0) 3 : 0.209 0.019 0.773
69 69 (0) 3 : 0.187 0.019 0.794
70 70 (0) 3 : 0.208 0.046 0.746
71 71 (0) 3 : 0.310 0.089 0.601
72 72 (8) 3 : 0.420 0.010 0.570
73 73 (0) 3 : 0.702 0.041 0.257
74 74 (0) 3 : 0.398 0.466 0.136
75 75 (0) 3 : 0.320 0.150 0.530
76 76 (0) 3 : 0.686 0.022 0.291
77 77 (0) 3 : 0.239 0.101 0.659
78 78 (0) 3 : 0.210 0.029 0.760
79 79 (0) 3 : 0.386 0.013 0.601
80 80 (0) 3 : 0.359 0.090 0.551
81 81 (0) 3 : 0.399 0.058 0.543
82 82 (0) 3 : 0.260 0.017 0.722
83 83 (0) 3 : 0.808 0.049 0.142
84 84 (0) 3 : 0.460 0.043 0.496
85 85 (0) 3 : 0.357 0.156 0.487
86 86 (0) 3 : 0.313 0.097 0.590
87 87 (0) 3 : 0.621 0.045 0.334
88 88 (0) 3 : 0.430 0.020 0.550
89 89 (0) 3 : 0.318 0.008 0.674
90 90 (0) 3 : 0.237 0.426 0.337
91 91 (0) 3 : 0.471 0.070 0.459
92 92 (0) 3 : 0.293 0.014 0.693
93 93 (0) 3 : 0.648 0.032 0.320
94 94 (0) 3 : 0.512 0.044 0.445
95 95 (0) 3 : 0.259 0.042 0.699
96 96 (0) 3 : 0.418 0.057 0.526
97 97 (0) 3 : 0.431 0.039 0.530
98 98 (0) 3 : 0.306 0.036 0.658
99 99 (0) 3 : 0.766 0.050 0.184
100 100 (0) 3 : 0.351 0.011 0.639
101 101 (0) 3 : 0.173 0.601 0.226
102 102 (0) 3 : 0.682 0.029 0.289
103 103 (0) 3 : 0.208 0.040 0.752
104 104 (0) 3 : 0.273 0.195 0.532
105 105 (0) 3 : 0.441 0.038 0.521
106 106 (0) 3 : 0.679 0.024 0.297
107 107 (0) 3 : 0.425 0.080 0.495
108 108 (0) 3 : 0.317 0.029 0.655
109 109 (0) 3 : 0.307 0.029 0.665
110 110 (0) 3 : 0.323 0.025 0.652
111 111 (0) 3 : 0.418 0.041 0.542
112 112 (7) 4 : 0.305 0.032 0.662
113 113 (12) 4 : 0.263 0.021 0.716
114 114 (12) 4 : 0.343 0.034 0.623
115 115 (3) 4 : 0.266 0.031 0.702
116 116 (12) 4 : 0.366 0.098 0.535
117 117 (13) 4 : 0.463 0.028 0.509
118 118 (0) 4 : 0.233 0.549 0.218
119 119 (3) 4 : 0.349 0.079 0.572
120 120 (0) 4 : 0.671 0.026 0.303
121 121 (0) 4 : 0.215 0.015 0.770
122 122 (9) 4 : 0.336 0.009 0.656
123 123 (9) 4 : 0.336 0.014 0.650
124 124 (12) 4 : 0.385 0.028 0.587
125 125 (0) 5 : 0.036 0.925 0.038
126 126 (0) 5 : 0.506 0.029 0.465
127 127 (0) 5 : 0.058 0.911 0.031
128 128 (0) 6 : 0.422 0.025 0.553
129 129 (0) 6 : 0.284 0.007 0.710
130 130 (9) 6 : 0.251 0.012 0.738
131 131 (0) 6 : 0.447 0.011 0.542
132 132 (0) 6 : 0.250 0.015 0.735
133 133 (0) 6 : 0.741 0.021 0.238
134 134 (0) 6 : 0.389 0.024 0.587
135 135 (0) 6 : 0.705 0.032 0.264
136 136 (11) 6 : 0.755 0.053 0.192
137 137 (0) 6 : 0.430 0.052 0.518
138 138 (0) 6 : 0.581 0.187 0.232
139 139 (0) 6 : 0.619 0.081 0.301
140 140 (4) 6 : 0.559 0.026 0.415
141 141 (0) 6 : 0.633 0.037 0.331
142 142 (0) 6 : 0.622 0.098 0.281
143 143 (0) 6 : 0.366 0.012 0.621
144 144 (0) 6 : 0.229 0.089 0.682
145 145 (4) 6 : 0.376 0.010 0.614
146 146 (5) 6 : 0.537 0.021 0.442
147 147 (0) 6 : 0.249 0.013 0.738
148 148 (5) 6 : 0.376 0.025 0.599
149 149 (0) 6 : 0.674 0.018 0.308
150 150 (0) 6 : 0.570 0.040 0.390
151 151 (10) 6 : 0.664 0.033 0.303
152 152 (0) 6 : 0.270 0.019 0.711
153 153 (0) 6 : 0.393 0.013 0.594
154 154 (0) 6 : 0.568 0.031 0.401
155 155 (5) 6 : 0.368 0.064 0.568
156 156 (0) 6 : 0.745 0.143 0.112
157 157 (0) 6 : 0.702 0.045 0.253
158 158 (0) 6 : 0.711 0.056 0.233
159 159 (10) 6 : 0.848 0.028 0.124
160 160 (0) 6 : 0.846 0.029 0.125
161 161 (0) 6 : 0.256 0.009 0.735
162 162 (0) 6 : 0.529 0.019 0.452
163 163 (0) 6 : 0.601 0.030 0.368
164 164 (0) 6 : 0.159 0.019 0.822
165 165 (0) 6 : 0.143 0.013 0.844
166 166 (0) 6 : 0.486 0.043 0.471
167 167 (0) 6 : 0.289 0.017 0.694
168 168 (0) 6 : 0.609 0.058 0.333
169 169 (0) 6 : 0.497 0.052 0.451
170 170 (2) 6 : 0.456 0.024 0.521
171 171 (0) 6 : 0.215 0.109 0.676
172 172 (0) 6 : 0.323 0.024 0.653
173 173 (0) 6 : 0.376 0.034 0.590
174 174 (0) 6 : 0.570 0.057 0.372
175 175 (7) 6 : 0.377 0.020 0.602
176 176 (0) 6 : 0.332 0.035 0.632
177 177 (10) 6 : 0.756 0.103 0.140
178 178 (0) 6 : 0.091 0.776 0.132
179 179 (8) 6 : 0.504 0.027 0.469
180 180 (0) 6 : 0.463 0.013 0.524
181 181 (7) 6 : 0.830 0.020 0.150
182 182 (0) 6 : 0.148 0.011 0.842
183 183 (0) 6 : 0.181 0.032 0.787
184 184 (0) 6 : 0.384 0.074 0.541
185 185 (0) 6 : 0.601 0.019 0.380
186 186 (2) 6 : 0.237 0.027 0.736
187 187 (0) 6 : 0.230 0.085 0.685
188 188 (0) 6 : 0.463 0.144 0.393
189 189 (3) 6 : 0.377 0.043 0.580
190 190 (0) 6 : 0.372 0.037 0.591
191 191 (0) 6 : 0.272 0.011 0.716
192 192 (0) 6 : 0.414 0.484 0.103
193 193 (0) 6 : 0.576 0.023 0.402
194 194 (0) 6 : 0.422 0.086 0.492
195 195 (0) 6 : 0.408 0.071 0.522
196 196 (13) 6 : 0.766 0.038 0.196
197 197 (0) 6 : 0.629 0.030 0.341
198 198 (12) 6 : 0.725 0.094 0.180
199 199 (0) 6 : 0.603 0.059 0.338
200 200 (0) 6 : 0.670 0.011 0.319
201 201 (8) 6 : 0.756 0.014 0.230
202 202 (0) 6 : 0.728 0.040 0.232
203 203 (0) 6 : 0.809 0.017 0.174
204 204 (0) 6 : 0.630 0.086 0.284
205 205 (0) 6 : 0.634 0.035 0.332
206 206 (0) 6 : 0.327 0.043 0.629
207 207 (14) 6 : 0.353 0.026 0.621
208 208 (0) 6 : 0.462 0.168 0.370
209 209 (0) 6 : 0.439 0.020 0.541
210 210 (0) 6 : 0.369 0.013 0.618
211 211 (14) 6 : 0.437 0.021 0.542
212 212 (0) 6 : 0.617 0.115 0.268
213 213 (7) 6 : 0.786 0.050 0.164
214 214 (0) 6 : 0.819 0.021 0.160
215 215 (0) 6 : 0.254 0.063 0.683
216 216 (0) 6 : 0.757 0.013 0.231
217 217 (5) 6 : 0.750 0.023 0.227
218 218 (0) 6 : 0.661 0.098 0.241
219 219 (0) 2 : 0.044 0.921 0.035
220 220 (0) 2 : 0.013 0.979 0.009
221 221 (0) 2 : 0.025 0.944 0.031
222 222 (0) 2 : 0.061 0.889 0.050
223 223 (0) 2 : 0.032 0.937 0.030
224 224 (0) 2 : 0.011 0.980 0.009
225 225 (0) 2 : 0.179 0.710 0.111
226 226 (0) 2 : 0.005 0.990 0.005
227 227 (0) 2 : 0.088 0.843 0.068
1 1 (0) 1 : 0.898 0.010 0.092
2 2 (1) 1 : 0.625 0.167 0.207
3 3 (0) 1 : 0.798 0.056 0.146
4 4 (0) 2 : 0.136 0.808 0.056
5 5 (0) 2 : 0.446 0.019 0.535
6 6 (0) 2 : 0.138 0.808 0.054
7 7 (0) 2 : 0.033 0.941 0.026
8 8 (0) 2 : 0.012 0.978 0.010
9 9 (0) 2 : 0.050 0.857 0.093
10 10 (0) 2 : 0.019 0.966 0.014
11 11 (0) 2 : 0.027 0.959 0.014
12 12 (0) 2 : 0.070 0.885 0.046
13 13 (0) 2 : 0.021 0.955 0.024
14 14 (0) 2 : 0.052 0.912 0.036
15 15 (0) 2 : 0.194 0.680 0.125
16 16 (0) 2 : 0.017 0.965 0.018
17 17 (0) 2 : 0.064 0.865 0.071
18 18 (0) 2 : 0.028 0.940 0.032
19 19 (0) 2 : 0.043 0.933 0.024
20 20 (0) 2 : 0.177 0.722 0.101
21 21 (9) 2 : 0.070 0.884 0.045
22 22 (0) 2 : 0.446 0.274 0.280
23 23 (0) 2 : 0.067 0.915 0.018
24 24 (0) 2 : 0.017 0.970 0.013
25 25 (0) 2 : 0.184 0.664 0.152
26 26 (0) 2 : 0.029 0.944 0.026
27 27 (0) 2 : 0.057 0.907 0.035
28 28 (0) 2 : 0.013 0.978 0.009
29 29 (0) 2 : 0.036 0.925 0.039
30 30 (0) 2 : 0.181 0.346 0.474
31 31 (0) 2 : 0.018 0.968 0.014
32 32 (0) 2 : 0.025 0.956 0.020
33 33 (0) 2 : 0.035 0.936 0.029
34 34 (0) 2 : 0.128 0.816 0.056
35 35 (0) 2 : 0.031 0.944 0.024
36 36 (5) 2 : 0.016 0.968 0.016
37 37 (0) 2 : 0.017 0.970 0.013
38 38 (0) 2 : 0.046 0.897 0.057
39 39 (0) 2 : 0.016 0.955 0.028
40 40 (0) 2 : 0.021 0.963 0.015
41 41 (0) 2 : 0.376 0.444 0.180
42 42 (0) 2 : 0.030 0.947 0.023
43 43 (0) 2 : 0.070 0.868 0.061
44 44 (0) 2 : 0.089 0.879 0.032
45 45 (0) 2 : 0.080 0.830 0.090
46 46 (0) 2 : 0.019 0.967 0.014
47 47 (4) 2 : 0.435 0.324 0.241
48 48 (0) 2 : 0.226 0.667 0.107
49 49 (1) 2 : 0.130 0.257 0.613
50 50 (0) 2 : 0.056 0.908 0.036
51 51 (0) 2 : 0.019 0.965 0.016
52 52 (0) 2 : 0.022 0.957 0.021
53 53 (0) 2 : 0.143 0.655 0.202
54 54 (0) 2 : 0.010 0.978 0.012
55 55 (0) 2 : 0.028 0.940 0.032
56 56 (0) 2 : 0.051 0.915 0.034
57 57 (0) 2 : 0.245 0.463 0.292
58 58 (0) 2 : 0.028 0.952 0.020
59 59 (0) 2 : 0.029 0.934 0.037
60 60 (0) 2 : 0.018 0.959 0.023
61 61 (0) 2 : 0.092 0.873 0.035
62 62 (1) 2 : 0.013 0.974 0.013
63 63 (0) 3 : 0.816 0.056 0.127
64 64 (0) 3 : 0.215 0.009 0.776
65 65 (0) 3 : 0.492 0.017 0.492
66 66 (0) 3 : 0.830 0.069 0.101
67 67 (0) 3 : 0.528 0.061 0.410
68 68 (0) 3 : 0.212 0.021 0.767
69 69 (0) 3 : 0.122 0.017 0.861
70 70 (0) 3 : 0.083 0.045 0.871
71 71 (0) 3 : 0.339 0.095 0.565
72 72 (8) 3 : 0.339 0.016 0.645
73 73 (0) 3 : 0.678 0.051 0.271
74 74 (0) 3 : 0.416 0.480 0.104
75 75 (0) 3 : 0.327 0.163 0.511
76 76 (0) 3 : 0.688 0.023 0.289
77 77 (0) 3 : 0.138 0.095 0.766
78 78 (0) 3 : 0.255 0.036 0.710
79 79 (0) 3 : 0.320 0.012 0.668
80 80 (0) 3 : 0.404 0.104 0.492
81 81 (0) 3 : 0.398 0.074 0.528
82 82 (0) 3 : 0.136 0.018 0.846
83 83 (0) 3 : 0.794 0.057 0.149
84 84 (0) 3 : 0.427 0.050 0.523
85 85 (0) 3 : 0.333 0.175 0.492
86 86 (0) 3 : 0.264 0.105 0.632
87 87 (0) 3 : 0.600 0.048 0.352
88 88 (0) 3 : 0.274 0.021 0.706
89 89 (0) 3 : 0.269 0.009 0.723
90 90 (0) 3 : 0.314 0.412 0.274
91 91 (0) 3 : 0.456 0.096 0.448
92 92 (0) 3 : 0.184 0.017 0.798
93 93 (0) 3 : 0.649 0.037 0.314
94 94 (0) 3 : 0.594 0.051 0.355
95 95 (0) 3 : 0.213 0.054 0.733
96 96 (0) 3 : 0.251 0.074 0.675
97 97 (0) 3 : 0.404 0.042 0.554
98 98 (0) 3 : 0.186 0.044 0.770
99 99 (0) 3 : 0.870 0.053 0.077
100 100 (0) 3 : 0.311 0.011 0.678
101 101 (0) 3 : 0.207 0.590 0.203
102 102 (0) 3 : 0.778 0.029 0.193
103 103 (0) 3 : 0.120 0.038 0.841
104 104 (0) 3 : 0.247 0.192 0.561
105 105 (0) 3 : 0.333 0.052 0.615
106 106 (0) 3 : 0.703 0.030 0.267
107 107 (0) 3 : 0.449 0.100 0.451
108 108 (0) 3 : 0.320 0.031 0.649
109 109 (0) 3 : 0.468 0.031 0.501
110 110 (0) 3 : 0.355 0.023 0.622
111 111 (0) 3 : 0.454 0.042 0.504
112 112 (7) 4 : 0.472 0.031 0.497
113 113 (12) 4 : 0.196 0.025 0.779
114 114 (12) 4 : 0.473 0.037 0.490
115 115 (3) 4 : 0.126 0.036 0.839
116 116 (12) 4 : 0.359 0.104 0.538
117 117 (13) 4 : 0.443 0.030 0.528
118 118 (0) 4 : 0.196 0.544 0.260
119 119 (3) 4 : 0.298 0.094 0.608
120 120 (0) 4 : 0.556 0.034 0.410
121 121 (0) 4 : 0.127 0.018 0.854
122 122 (9) 4 : 0.344 0.009 0.648
123 123 (9) 4 : 0.190 0.014 0.796
124 124 (12) 4 : 0.320 0.038 0.642
125 125 (0) 5 : 0.046 0.914 0.040
126 126 (0) 5 : 0.345 0.039 0.617
127 127 (0) 5 : 0.071 0.894 0.035
128 128 (0) 6 : 0.302 0.026 0.672
129 129 (0) 6 : 0.250 0.008 0.743
130 130 (9) 6 : 0.228 0.014 0.757
131 131 (0) 6 : 0.537 0.012 0.451
132 132 (0) 6 : 0.179 0.023 0.799
133 133 (0) 6 : 0.858 0.024 0.117
134 134 (0) 6 : 0.363 0.038 0.599
135 135 (0) 6 : 0.772 0.041 0.187
136 136 (11) 6 : 0.774 0.078 0.148
137 137 (0) 6 : 0.410 0.070 0.519
138 138 (0) 6 : 0.576 0.223 0.201
139 139 (0) 6 : 0.541 0.101 0.359
140 140 (4) 6 : 0.552 0.039 0.409
141 141 (0) 6 : 0.708 0.038 0.254
142 142 (0) 6 : 0.671 0.103 0.226
143 143 (0) 6 : 0.312 0.015 0.673
144 144 (0) 6 : 0.207 0.087 0.705
145 145 (4) 6 : 0.310 0.011 0.679
146 146 (5) 6 : 0.546 0.021 0.433
147 147 (0) 6 : 0.209 0.015 0.776
148 148 (5) 6 : 0.466 0.031 0.503
149 149 (0) 6 : 0.793 0.020 0.187
150 150 (0) 6 : 0.672 0.042 0.286
151 151 (10) 6 : 0.770 0.042 0.188
152 152 (0) 6 : 0.215 0.024 0.761
153 153 (0) 6 : 0.255 0.015 0.730
154 154 (0) 6 : 0.529 0.038 0.433
155 155 (5) 6 : 0.350 0.076 0.574
156 156 (0) 6 : 0.746 0.157 0.097
157 157 (0) 6 : 0.736 0.050 0.214
158 158 (0) 6 : 0.648 0.081 0.271
159 159 (10) 6 : 0.875 0.036 0.088
160 160 (0) 6 : 0.846 0.042 0.112
161 161 (0) 6 : 0.114 0.009 0.877
162 162 (0) 6 : 0.641 0.026 0.333
163 163 (0) 6 : 0.460 0.032 0.508
164 164 (0) 6 : 0.034 0.017 0.949
165 165 (0) 6 : 0.040 0.017 0.942
166 166 (0) 6 : 0.361 0.050 0.590
167 167 (0) 6 : 0.313 0.023 0.665
168 168 (0) 6 : 0.588 0.062 0.350
169 169 (0) 6 : 0.436 0.063 0.500
170 170 (2) 6 : 0.431 0.029 0.540
171 171 (0) 6 : 0.160 0.110 0.731
172 172 (0) 6 : 0.266 0.023 0.711
173 173 (0) 6 : 0.326 0.040 0.634
174 174 (0) 6 : 0.495 0.071 0.434
175 175 (7) 6 : 0.250 0.025 0.725
176 176 (0) 6 : 0.320 0.037 0.643
177 177 (10) 6 : 0.772 0.110 0.118
178 178 (0) 6 : 0.116 0.742 0.142
179 179 (8) 6 : 0.519 0.034 0.447
180 180 (0) 6 : 0.444 0.015 0.542
181 181 (7) 6 : 0.857 0.032 0.111
182 182 (0) 6 : 0.066 0.010 0.924
183 183 (0) 6 : 0.076 0.032 0.892
184 184 (0) 6 : 0.329 0.097 0.574
185 185 (0) 6 : 0.727 0.019 0.254
186 186 (2) 6 : 0.177 0.030 0.793
187 187 (0) 6 : 0.138 0.088 0.774
188 188 (0) 6 : 0.491 0.151 0.358
189 189 (3) 6 : 0.340 0.060 0.600
190 190 (0) 6 : 0.452 0.045 0.503
191 191 (0) 6 : 0.277 0.011 0.712
192 192 (0) 6 : 0.424 0.505 0.071
193 193 (0) 6 : 0.743 0.024 0.233
194 194 (0) 6 : 0.573 0.098 0.329
195 195 (0) 6 : 0.468 0.087 0.445
196 196 (13) 6 : 0.913 0.043 0.045
197 197 (0) 6 : 0.622 0.040 0.338
198 198 (12) 6 : 0.775 0.093 0.132
199 199 (0) 6 : 0.523 0.069 0.409
200 200 (0) 6 : 0.655 0.013 0.332
201 201 (8) 6 : 0.910 0.018 0.071
202 202 (0) 6 : 0.913 0.042 0.045
203 203 (0) 6 : 0.864 0.021 0.114
204 204 (0) 6 : 0.748 0.088 0.164
205 205 (0) 6 : 0.663 0.041 0.296
206 206 (0) 6 : 0.270 0.048 0.682
207 207 (14) 6 : 0.314 0.026 0.660
208 208 (0) 6 : 0.535 0.162 0.303
209 209 (0) 6 : 0.425 0.030 0.545
210 210 (0) 6 : 0.319 0.014 0.667
211 211 (14) 6 : 0.608 0.023 0.368
212 212 (0) 6 : 0.663 0.123 0.214
213 213 (7) 6 : 0.927 0.039 0.034
214 214 (0) 6 : 0.889 0.021 0.090
215 215 (0) 6 : 0.179 0.068 0.753
216 216 (0) 6 : 0.855 0.017 0.127
217 217 (5) 6 : 0.858 0.024 0.118
218 218 (0) 6 : 0.686 0.111 0.203
219 219 (0) 2 : 0.046 0.917 0.037
220 220 (0) 2 : 0.011 0.976 0.013
221 221 (0) 2 : 0.038 0.930 0.032
222 222 (0) 2 : 0.055 0.874 0.071
223 223 (0) 2 : 0.033 0.932 0.035
224 224 (0) 2 : 0.012 0.975 0.013
225 225 (0) 2 : 0.169 0.718 0.112
226 226 (0) 2 : 0.006 0.988 0.006
227 227 (0) 2 : 0.090 0.829 0.082
1 1 (0) 1 : 0.714 0.011 0.275
2 2 (1) 1 : 0.499 0.171 0.330
3 3 (0) 1 : 0.677 0.051 0.271
4 4 (0) 2 : 0.087 0.838 0.075
5 5 (0) 2 : 0.515 0.015 0.470
6 6 (0) 2 : 0.114 0.823 0.063
7 7 (0) 2 : 0.024 0.956 0.020
8 8 (0) 2 : 0.010 0.980 0.010
9 9 (0) 2 : 0.056 0.864 0.080
10 10 (0) 2 : 0.014 0.976 0.010
11 11 (0) 2 : 0.024 0.956 0.019
12 12 (0) 2 : 0.061 0.883 0.056
13 13 (0) 2 : 0.019 0.955 0.025
14 14 (0) 2 : 0.044 0.910 0.045
15 15 (0) 2 : 0.175 0.684 0.141
16 16 (0) 2 : 0.017 0.968 0.015
17 17 (0) 2 : 0.060 0.879 0.062
18 18 (0) 2 : 0.026 0.947 0.027
19 19 (0) 2 : 0.024 0.948 0.028
20 20 (0) 2 : 0.139 0.745 0.115
21 21 (9) 2 : 0.048 0.911 0.041
22 22 (0) 2 : 0.465 0.253 0.282
23 23 (0) 2 : 0.043 0.933 0.023
24 24 (0) 2 : 0.015 0.973 0.012
25 25 (0) 2 : 0.145 0.687 0.168
26 26 (0) 2 : 0.027 0.950 0.023
27 27 (0) 2 : 0.043 0.917 0.039
28 28 (0) 2 : 0.010 0.981 0.009
29 29 (0) 2 : 0.029 0.941 0.030
30 30 (0) 2 : 0.214 0.337 0.449
31 31 (0) 2 : 0.013 0.974 0.013
32 32 (0) 2 : 0.025 0.959 0.016
33 33 (0) 2 : 0.026 0.949 0.025
34 34 (0) 2 : 0.102 0.824 0.074
35 35 (0) 2 : 0.023 0.955 0.022
36 36 (5) 2 : 0.015 0.968 0.017
37 37 (0) 2 : 0.014 0.972 0.014
38 38 (0) 2 : 0.045 0.913 0.042
39 39 (0) 2 : 0.011 0.974 0.014
40 40 (0) 2 : 0.016 0.969 0.015
41 41 (0) 2 : 0.338 0.437 0.225
42 42 (0) 2 : 0.024 0.953 0.023
43 43 (0) 2 : 0.053 0.898 0.049
44 44 (0) 2 : 0.052 0.918 0.031
45 45 (0) 2 : 0.128 0.804 0.068
46 46 (0) 2 : 0.013 0.976 0.011
47 47 (4) 2 : 0.433 0.294 0.274
48 48 (0) 2 : 0.193 0.699 0.108
49 49 (1) 2 : 0.268 0.259 0.474
50 50 (0) 2 : 0.045 0.924 0.031
51 51 (0) 2 : 0.016 0.969 0.015
52 52 (0) 2 : 0.018 0.962 0.020
53 53 (0) 2 : 0.177 0.629 0.194
54 54 (0) 2 : 0.008 0.984 0.009
55 55 (0) 2 : 0.019 0.958 0.022
56 56 (0) 2 : 0.047 0.919 0.034
57 57 (0) 2 : 0.275 0.433 0.292
58 58 (0) 2 : 0.021 0.958 0.021
59 59 (0) 2 : 0.031 0.940 0.030
60 60 (0) 2 : 0.016 0.967 0.016
61 61 (0) 2 : 0.072 0.884 0.045
62 62 (1) 2 : 0.011 0.977 0.012
63 63 (0) 3 : 0.627 0.054 0.318
64 64 (0) 3 : 0.345 0.009 0.646
65 65 (0) 3 : 0.474 0.011 0.515
66 66 (0) 3 : 0.687 0.087 0.226
67 67 (0) 3 : 0.520 0.044 0.436
68 68 (0) 3 : 0.273 0.016 0.711
69 69 (0) 3 : 0.319 0.015 0.666
70 70 (0) 3 : 0.288 0.045 0.666
71 71 (0) 3 : 0.368 0.080 0.552
72 72 (8) 3 : 0.436 0.010 0.554
73 73 (0) 3 : 0.590 0.039 0.371
74 74 (0) 3 : 0.411 0.418 0.171
75 75 (0) 3 : 0.351 0.149 0.501
76 76 (0) 3 : 0.605 0.021 0.374
77 77 (0) 3 : 0.317 0.101 0.582
78 78 (0) 3 : 0.311 0.028 0.660
79 79 (0) 3 : 0.471 0.011 0.518
80 80 (0) 3 : 0.440 0.080 0.479
81 81 (0) 3 : 0.410 0.067 0.523
82 82 (0) 3 : 0.277 0.015 0.709
83 83 (0) 3 : 0.734 0.043 0.223
84 84 (0) 3 : 0.453 0.037 0.510
85 85 (0) 3 : 0.349 0.158 0.493
86 86 (0) 3 : 0.340 0.095 0.565
87 87 (0) 3 : 0.568 0.044 0.388
88 88 (0) 3 : 0.459 0.017 0.523
89 89 (0) 3 : 0.392 0.007 0.601
90 90 (0) 3 : 0.253 0.435 0.311
91 91 (0) 3 : 0.422 0.086 0.492
92 92 (0) 3 : 0.347 0.013 0.640
93 93 (0) 3 : 0.636 0.032 0.332
94 94 (0) 3 : 0.485 0.043 0.472
95 95 (0) 3 : 0.298 0.039 0.663
96 96 (0) 3 : 0.425 0.064 0.511
97 97 (0) 3 : 0.397 0.035 0.569
98 98 (0) 3 : 0.366 0.036 0.598
99 99 (0) 3 : 0.726 0.049 0.225
100 100 (0) 3 : 0.375 0.009 0.616
101 101 (0) 3 : 0.170 0.599 0.231
102 102 (0) 3 : 0.606 0.030 0.364
103 103 (0) 3 : 0.300 0.044 0.655
104 104 (0) 3 : 0.322 0.188 0.491
105 105 (0) 3 : 0.480 0.035 0.486
106 106 (0) 3 : 0.557 0.028 0.415
107 107 (0) 3 : 0.387 0.081 0.532
108 108 (0) 3 : 0.375 0.024 0.602
109 109 (0) 3 : 0.338 0.024 0.638
110 110 (0) 3 : 0.353 0.019 0.628
111 111 (0) 3 : 0.529 0.037 0.434
112 112 (7) 4 : 0.340 0.026 0.633
113 113 (12) 4 : 0.327 0.022 0.651
114 114 (12) 4 : 0.358 0.032 0.609
115 115 (3) 4 : 0.301 0.032 0.667
116 116 (12) 4 : 0.412 0.089 0.499
117 117 (13) 4 : 0.468 0.028 0.504
118 118 (0) 4 : 0.201 0.576 0.222
119 119 (3) 4 : 0.395 0.075 0.530
120 120 (0) 4 : 0.649 0.034 0.318
121 121 (0) 4 : 0.314 0.013 0.673
122 122 (9) 4 : 0.443 0.009 0.548
123 123 (9) 4 : 0.388 0.013 0.599
124 124 (12) 4 : 0.355 0.037 0.608
125 125 (0) 5 : 0.038 0.921 0.041
126 126 (0) 5 : 0.546 0.025 0.429
127 127 (0) 5 : 0.060 0.900 0.039
128 128 (0) 6 : 0.465 0.020 0.515
129 129 (0) 6 : 0.394 0.007 0.598
130 130 (9) 6 : 0.330 0.012 0.658
131 131 (0) 6 : 0.434 0.009 0.557
132 132 (0) 6 : 0.318 0.022 0.660
133 133 (0) 6 : 0.647 0.020 0.333
134 134 (0) 6 : 0.401 0.028 0.571
135 135 (0) 6 : 0.567 0.039 0.394
136 136 (11) 6 : 0.648 0.062 0.290
137 137 (0) 6 : 0.432 0.058 0.510
138 138 (0) 6 : 0.530 0.195 0.275
139 139 (0) 6 : 0.599 0.087 0.315
140 140 (4) 6 : 0.509 0.025 0.466
141 141 (0) 6 : 0.551 0.037 0.412
142 142 (0) 6 : 0.554 0.093 0.353
143 143 (0) 6 : 0.507 0.012 0.481
144 144 (0) 6 : 0.327 0.085 0.588
145 145 (4) 6 : 0.507 0.010 0.482
146 146 (5) 6 : 0.628 0.020 0.351
147 147 (0) 6 : 0.359 0.012 0.630
148 148 (5) 6 : 0.444 0.023 0.533
149 149 (0) 6 : 0.617 0.018 0.365
150 150 (0) 6 : 0.455 0.047 0.498
151 151 (10) 6 : 0.614 0.033 0.353
152 152 (0) 6 : 0.381 0.017 0.602
153 153 (0) 6 : 0.470 0.011 0.518
154 154 (0) 6 : 0.525 0.032 0.443
155 155 (5) 6 : 0.372 0.067 0.562
156 156 (0) 6 : 0.636 0.180 0.184
157 157 (0) 6 : 0.620 0.043 0.337
158 158 (0) 6 : 0.684 0.072 0.243
159 159 (10) 6 : 0.724 0.033 0.243
160 160 (0) 6 : 0.691 0.034 0.275
161 161 (0) 6 : 0.313 0.009 0.678
162 162 (0) 6 : 0.562 0.022 0.416
163 163 (0) 6 : 0.552 0.024 0.423
164 164 (0) 6 : 0.250 0.016 0.734
165 165 (0) 6 : 0.247 0.016 0.737
166 166 (0) 6 : 0.446 0.036 0.518
167 167 (0) 6 : 0.439 0.017 0.544
168 168 (0) 6 : 0.578 0.055 0.367
169 169 (0) 6 : 0.475 0.046 0.479
170 170 (2) 6 : 0.545 0.023 0.432
171 171 (0) 6 : 0.254 0.110 0.636
172 172 (0) 6 : 0.338 0.019 0.643
173 173 (0) 6 : 0.343 0.038 0.619
174 174 (0) 6 : 0.479 0.051 0.470
175 175 (7) 6 : 0.338 0.016 0.646
176 176 (0) 6 : 0.354 0.030 0.616
177 177 (10) 6 : 0.626 0.130 0.244
178 178 (0) 6 : 0.109 0.764 0.128
179 179 (8) 6 : 0.503 0.024 0.473
180 180 (0) 6 : 0.501 0.012 0.487
181 181 (7) 6 : 0.742 0.027 0.231
182 182 (0) 6 : 0.234 0.008 0.758
183 183 (0) 6 : 0.291 0.028 0.681
184 184 (0) 6 : 0.395 0.071 0.534
185 185 (0) 6 : 0.605 0.014 0.382
186 186 (2) 6 : 0.301 0.026 0.673
187 187 (0) 6 : 0.269 0.096 0.634
188 188 (0) 6 : 0.472 0.142 0.386
189 189 (3) 6 : 0.396 0.043 0.561
190 190 (0) 6 : 0.463 0.028 0.509
191 191 (0) 6 : 0.327 0.011 0.662
192 192 (0) 6 : 0.360 0.512 0.128
193 193 (0) 6 : 0.563 0.024 0.413
194 194 (0) 6 : 0.476 0.071 0.453
195 195 (0) 6 : 0.456 0.079 0.465
196 196 (13) 6 : 0.705 0.038 0.258
197 197 (0) 6 : 0.619 0.027 0.354
198 198 (12) 6 : 0.686 0.088 0.226
199 199 (0) 6 : 0.485 0.052 0.462
200 200 (0) 6 : 0.613 0.009 0.378
201 201 (8) 6 : 0.682 0.014 0.304
202 202 (0) 6 : 0.667 0.041 0.291
203 203 (0) 6 : 0.782 0.016 0.202
204 204 (0) 6 : 0.592 0.087 0.321
205 205 (0) 6 : 0.549 0.039 0.412
206 206 (0) 6 : 0.351 0.033 0.616
207 207 (14) 6 : 0.366 0.019 0.614
208 208 (0) 6 : 0.515 0.139 0.345
209 209 (0) 6 : 0.403 0.019 0.578
210 210 (0) 6 : 0.369 0.013 0.618
211 211 (14) 6 : 0.477 0.019 0.504
212 212 (0) 6 : 0.603 0.114 0.283
213 213 (7) 6 : 0.716 0.048 0.235
214 214 (0) 6 : 0.784 0.020 0.197
215 215 (0) 6 : 0.296 0.062 0.642
216 216 (0) 6 : 0.769 0.017 0.214
217 217 (5) 6 : 0.767 0.029 0.204
218 218 (0) 6 : 0.615 0.092 0.293
219 219 (0) 2 : 0.032 0.935 0.032
220 220 (0) 2 : 0.009 0.979 0.011
221 221 (0) 2 : 0.025 0.945 0.030
222 222 (0) 2 : 0.054 0.876 0.070
223 223 (0) 2 : 0.034 0.933 0.033
224 224 (0) 2 : 0.009 0.980 0.011
225 225 (0) 2 : 0.190 0.721 0.088
226 226 (0) 2 : 0.005 0.990 0.005
227 227 (0) 2 : 0.082 0.845 0.074
1 1 (0) 1 : 0.013 0.100 0.887
2 2 (1) 1 : 0.186 0.204 0.609
3 3 (0) 1 : 0.059 0.183 0.758
4 4 (0) 2 : 0.793 0.076 0.131
5 5 (0) 2 : 0.020 0.476 0.504
6 6 (0) 2 : 0.801 0.069 0.130
7 7 (0) 2 : 0.938 0.029 0.033
8 8 (0) 2 : 0.978 0.011 0.011
9 9 (0) 2 : 0.862 0.068 0.070
10 10 (0) 2 : 0.970 0.014 0.016
11 11 (0) 2 : 0.957 0.016 0.027
12 12 (0) 2 : 0.870 0.043 0.087
13 13 (0) 2 : 0.949 0.025 0.027
14 14 (0) 2 : 0.902 0.048 0.050
15 15 (0) 2 : 0.671 0.115 0.214
16 16 (0) 2 : 0.961 0.019 0.019
17 17 (0) 2 : 0.860 0.074 0.066
18 18 (0) 2 : 0.935 0.034 0.031
19 19 (0) 2 : 0.921 0.036 0.043
20 20 (0) 2 : 0.726 0.089 0.185
21 21 (9) 2 : 0.876 0.049 0.074
22 22 (0) 2 : 0.280 0.350 0.371
23 23 (0) 2 : 0.922 0.026 0.052
24 24 (0) 2 : 0.966 0.014 0.020
25 25 (0) 2 : 0.669 0.100 0.231
26 26 (0) 2 : 0.938 0.027 0.035
27 27 (0) 2 : 0.895 0.047 0.058
28 28 (0) 2 : 0.974 0.012 0.014
29 29 (0) 2 : 0.905 0.044 0.051
30 30 (0) 2 : 0.365 0.458 0.178
31 31 (0) 2 : 0.966 0.017 0.017
32 32 (0) 2 : 0.953 0.018 0.029
33 33 (0) 2 : 0.923 0.038 0.038
34 34 (0) 2 : 0.799 0.086 0.115
35 35 (0) 2 : 0.937 0.025 0.038
36 36 (5) 2 : 0.964 0.019 0.018
37 37 (0) 2 : 0.962 0.020 0.019
38 38 (0) 2 : 0.891 0.058 0.051
39 39 (0) 2 : 0.963 0.021 0.016
40 40 (0) 2 : 0.964 0.018 0.017
41 41 (0) 2 : 0.434 0.221 0.345
42 42 (0) 2 : 0.936 0.029 0.035
43 43 (0) 2 : 0.870 0.056 0.074
44 44 (0) 2 : 0.892 0.043 0.065
45 45 (0) 2 : 0.816 0.080 0.104
46 46 (0) 2 : 0.971 0.013 0.016
47 47 (4) 2 : 0.341 0.244 0.416
48 48 (0) 2 : 0.642 0.104 0.255
49 49 (1) 2 : 0.251 0.504 0.245
50 50 (0) 2 : 0.884 0.047 0.068
51 51 (0) 2 : 0.964 0.018 0.018
52 52 (0) 2 : 0.944 0.026 0.030
53 53 (0) 2 : 0.637 0.198 0.165
54 54 (0) 2 : 0.977 0.011 0.011
55 55 (0) 2 : 0.944 0.026 0.030
56 56 (0) 2 : 0.917 0.033 0.049
57 57 (0) 2 : 0.435 0.281 0.284
58 58 (0) 2 : 0.945 0.027 0.028
59 59 (0) 2 : 0.916 0.041 0.043
60 60 (0) 2 : 0.957 0.023 0.020
61 61 (0) 2 : 0.877 0.048 0.074
62 62 (1) 2 : 0.969 0.017 0.014
63 63 (0) 3 : 0.071 0.272 0.658
64 64 (0) 3 : 0.010 0.686 0.304
65 65 (0) 3 : 0.014 0.535 0.451
66 66 (0) 3 : 0.096 0.114 0.791
67 67 (0) 3 : 0.060 0.436 0.504
68 68 (0) 3 : 0.025 0.742 0.233
69 69 (0) 3 : 0.018 0.833 0.149
70 70 (0) 3 : 0.056 0.798 0.146
71 71 (0) 3 : 0.083 0.580 0.336
72 72 (8) 3 : 0.015 0.670 0.315
73 73 (0) 3 : 0.052 0.296 0.652
74 74 (0) 3 : 0.467 0.107 0.427
75 75 (0) 3 : 0.158 0.563 0.279
76 76 (0) 3 : 0.030 0.330 0.640
77 77 (0) 3 : 0.116 0.723 0.160
78 78 (0) 3 : 0.036 0.720 0.244
79 79 (0) 3 : 0.013 0.603 0.385
80 80 (0) 3 : 0.115 0.548 0.338
81 81 (0) 3 : 0.072 0.422 0.505
82 82 (0) 3 : 0.021 0.786 0.193
83 83 (0) 3 : 0.061 0.190 0.749
84 84 (0) 3 : 0.052 0.504 0.444
85 85 (0) 3 : 0.199 0.421 0.380
86 86 (0) 3 : 0.121 0.567 0.312
87 87 (0) 3 : 0.055 0.290 0.655
88 88 (0) 3 : 0.024 0.645 0.331
89 89 (0) 3 : 0.011 0.618 0.372
90 90 (0) 3 : 0.434 0.285 0.281
91 91 (0) 3 : 0.099 0.340 0.561
92 92 (0) 3 : 0.017 0.648 0.335
93 93 (0) 3 : 0.037 0.399 0.565
94 94 (0) 3 : 0.049 0.465 0.486
95 95 (0) 3 : 0.060 0.731 0.209
96 96 (0) 3 : 0.059 0.589 0.352
97 97 (0) 3 : 0.047 0.524 0.430
98 98 (0) 3 : 0.047 0.650 0.303
99 99 (0) 3 : 0.061 0.124 0.815
100 100 (0) 3 : 0.012 0.613 0.374
101 101 (0) 3 : 0.614 0.176 0.210
102 102 (0) 3 : 0.043 0.309 0.648
103 103 (0) 3 : 0.052 0.745 0.202
104 104 (0) 3 : 0.182 0.575 0.242
105 105 (0) 3 : 0.049 0.592 0.359
106 106 (0) 3 : 0.035 0.328 0.638
107 107 (0) 3 : 0.099 0.379 0.523
108 108 (0) 3 : 0.033 0.691 0.276
109 109 (0) 3 : 0.038 0.381 0.580
110 110 (0) 3 : 0.033 0.586 0.382
111 111 (0) 3 : 0.048 0.498 0.454
112 112 (7) 4 : 0.031 0.387 0.582
113 113 (12) 4 : 0.029 0.690 0.281
114 114 (12) 4 : 0.046 0.378 0.576
115 115 (3) 4 : 0.035 0.699 0.266
116 116 (12) 4 : 0.110 0.485 0.405
117 117 (13) 4 : 0.035 0.466 0.499
118 118 (0) 4 : 0.537 0.220 0.243
119 119 (3) 4 : 0.098 0.483 0.419
120 120 (0) 4 : 0.033 0.449 0.518
121 121 (0) 4 : 0.017 0.844 0.139
122 122 (9) 4 : 0.008 0.614 0.378
123 123 (9) 4 : 0.017 0.703 0.280
124 124 (12) 4 : 0.041 0.508 0.452
125 125 (0) 5 : 0.901 0.053 0.046
126 126 (0) 5 : 0.027 0.610 0.363
127 127 (0) 5 : 0.907 0.037 0.056
128 128 (0) 6 : 0.028 0.536 0.436
129 129 (0) 6 : 0.009 0.655 0.336
130 130 (9) 6 : 0.014 0.681 0.305
131 131 (0) 6 : 0.013 0.410 0.577
132 132 (0) 6 : 0.022 0.793 0.185
133 133 (0) 6 : 0.031 0.213 0.757
134 134 (0) 6 : 0.037 0.586 0.377
135 135 (0) 6 : 0.051 0.194 0.755
136 136 (11) 6 : 0.075 0.273 0.652
137 137 (0) 6 : 0.073 0.424 0.503
138 138 (0) 6 : 0.210 0.313 0.477
139 139 (0) 6 : 0.087 0.324 0.588
140 140 (4) 6 : 0.041 0.507 0.451
141 141 (0) 6 : 0.052 0.297 0.651
142 142 (0) 6 : 0.101 0.242 0.657
143 143 (0) 6 : 0.015 0.810 0.175
144 144 (0) 6 : 0.097 0.684 0.219
145 145 (4) 6 : 0.011 0.805 0.184
146 146 (5) 6 : 0.024 0.608 0.367
147 147 (0) 6 : 0.015 0.708 0.277
148 148 (5) 6 : 0.027 0.524 0.449
149 149 (0) 6 : 0.019 0.200 0.780
150 150 (0) 6 : 0.050 0.306 0.645
151 151 (10) 6 : 0.039 0.212 0.748
152 152 (0) 6 : 0.025 0.698 0.277
153 153 (0) 6 : 0.014 0.583 0.403
154 154 (0) 6 : 0.040 0.486 0.474
155 155 (5) 6 : 0.081 0.607 0.312
156 156 (0) 6 : 0.182 0.093 0.725
157 157 (0) 6 : 0.051 0.190 0.760
158 158 (0) 6 : 0.080 0.280 0.639
159 159 (10) 6 : 0.043 0.147 0.810
160 160 (0) 6 : 0.046 0.169 0.784
161 161 (0) 6 : 0.008 0.765 0.227
162 162 (0) 6 : 0.027 0.434 0.539
163 163 (0) 6 : 0.031 0.486 0.483
164 164 (0) 6 : 0.019 0.883 0.098
165 165 (0) 6 : 0.021 0.880 0.099
166 166 (0) 6 : 0.046 0.436 0.518
167 167 (0) 6 : 0.023 0.678 0.299
168 168 (0) 6 : 0.070 0.375 0.554
169 169 (0) 6 : 0.064 0.515 0.422
170 170 (2) 6 : 0.028 0.430 0.542
171 171 (0) 6 : 0.117 0.677 0.207
172 172 (0) 6 : 0.032 0.675 0.293
173 173 (0) 6 : 0.048 0.516 0.436
174 174 (0) 6 : 0.065 0.378 0.557
175 175 (7) 6 : 0.024 0.592 0.384
176 176 (0) 6 : 0.036 0.677 0.287
177 177 (10) 6 : 0.137 0.178 0.684
178 178 (0) 6 : 0.766 0.113 0.120
179 179 (8) 6 : 0.029 0.324 0.647
180 180 (0) 6 : 0.017 0.490 0.493
181 181 (7) 6 : 0.037 0.170 0.793
182 182 (0) 6 : 0.011 0.900 0.089
183 183 (0) 6 : 0.037 0.767 0.196
184 184 (0) 6 : 0.082 0.447 0.471
185 185 (0) 6 : 0.021 0.348 0.630
186 186 (2) 6 : 0.039 0.769 0.192
187 187 (0) 6 : 0.114 0.678 0.208
188 188 (0) 6 : 0.175 0.371 0.454
189 189 (3) 6 : 0.058 0.481 0.461
190 190 (0) 6 : 0.044 0.596 0.359
191 191 (0) 6 : 0.013 0.609 0.377
192 192 (0) 6 : 0.509 0.104 0.387
193 193 (0) 6 : 0.027 0.404 0.569
194 194 (0) 6 : 0.102 0.420 0.478
195 195 (0) 6 : 0.090 0.526 0.383
196 196 (13) 6 : 0.048 0.202 0.750
197 197 (0) 6 : 0.041 0.466 0.494
198 198 (12) 6 : 0.113 0.178 0.709
199 199 (0) 6 : 0.068 0.319 0.613
200 200 (0) 6 : 0.015 0.339 0.646
201 201 (8) 6 : 0.021 0.236 0.743
202 202 (0) 6 : 0.043 0.218 0.739
203 203 (0) 6 : 0.018 0.164 0.818
204 204 (0) 6 : 0.111 0.234 0.655
205 205 (0) 6 : 0.052 0.351 0.597
206 206 (0) 6 : 0.046 0.646 0.308
207 207 (14) 6 : 0.030 0.647 0.323
208 208 (0) 6 : 0.159 0.357 0.484
209 209 (0) 6 : 0.025 0.493 0.482
210 210 (0) 6 : 0.018 0.558 0.424
211 211 (14) 6 : 0.023 0.458 0.519
212 212 (0) 6 : 0.120 0.265 0.615
213 213 (7) 6 : 0.051 0.172 0.777
214 214 (0) 6 : 0.027 0.110 0.863
215 215 (0) 6 : 0.076 0.651 0.273
216 216 (0) 6 : 0.023 0.156 0.821
217 217 (5) 6 : 0.036 0.140 0.825
218 218 (0) 6 : 0.123 0.219 0.658
219 219 (0) 2 : 0.905 0.040 0.055
220 220 (0) 2 : 0.976 0.013 0.011
221 221 (0) 2 : 0.919 0.040 0.041
222 222 (0) 2 : 0.865 0.068 0.067
223 223 (0) 2 : 0.921 0.034 0.045
224 224 (0) 2 : 0.972 0.013 0.015
225 225 (0) 2 : 0.687 0.104 0.209
226 226 (0) 2 : 0.986 0.008 0.007
227 227 (0) 2 : 0.803 0.104 0.093
