1 1 (0) 1 : 0.008 0.292 0.021 0.062 0.169 0.448
2 2 (1) 1 : 0.028 0.377 0.002 0.099 0.054 0.440
3 3 (0) 1 : 0.025 0.423 0.008 0.068 0.153 0.323
4 4 (13) 2 : 0.943 0.012 0.004 0.013 0.010 0.018
5 5 (0) 2 : 0.972 0.004 0.006 0.008 0.004 0.007
6 6 (13) 2 : 0.938 0.013 0.003 0.012 0.024 0.011
7 7 (0) 2 : 0.951 0.010 0.004 0.013 0.010 0.012
8 8 (0) 2 : 0.873 0.008 0.089 0.011 0.008 0.011
9 9 (10) 2 : 0.839 0.016 0.100 0.018 0.010 0.017
10 10 (9) 2 : 0.887 0.030 0.010 0.021 0.027 0.025
11 11 (0) 2 : 0.880 0.035 0.006 0.025 0.023 0.031
12 12 (0) 2 : 0.841 0.037 0.002 0.029 0.030 0.061
13 13 (0) 2 : 0.008 0.425 0.006 0.124 0.038 0.399
14 14 (0) 2 : 0.699 0.098 0.008 0.027 0.115 0.053
15 15 (0) 2 : 0.920 0.022 0.005 0.012 0.017 0.024
16 16 (0) 2 : 0.973 0.006 0.006 0.006 0.004 0.005
17 17 (0) 2 : 0.736 0.074 0.001 0.054 0.021 0.113
18 18 (0) 2 : 0.969 0.006 0.003 0.006 0.008 0.008
19 19 (0) 2 : 0.957 0.009 0.004 0.006 0.017 0.007
20 20 (0) 2 : 0.760 0.009 0.182 0.008 0.013 0.027
21 21 (0) 2 : 0.917 0.019 0.005 0.010 0.028 0.022
22 22 (0) 2 : 0.890 0.032 0.011 0.024 0.013 0.030
23 23 (0) 2 : 0.356 0.221 0.003 0.071 0.072 0.277
24 24 (0) 2 : 0.953 0.009 0.005 0.009 0.014 0.010
25 25 (0) 2 : 0.880 0.041 0.005 0.028 0.011 0.035
26 26 (0) 2 : 0.902 0.030 0.008 0.016 0.023 0.021
27 27 (0) 2 : 0.917 0.018 0.029 0.008 0.014 0.014
28 28 (0) 2 : 0.655 0.092 0.012 0.062 0.069 0.108
29 29 (9) 2 : 0.868 0.040 0.003 0.022 0.022 0.043
30 30 (0) 2 : 0.156 0.270 0.002 0.157 0.109 0.306
31 31 (0) 2 : 0.880 0.025 0.003 0.012 0.039 0.041
32 32 (0) 2 : 0.946 0.010 0.006 0.008 0.011 0.020
33 33 (0) 2 : 0.368 0.258 0.036 0.037 0.027 0.275
34 34 (0) 2 : 0.906 0.019 0.010 0.026 0.016 0.024
35 35 (0) 2 : 0.758 0.030 0.152 0.012 0.020 0.028
36 36 (0) 2 : 0.973 0.010 0.002 0.004 0.004 0.006
37 37 (0) 2 : 0.893 0.035 0.008 0.026 0.015 0.023
38 38 (0) 2 : 0.220 0.229 0.002 0.375 0.020 0.154
39 39 (0) 2 : 0.960 0.011 0.002 0.008 0.010 0.010
40 40 (0) 2 : 0.956 0.014 0.001 0.012 0.006 0.011
41 41 (0) 2 : 0.887 0.017 0.034 0.023 0.020 0.018
42 42 (0) 2 : 0.687 0.032 0.002 0.026 0.196 0.056
43 43 (0) 2 : 0.934 0.020 0.001 0.014 0.012 0.019
44 44 (5) 2 : 0.944 0.012 0.004 0.019 0.010 0.010
45 45 (0) 2 : 0.951 0.006 0.018 0.006 0.010 0.009
46 46 (0) 2 : 0.880 0.031 0.002 0.039 0.010 0.037
47 47 (0) 2 : 0.950 0.011 0.003 0.017 0.011 0.008
48 48 (0) 2 : 0.965 0.007 0.002 0.007 0.012 0.007
49 49 (0) 2 : 0.153 0.215 0.007 0.145 0.147 0.333
50 50 (0) 2 : 0.913 0.024 0.002 0.017 0.014 0.029
51 51 (0) 2 : 0.906 0.026 0.001 0.023 0.014 0.029
52 52 (0) 2 : 0.804 0.014 0.004 0.015 0.140 0.023
53 53 (0) 2 : 0.691 0.104 0.004 0.065 0.024 0.112
54 54 (0) 2 : 0.966 0.008 0.003 0.006 0.009 0.007
55 55 (4) 2 : 0.336 0.202 0.002 0.114 0.154 0.191
56 56 (0) 2 : 0.365 0.202 0.005 0.083 0.074 0.271
57 57 (1) 2 : 0.209 0.150 0.005 0.414 0.095 0.127
58 58 (0) 2 : 0.881 0.038 0.003 0.024 0.019 0.035
59 59 (0) 2 : 0.957 0.009 0.002 0.012 0.013 0.008
60 60 (0) 2 : 0.928 0.011 0.018 0.011 0.014 0.018
61 61 (0) 2 : 0.612 0.078 0.005 0.143 0.035 0.126
62 62 (0) 2 : 0.977 0.005 0.003 0.005 0.003 0.006
63 63 (0) 2 : 0.918 0.019 0.008 0.018 0.011 0.026
64 64 (0) 2 : 0.920 0.019 0.005 0.012 0.018 0.027
65 65 (0) 2 : 0.368 0.191 0.007 0.115 0.050 0.270
66 66 (0) 2 : 0.926 0.011 0.012 0.013 0.016 0.023
67 67 (0) 2 : 0.907 0.020 0.005 0.025 0.018 0.024
68 68 (0) 2 : 0.943 0.020 0.003 0.010 0.010 0.015
69 69 (0) 2 : 0.868 0.036 0.012 0.015 0.034 0.034
70 70 (1) 2 : 0.961 0.006 0.003 0.009 0.013 0.007
71 71 (0) 3 : 0.027 0.085 0.009 0.044 0.642 0.194
72 72 (0) 3 : 0.004 0.437 0.004 0.200 0.036 0.319
73 73 (0) 3 : 0.007 0.356 0.003 0.160 0.166 0.307
74 74 (0) 3 : 0.058 0.263 0.004 0.033 0.098 0.543
75 75 (0) 3 : 0.025 0.353 0.007 0.199 0.059 0.357
76 76 (0) 3 : 0.010 0.228 0.055 0.482 0.021 0.204
77 77 (0) 3 : 0.006 0.081 0.006 0.806 0.038 0.063
78 78 (0) 3 : 0.012 0.071 0.004 0.857 0.010 0.047
79 79 (0) 3 : 0.029 0.274 0.008 0.351 0.017 0.321
80 80 (8) 3 : 0.007 0.127 0.012 0.644 0.067 0.142
81 81 (0) 3 : 0.016 0.345 0.001 0.138 0.158 0.342
82 82 (0) 3 : 0.268 0.293 0.013 0.043 0.039 0.344
83 83 (0) 3 : 0.057 0.314 0.002 0.293 0.025 0.308
84 84 (0) 3 : 0.011 0.510 0.002 0.111 0.043 0.323
85 85 (0) 3 : 0.063 0.126 0.003 0.715 0.023 0.070
86 86 (0) 3 : 0.024 0.155 0.043 0.438 0.150 0.190
87 87 (0) 3 : 0.010 0.158 0.054 0.447 0.150 0.180
88 88 (0) 3 : 0.049 0.177 0.006 0.339 0.221 0.209
89 89 (0) 3 : 0.032 0.380 0.018 0.120 0.046 0.404
90 90 (0) 3 : 0.009 0.135 0.015 0.681 0.017 0.143
91 91 (0) 3 : 0.032 0.188 0.002 0.114 0.439 0.226
92 92 (0) 3 : 0.024 0.216 0.007 0.446 0.088 0.219
93 93 (0) 3 : 0.154 0.227 0.024 0.267 0.071 0.258
94 94 (0) 3 : 0.043 0.183 0.006 0.404 0.094 0.271
95 95 (0) 3 : 0.022 0.464 0.004 0.086 0.091 0.334
96 96 (0) 3 : 0.010 0.162 0.003 0.624 0.022 0.180
97 97 (0) 3 : 0.006 0.229 0.011 0.417 0.070 0.267
98 98 (0) 3 : 0.178 0.330 0.018 0.097 0.036 0.340
99 99 (0) 3 : 0.036 0.294 0.010 0.127 0.133 0.399
100 100 (0) 3 : 0.007 0.408 0.008 0.283 0.038 0.257
101 101 (0) 3 : 0.023 0.319 0.002 0.218 0.121 0.317
102 102 (0) 3 : 0.025 0.210 0.007 0.255 0.146 0.356
103 103 (0) 3 : 0.014 0.246 0.004 0.449 0.025 0.261
104 104 (0) 3 : 0.028 0.333 0.004 0.308 0.027 0.299
105 105 (0) 3 : 0.012 0.363 0.003 0.257 0.035 0.331
106 106 (0) 3 : 0.016 0.289 0.006 0.389 0.013 0.287
107 107 (0) 3 : 0.040 0.173 0.010 0.060 0.452 0.265
108 108 (0) 3 : 0.004 0.126 0.002 0.450 0.247 0.170
109 109 (0) 3 : 0.272 0.180 0.051 0.096 0.147 0.253
110 110 (0) 3 : 0.023 0.395 0.004 0.049 0.136 0.392
111 111 (0) 3 : 0.018 0.234 0.007 0.410 0.012 0.319
112 112 (0) 3 : 0.105 0.215 0.002 0.350 0.079 0.248
113 113 (0) 3 : 0.017 0.199 0.002 0.503 0.072 0.208
114 114 (0) 3 : 0.013 0.292 0.003 0.101 0.192 0.398
115 115 (0) 3 : 0.059 0.378 0.010 0.159 0.084 0.309
116 116 (0) 3 : 0.014 0.198 0.006 0.550 0.043 0.189
117 117 (0) 3 : 0.001 0.001 0.995 0.001 0.001 0.001
118 118 (0) 3 : 0.009 0.426 0.009 0.196 0.049 0.312
119 119 (0) 3 : 0.021 0.226 0.009 0.238 0.293 0.212
120 120 (7) 4 : 0.001 0.001 0.994 0.001 0.001 0.001
121 121 (12) 4 : 0.011 0.157 0.008 0.523 0.052 0.249
122 122 (12) 4 : 0.032 0.136 0.534 0.160 0.018 0.120
123 123 (3) 4 : 0.018 0.443 0.002 0.326 0.015 0.196
124 124 (12) 4 : 0.060 0.294 0.003 0.203 0.054 0.386
125 125 (13) 4 : 0.012 0.218 0.002 0.138 0.519 0.112
126 126 (0) 4 : 0.531 0.202 0.004 0.094 0.046 0.123
127 127 (3) 4 : 0.028 0.187 0.002 0.180 0.520 0.083
128 128 (0) 4 : 0.014 0.120 0.002 0.259 0.451 0.153
129 129 (0) 4 : 0.010 0.167 0.006 0.651 0.029 0.137
130 130 (9) 4 : 0.004 0.332 0.004 0.053 0.512 0.095
131 131 (9) 4 : 0.008 0.281 0.002 0.516 0.041 0.151
132 132 (12) 4 : 0.016 0.451 0.010 0.124 0.065 0.334
133 133 (0) 5 : 0.896 0.021 0.008 0.034 0.020 0.021
134 134 (0) 5 : 0.011 0.094 0.002 0.719 0.053 0.121
135 135 (0) 5 : 0.819 0.023 0.017 0.014 0.074 0.053
136 136 (0) 6 : 0.009 0.403 0.003 0.253 0.059 0.273
137 137 (0) 6 : 0.004 0.308 0.004 0.072 0.503 0.108
138 138 (9) 6 : 0.005 0.461 0.005 0.215 0.038 0.277
139 139 (0) 6 : 0.004 0.533 0.005 0.107 0.053 0.297
140 140 (0) 6 : 0.009 0.121 0.004 0.719 0.026 0.121
141 141 (0) 6 : 0.010 0.413 0.003 0.052 0.255 0.267
142 142 (0) 6 : 0.016 0.229 0.008 0.504 0.049 0.194
143 143 (0) 6 : 0.024 0.321 0.005 0.093 0.221 0.336
144 144 (11) 6 : 0.019 0.308 0.002 0.090 0.139 0.443
145 145 (0) 6 : 0.032 0.362 0.025 0.204 0.059 0.318
146 146 (0) 6 : 0.044 0.283 0.002 0.098 0.109 0.464
147 147 (0) 6 : 0.030 0.329 0.002 0.120 0.202 0.318
148 148 (4) 6 : 0.024 0.280 0.005 0.135 0.173 0.383
149 149 (0) 6 : 0.020 0.235 0.004 0.052 0.298 0.391
150 150 (0) 6 : 0.063 0.388 0.005 0.053 0.093 0.398
151 151 (0) 6 : 0.005 0.033 0.001 0.801 0.127 0.032
152 152 (0) 6 : 0.069 0.128 0.012 0.556 0.076 0.160
153 153 (4) 6 : 0.004 0.042 0.001 0.796 0.125 0.031
154 154 (5) 6 : 0.012 0.063 0.002 0.620 0.196 0.107
155 155 (0) 6 : 0.008 0.267 0.033 0.428 0.055 0.209
156 156 (5) 6 : 0.010 0.228 0.012 0.373 0.073 0.304
157 157 (0) 6 : 0.009 0.329 0.013 0.065 0.278 0.306
158 158 (0) 6 : 0.025 0.251 0.006 0.070 0.376 0.273
159 159 (10) 6 : 0.018 0.212 0.004 0.090 0.389 0.288
160 160 (0) 6 : 0.013 0.289 0.003 0.375 0.062 0.258
161 161 (0) 6 : 0.005 0.343 0.004 0.294 0.155 0.197
162 162 (0) 6 : 0.019 0.257 0.002 0.274 0.162 0.286
163 163 (5) 6 : 0.027 0.280 0.005 0.220 0.043 0.426
164 164 (0) 6 : 0.101 0.260 0.002 0.075 0.166 0.396
165 165 (0) 6 : 0.022 0.308 0.004 0.058 0.348 0.260
166 166 (0) 6 : 0.028 0.201 0.002 0.144 0.393 0.232
167 167 (10) 6 : 0.018 0.259 0.004 0.061 0.269 0.388
168 168 (0) 6 : 0.015 0.266 0.003 0.074 0.250 0.393
169 169 (0) 6 : 0.005 0.135 0.001 0.717 0.025 0.116
170 170 (0) 6 : 0.009 0.312 0.003 0.089 0.250 0.337
171 171 (0) 6 : 0.015 0.284 0.003 0.311 0.075 0.311
172 172 (0) 6 : 0.006 0.077 0.012 0.865 0.010 0.030
173 173 (0) 6 : 0.007 0.087 0.010 0.860 0.009 0.026
174 174 (0) 6 : 0.010 0.308 0.020 0.265 0.073 0.324
175 175 (0) 6 : 0.007 0.091 0.023 0.679 0.072 0.128
176 176 (0) 6 : 0.042 0.229 0.008 0.126 0.269 0.327
177 177 (0) 6 : 0.026 0.220 0.004 0.359 0.079 0.312
178 178 (2) 6 : 0.013 0.318 0.008 0.190 0.129 0.342
179 179 (0) 6 : 0.060 0.244 0.009 0.461 0.033 0.193
180 180 (0) 6 : 0.013 0.371 0.005 0.321 0.039 0.251
181 181 (0) 6 : 0.017 0.348 0.008 0.227 0.087 0.314
182 182 (0) 6 : 0.030 0.415 0.002 0.091 0.035 0.427
183 183 (7) 6 : 0.010 0.340 0.004 0.321 0.015 0.311
184 184 (0) 6 : 0.016 0.335 0.004 0.226 0.055 0.364
185 185 (10) 6 : 0.072 0.239 0.001 0.089 0.199 0.399
186 186 (0) 6 : 0.680 0.101 0.013 0.051 0.031 0.124
187 187 (8) 6 : 0.010 0.391 0.019 0.123 0.099 0.357
188 188 (0) 6 : 0.006 0.373 0.003 0.169 0.094 0.355
189 189 (7) 6 : 0.014 0.265 0.002 0.082 0.234 0.402
190 190 (0) 6 : 0.005 0.120 0.002 0.784 0.012 0.077
191 191 (0) 6 : 0.016 0.130 0.005 0.685 0.024 0.140
192 192 (0) 6 : 0.039 0.477 0.003 0.101 0.107 0.273
193 193 (0) 6 : 0.007 0.392 0.006 0.042 0.139 0.414
194 194 (2) 6 : 0.025 0.142 0.009 0.623 0.051 0.150
195 195 (0) 6 : 0.019 0.145 0.193 0.493 0.035 0.116
196 196 (0) 6 : 0.109 0.177 0.007 0.170 0.321 0.216
197 197 (3) 6 : 0.026 0.486 0.007 0.113 0.054 0.313
198 198 (0) 6 : 0.021 0.259 0.002 0.267 0.144 0.306
199 199 (0) 6 : 0.006 0.595 0.002 0.138 0.038 0.221
200 200 (0) 6 : 0.312 0.204 0.003 0.034 0.138 0.310
201 201 (0) 6 : 0.016 0.297 0.011 0.165 0.187 0.324
202 202 (0) 6 : 0.059 0.179 0.009 0.086 0.507 0.159
203 203 (0) 6 : 0.030 0.178 0.004 0.264 0.311 0.213
204 204 (13) 6 : 0.020 0.018 0.008 0.010 0.919 0.025
205 205 (0) 6 : 0.018 0.072 0.002 0.379 0.440 0.090
206 206 (12) 6 : 0.073 0.236 0.004 0.074 0.295 0.318
207 207 (0) 6 : 0.025 0.356 0.005 0.100 0.125 0.390
208 208 (0) 6 : 0.006 0.203 0.011 0.130 0.338 0.312
209 209 (8) 6 : 0.005 0.015 0.005 0.019 0.933 0.024
210 210 (0) 6 : 0.009 0.009 0.013 0.007 0.944 0.018
211 211 (0) 6 : 0.007 0.090 0.006 0.044 0.749 0.103
212 212 (0) 6 : 0.025 0.056 0.003 0.035 0.789 0.092
213 213 (0) 6 : 0.020 0.428 0.002 0.103 0.114 0.333
214 214 (0) 6 : 0.013 0.336 0.003 0.258 0.071 0.319
215 215 (14) 6 : 0.010 0.346 0.005 0.216 0.060 0.363
216 216 (0) 6 : 0.133 0.263 0.010 0.086 0.172 0.336
217 217 (0) 6 : 0.009 0.582 0.007 0.113 0.054 0.237
218 218 (0) 6 : 0.007 0.559 0.005 0.112 0.050 0.267
219 219 (14) 6 : 0.012 0.270 0.005 0.087 0.363 0.263
220 220 (0) 6 : 0.072 0.084 0.014 0.087 0.602 0.141
221 221 (7) 6 : 0.020 0.015 0.006 0.014 0.924 0.021
222 222 (0) 6 : 0.013 0.176 0.004 0.052 0.248 0.507
223 223 (0) 6 : 0.033 0.391 0.008 0.285 0.053 0.230
224 224 (0) 6 : 0.006 0.009 0.004 0.008 0.968 0.005
225 225 (5) 6 : 0.007 0.007 0.006 0.006 0.968 0.006
226 226 (0) 6 : 0.080 0.261 0.017 0.084 0.296 0.260
227 227 (0) 2 : 0.909 0.018 0.004 0.016 0.035 0.018
228 228 (0) 2 : 0.975 0.007 0.002 0.007 0.005 0.005
229 229 (0) 2 : 0.892 0.017 0.010 0.021 0.033 0.027
230 230 (0) 2 : 0.869 0.045 0.004 0.030 0.016 0.037
231 231 (0) 2 : 0.891 0.032 0.003 0.013 0.022 0.040
232 232 (0) 2 : 0.970 0.006 0.003 0.007 0.007 0.008
233 233 (0) 2 : 0.462 0.077 0.005 0.045 0.320 0.091
234 234 (0) 2 : 0.986 0.003 0.002 0.003 0.004 0.002
235 235 (0) 2 : 0.802 0.042 0.001 0.045 0.044 0.065
1 1 (0) 1 : 0.410 0.005 0.016 0.207 0.340 0.022
2 2 (1) 1 : 0.362 0.030 0.028 0.287 0.292 0.002
3 3 (0) 1 : 0.243 0.022 0.029 0.418 0.281 0.008
4 4 (13) 2 : 0.017 0.951 0.008 0.009 0.012 0.003
5 5 (0) 2 : 0.004 0.978 0.003 0.005 0.005 0.005
6 6 (13) 2 : 0.016 0.941 0.011 0.014 0.016 0.002
7 7 (0) 2 : 0.010 0.958 0.007 0.011 0.010 0.003
8 8 (0) 2 : 0.010 0.866 0.012 0.008 0.009 0.096
9 9 (10) 2 : 0.012 0.812 0.023 0.018 0.021 0.114
10 10 (9) 2 : 0.023 0.908 0.017 0.019 0.023 0.009
11 11 (0) 2 : 0.031 0.909 0.011 0.022 0.021 0.006
12 12 (0) 2 : 0.052 0.800 0.020 0.072 0.055 0.002
13 13 (0) 2 : 0.245 0.006 0.069 0.331 0.344 0.005
14 14 (0) 2 : 0.072 0.691 0.022 0.136 0.073 0.006
15 15 (0) 2 : 0.015 0.947 0.008 0.012 0.013 0.005
16 16 (0) 2 : 0.005 0.974 0.005 0.006 0.005 0.005
17 17 (0) 2 : 0.078 0.775 0.025 0.039 0.082 0.002
18 18 (0) 2 : 0.007 0.970 0.005 0.009 0.007 0.002
19 19 (0) 2 : 0.013 0.951 0.008 0.014 0.009 0.005
20 20 (0) 2 : 0.019 0.772 0.010 0.009 0.013 0.178
21 21 (0) 2 : 0.026 0.916 0.014 0.016 0.021 0.006
22 22 (0) 2 : 0.026 0.896 0.026 0.023 0.021 0.008
23 23 (0) 2 : 0.205 0.389 0.047 0.120 0.235 0.004
24 24 (0) 2 : 0.009 0.965 0.006 0.008 0.007 0.005
25 25 (0) 2 : 0.021 0.892 0.029 0.028 0.024 0.005
26 26 (0) 2 : 0.026 0.900 0.013 0.026 0.022 0.013
27 27 (0) 2 : 0.017 0.910 0.014 0.017 0.022 0.021
28 28 (0) 2 : 0.134 0.652 0.049 0.065 0.087 0.013
29 29 (9) 2 : 0.037 0.867 0.024 0.034 0.036 0.003
30 30 (0) 2 : 0.272 0.125 0.096 0.248 0.257 0.002
31 31 (0) 2 : 0.031 0.887 0.007 0.043 0.029 0.003
32 32 (0) 2 : 0.009 0.947 0.009 0.014 0.012 0.008
33 33 (0) 2 : 0.196 0.407 0.016 0.136 0.215 0.030
34 34 (0) 2 : 0.026 0.903 0.020 0.020 0.021 0.010
35 35 (0) 2 : 0.043 0.744 0.019 0.015 0.029 0.150
36 36 (0) 2 : 0.004 0.974 0.008 0.005 0.006 0.003
37 37 (0) 2 : 0.020 0.901 0.023 0.030 0.019 0.007
38 38 (0) 2 : 0.148 0.257 0.328 0.068 0.195 0.003
39 39 (0) 2 : 0.013 0.958 0.010 0.008 0.010 0.002
40 40 (0) 2 : 0.010 0.955 0.004 0.012 0.017 0.002
41 41 (0) 2 : 0.016 0.880 0.033 0.015 0.021 0.035
42 42 (0) 2 : 0.031 0.821 0.042 0.042 0.063 0.001
43 43 (0) 2 : 0.015 0.943 0.008 0.016 0.017 0.001
44 44 (5) 2 : 0.011 0.957 0.012 0.005 0.011 0.003
45 45 (0) 2 : 0.013 0.948 0.008 0.011 0.006 0.015
46 46 (0) 2 : 0.018 0.897 0.035 0.024 0.024 0.002
47 47 (0) 2 : 0.008 0.954 0.019 0.006 0.010 0.003
48 48 (0) 2 : 0.015 0.959 0.006 0.010 0.008 0.002
49 49 (0) 2 : 0.273 0.163 0.195 0.108 0.256 0.006
50 50 (0) 2 : 0.025 0.915 0.014 0.018 0.027 0.002
51 51 (0) 2 : 0.017 0.905 0.027 0.028 0.021 0.002
52 52 (0) 2 : 0.025 0.912 0.023 0.017 0.019 0.004
53 53 (0) 2 : 0.062 0.649 0.040 0.140 0.105 0.004
54 54 (0) 2 : 0.006 0.960 0.005 0.014 0.011 0.004
55 55 (4) 2 : 0.207 0.303 0.088 0.217 0.183 0.003
56 56 (0) 2 : 0.151 0.355 0.046 0.329 0.115 0.004
57 57 (1) 2 : 0.124 0.161 0.475 0.094 0.143 0.004
58 58 (0) 2 : 0.032 0.873 0.034 0.028 0.029 0.004
59 59 (0) 2 : 0.011 0.959 0.007 0.013 0.008 0.002
60 60 (0) 2 : 0.009 0.937 0.010 0.012 0.011 0.021
61 61 (0) 2 : 0.076 0.650 0.115 0.087 0.067 0.005
62 62 (0) 2 : 0.005 0.973 0.008 0.005 0.005 0.003
63 63 (0) 2 : 0.019 0.927 0.013 0.015 0.016 0.009
64 64 (0) 2 : 0.016 0.914 0.011 0.037 0.019 0.003
65 65 (0) 2 : 0.175 0.365 0.096 0.111 0.247 0.006
66 66 (0) 2 : 0.016 0.932 0.011 0.016 0.012 0.013
67 67 (0) 2 : 0.025 0.899 0.027 0.025 0.017 0.007
68 68 (0) 2 : 0.009 0.957 0.008 0.007 0.016 0.003
69 69 (0) 2 : 0.029 0.880 0.012 0.037 0.028 0.015
70 70 (1) 2 : 0.007 0.966 0.007 0.008 0.009 0.004
71 71 (0) 3 : 0.323 0.032 0.064 0.202 0.370 0.009
72 72 (0) 3 : 0.295 0.004 0.074 0.165 0.458 0.004
73 73 (0) 3 : 0.375 0.007 0.123 0.201 0.291 0.004
74 74 (0) 3 : 0.437 0.031 0.018 0.219 0.293 0.004
75 75 (0) 3 : 0.322 0.021 0.193 0.151 0.306 0.008
76 76 (0) 3 : 0.239 0.010 0.437 0.069 0.195 0.050
77 77 (0) 3 : 0.028 0.006 0.853 0.043 0.066 0.004
78 78 (0) 3 : 0.023 0.015 0.924 0.015 0.021 0.002
79 79 (0) 3 : 0.207 0.035 0.428 0.072 0.249 0.009
80 80 (8) 3 : 0.075 0.005 0.734 0.100 0.075 0.011
81 81 (0) 3 : 0.302 0.020 0.062 0.402 0.213 0.002
82 82 (0) 3 : 0.324 0.317 0.019 0.144 0.185 0.010
83 83 (0) 3 : 0.206 0.053 0.345 0.113 0.281 0.002
84 84 (0) 3 : 0.276 0.012 0.026 0.287 0.396 0.003
85 85 (0) 3 : 0.061 0.059 0.795 0.030 0.052 0.003
86 86 (0) 3 : 0.168 0.016 0.483 0.067 0.225 0.040
87 87 (0) 3 : 0.119 0.005 0.340 0.365 0.119 0.052
88 88 (0) 3 : 0.182 0.042 0.478 0.091 0.202 0.006
89 89 (0) 3 : 0.329 0.028 0.030 0.189 0.409 0.016
90 90 (0) 3 : 0.139 0.009 0.575 0.122 0.139 0.016
91 91 (0) 3 : 0.233 0.036 0.069 0.508 0.152 0.002
92 92 (0) 3 : 0.295 0.025 0.324 0.107 0.243 0.005
93 93 (0) 3 : 0.290 0.135 0.152 0.157 0.246 0.021
94 94 (0) 3 : 0.210 0.049 0.226 0.347 0.163 0.005
95 95 (0) 3 : 0.295 0.020 0.022 0.371 0.287 0.005
96 96 (0) 3 : 0.090 0.011 0.654 0.078 0.164 0.003
97 97 (0) 3 : 0.186 0.004 0.304 0.221 0.273 0.011
98 98 (0) 3 : 0.302 0.176 0.092 0.123 0.289 0.018
99 99 (0) 3 : 0.349 0.041 0.093 0.189 0.320 0.009
100 100 (0) 3 : 0.207 0.006 0.111 0.327 0.340 0.009
101 101 (0) 3 : 0.267 0.017 0.281 0.150 0.285 0.001
102 102 (0) 3 : 0.306 0.028 0.230 0.173 0.255 0.009
103 103 (0) 3 : 0.172 0.015 0.495 0.080 0.234 0.004
104 104 (0) 3 : 0.214 0.028 0.219 0.271 0.265 0.004
105 105 (0) 3 : 0.336 0.012 0.103 0.243 0.304 0.002
106 106 (0) 3 : 0.183 0.014 0.339 0.154 0.303 0.007
107 107 (0) 3 : 0.349 0.033 0.038 0.323 0.250 0.008
108 108 (0) 3 : 0.104 0.006 0.589 0.154 0.144 0.003
109 109 (0) 3 : 0.267 0.278 0.053 0.162 0.191 0.049
110 110 (0) 3 : 0.384 0.018 0.035 0.197 0.361 0.005
111 111 (0) 3 : 0.120 0.019 0.547 0.083 0.223 0.008
112 112 (0) 3 : 0.185 0.097 0.384 0.084 0.249 0.002
113 113 (0) 3 : 0.085 0.020 0.676 0.087 0.131 0.002
114 114 (0) 3 : 0.352 0.013 0.082 0.259 0.292 0.003
115 115 (0) 3 : 0.343 0.047 0.092 0.198 0.312 0.008
116 116 (0) 3 : 0.164 0.013 0.558 0.084 0.175 0.006
117 117 (0) 3 : 0.001 0.001 0.001 0.001 0.001 0.995
118 118 (0) 3 : 0.382 0.010 0.129 0.184 0.286 0.008
119 119 (0) 3 : 0.271 0.022 0.297 0.168 0.234 0.009
120 120 (7) 4 : 0.001 0.001 0.001 0.001 0.001 0.994
121 121 (12) 4 : 0.088 0.011 0.670 0.075 0.148 0.008
122 122 (12) 4 : 0.207 0.016 0.034 0.098 0.118 0.527
123 123 (3) 4 : 0.290 0.017 0.141 0.216 0.334 0.003
124 124 (12) 4 : 0.266 0.060 0.116 0.167 0.388 0.002
125 125 (13) 4 : 0.254 0.013 0.069 0.297 0.366 0.002
126 126 (0) 4 : 0.107 0.568 0.075 0.096 0.149 0.004
127 127 (3) 4 : 0.253 0.027 0.163 0.208 0.347 0.003
128 128 (0) 4 : 0.232 0.014 0.215 0.397 0.141 0.002
129 129 (0) 4 : 0.108 0.009 0.687 0.068 0.122 0.007
130 130 (9) 4 : 0.251 0.005 0.040 0.284 0.416 0.003
131 131 (9) 4 : 0.135 0.009 0.396 0.200 0.258 0.002
132 132 (12) 4 : 0.286 0.017 0.097 0.201 0.390 0.009
133 133 (0) 5 : 0.025 0.906 0.028 0.016 0.018 0.007
134 134 (0) 5 : 0.059 0.014 0.670 0.177 0.077 0.002
135 135 (0) 5 : 0.036 0.863 0.022 0.048 0.020 0.012
136 136 (0) 6 : 0.209 0.007 0.086 0.390 0.304 0.003
137 137 (0) 6 : 0.238 0.003 0.061 0.273 0.420 0.004
138 138 (9) 6 : 0.284 0.005 0.144 0.159 0.405 0.003
139 139 (0) 6 : 0.315 0.007 0.019 0.197 0.457 0.005
140 140 (0) 6 : 0.045 0.006 0.874 0.042 0.029 0.004
141 141 (0) 6 : 0.312 0.009 0.011 0.307 0.357 0.003
142 142 (0) 6 : 0.206 0.014 0.500 0.123 0.151 0.006
143 143 (0) 6 : 0.355 0.020 0.022 0.267 0.332 0.003
144 144 (11) 6 : 0.350 0.018 0.026 0.236 0.368 0.002
145 145 (0) 6 : 0.263 0.040 0.152 0.215 0.305 0.025
146 146 (0) 6 : 0.318 0.064 0.035 0.202 0.379 0.002
147 147 (0) 6 : 0.283 0.024 0.087 0.301 0.303 0.002
148 148 (4) 6 : 0.353 0.024 0.115 0.170 0.333 0.004
149 149 (0) 6 : 0.377 0.016 0.038 0.226 0.339 0.005
150 150 (0) 6 : 0.399 0.049 0.026 0.211 0.310 0.004
151 151 (0) 6 : 0.016 0.004 0.962 0.007 0.009 0.001
152 152 (0) 6 : 0.127 0.057 0.601 0.066 0.139 0.010
153 153 (4) 6 : 0.013 0.004 0.957 0.010 0.016 0.001
154 154 (5) 6 : 0.071 0.008 0.815 0.052 0.053 0.001
155 155 (0) 6 : 0.163 0.006 0.455 0.161 0.183 0.032
156 156 (5) 6 : 0.216 0.009 0.499 0.106 0.161 0.008
157 157 (0) 6 : 0.357 0.006 0.031 0.334 0.262 0.010
158 158 (0) 6 : 0.364 0.019 0.034 0.206 0.369 0.008
159 159 (10) 6 : 0.360 0.015 0.065 0.286 0.270 0.004
160 160 (0) 6 : 0.234 0.009 0.266 0.187 0.301 0.003
161 161 (0) 6 : 0.163 0.005 0.174 0.419 0.235 0.004
162 162 (0) 6 : 0.242 0.013 0.114 0.488 0.142 0.001
163 163 (5) 6 : 0.309 0.027 0.312 0.104 0.243 0.005
164 164 (0) 6 : 0.213 0.083 0.021 0.530 0.151 0.001
165 165 (0) 6 : 0.247 0.014 0.017 0.383 0.334 0.004
166 166 (0) 6 : 0.220 0.029 0.115 0.465 0.167 0.004
167 167 (10) 6 : 0.233 0.011 0.016 0.633 0.104 0.003
168 168 (0) 6 : 0.246 0.012 0.022 0.620 0.097 0.002
169 169 (0) 6 : 0.070 0.005 0.802 0.075 0.045 0.002
170 170 (0) 6 : 0.364 0.010 0.056 0.197 0.370 0.003
171 171 (0) 6 : 0.185 0.013 0.260 0.413 0.127 0.003
172 172 (0) 6 : 0.024 0.006 0.828 0.095 0.034 0.013
173 173 (0) 6 : 0.016 0.005 0.846 0.099 0.025 0.010
174 174 (0) 6 : 0.231 0.013 0.118 0.446 0.175 0.017
175 175 (0) 6 : 0.067 0.012 0.789 0.033 0.076 0.024
176 176 (0) 6 : 0.298 0.038 0.098 0.267 0.290 0.008
177 177 (0) 6 : 0.199 0.028 0.253 0.330 0.187 0.003
178 178 (2) 6 : 0.253 0.011 0.073 0.358 0.296 0.008
179 179 (0) 6 : 0.152 0.053 0.486 0.090 0.211 0.008
180 180 (0) 6 : 0.265 0.016 0.297 0.178 0.241 0.003
181 181 (0) 6 : 0.259 0.016 0.154 0.182 0.381 0.007
182 182 (0) 6 : 0.325 0.031 0.045 0.275 0.322 0.002
183 183 (7) 6 : 0.231 0.009 0.255 0.198 0.305 0.003
184 184 (0) 6 : 0.279 0.012 0.193 0.122 0.390 0.004
185 185 (10) 6 : 0.248 0.060 0.066 0.479 0.145 0.001
186 186 (0) 6 : 0.095 0.671 0.040 0.066 0.116 0.012
187 187 (8) 6 : 0.292 0.012 0.070 0.266 0.340 0.019
188 188 (0) 6 : 0.325 0.007 0.123 0.228 0.314 0.003
189 189 (7) 6 : 0.304 0.015 0.042 0.443 0.193 0.002
190 190 (0) 6 : 0.036 0.005 0.861 0.029 0.067 0.002
191 191 (0) 6 : 0.087 0.012 0.670 0.072 0.152 0.005
192 192 (0) 6 : 0.252 0.040 0.035 0.192 0.479 0.002
193 193 (0) 6 : 0.357 0.008 0.035 0.211 0.383 0.006
194 194 (2) 6 : 0.104 0.022 0.728 0.040 0.100 0.007
195 195 (0) 6 : 0.115 0.042 0.441 0.116 0.119 0.167
196 196 (0) 6 : 0.286 0.080 0.106 0.339 0.184 0.005
197 197 (3) 6 : 0.252 0.022 0.053 0.270 0.398 0.006
198 198 (0) 6 : 0.299 0.021 0.237 0.109 0.332 0.002
199 199 (0) 6 : 0.344 0.008 0.040 0.214 0.392 0.002
200 200 (0) 6 : 0.221 0.255 0.013 0.310 0.199 0.003
201 201 (0) 6 : 0.323 0.012 0.107 0.146 0.404 0.008
202 202 (0) 6 : 0.287 0.068 0.128 0.212 0.299 0.006
203 203 (0) 6 : 0.241 0.046 0.325 0.116 0.269 0.003
204 204 (13) 6 : 0.352 0.017 0.039 0.239 0.345 0.007
205 205 (0) 6 : 0.146 0.018 0.508 0.204 0.122 0.002
206 206 (12) 6 : 0.291 0.064 0.061 0.341 0.239 0.004
207 207 (0) 6 : 0.242 0.028 0.021 0.453 0.251 0.005
208 208 (0) 6 : 0.236 0.005 0.073 0.501 0.176 0.009
209 209 (8) 6 : 0.339 0.005 0.049 0.236 0.367 0.004
210 210 (0) 6 : 0.343 0.011 0.031 0.239 0.364 0.011
211 211 (0) 6 : 0.283 0.008 0.030 0.511 0.161 0.007
212 212 (0) 6 : 0.314 0.038 0.070 0.362 0.212 0.002
213 213 (0) 6 : 0.405 0.011 0.034 0.165 0.383 0.002
214 214 (0) 6 : 0.263 0.012 0.254 0.136 0.332 0.003
215 215 (14) 6 : 0.266 0.010 0.240 0.118 0.361 0.005
216 216 (0) 6 : 0.288 0.129 0.068 0.195 0.313 0.007
217 217 (0) 6 : 0.344 0.008 0.023 0.267 0.352 0.006
218 218 (0) 6 : 0.304 0.006 0.034 0.179 0.471 0.005
219 219 (14) 6 : 0.310 0.011 0.116 0.184 0.375 0.004
220 220 (0) 6 : 0.347 0.061 0.083 0.269 0.225 0.015
221 221 (7) 6 : 0.386 0.017 0.034 0.242 0.316 0.005
222 222 (0) 6 : 0.300 0.008 0.044 0.435 0.209 0.004
223 223 (0) 6 : 0.220 0.037 0.219 0.165 0.350 0.009
224 224 (0) 6 : 0.253 0.007 0.008 0.648 0.081 0.003
225 225 (5) 6 : 0.243 0.009 0.008 0.646 0.090 0.005
226 226 (0) 6 : 0.338 0.070 0.047 0.344 0.178 0.021
227 227 (0) 2 : 0.016 0.922 0.014 0.024 0.020 0.004
228 228 (0) 2 : 0.007 0.975 0.007 0.006 0.004 0.002
229 229 (0) 2 : 0.017 0.920 0.011 0.014 0.025 0.013
230 230 (0) 2 : 0.035 0.861 0.039 0.029 0.031 0.005
231 231 (0) 2 : 0.041 0.885 0.015 0.018 0.038 0.002
232 232 (0) 2 : 0.005 0.971 0.007 0.005 0.009 0.002
233 233 (0) 2 : 0.128 0.502 0.039 0.209 0.115 0.006
234 234 (0) 2 : 0.004 0.984 0.003 0.002 0.005 0.001
235 235 (0) 2 : 0.059 0.801 0.048 0.035 0.056 0.001
1 1 (0) 1 : 0.637 0.174 0.044 0.005 0.015 0.125
2 2 (1) 1 : 0.480 0.127 0.055 0.026 0.003 0.310
3 3 (0) 1 : 0.373 0.221 0.060 0.027 0.008 0.311
4 4 (13) 2 : 0.020 0.011 0.012 0.941 0.004 0.012
5 5 (0) 2 : 0.005 0.006 0.005 0.973 0.005 0.006
6 6 (13) 2 : 0.018 0.012 0.015 0.942 0.002 0.011
7 7 (0) 2 : 0.011 0.009 0.011 0.948 0.004 0.017
8 8 (0) 2 : 0.011 0.010 0.016 0.853 0.100 0.010
9 9 (10) 2 : 0.014 0.015 0.015 0.824 0.117 0.015
10 10 (9) 2 : 0.027 0.023 0.017 0.897 0.012 0.024
11 11 (0) 2 : 0.046 0.025 0.015 0.884 0.005 0.025
12 12 (0) 2 : 0.070 0.038 0.028 0.830 0.002 0.032
13 13 (0) 2 : 0.296 0.240 0.109 0.005 0.005 0.345
14 14 (0) 2 : 0.070 0.082 0.026 0.728 0.009 0.086
15 15 (0) 2 : 0.038 0.025 0.014 0.898 0.003 0.021
16 16 (0) 2 : 0.008 0.004 0.004 0.972 0.007 0.006
17 17 (0) 2 : 0.064 0.056 0.023 0.773 0.002 0.082
18 18 (0) 2 : 0.011 0.009 0.008 0.961 0.003 0.007
19 19 (0) 2 : 0.016 0.014 0.012 0.944 0.004 0.011
20 20 (0) 2 : 0.006 0.014 0.005 0.781 0.184 0.010
21 21 (0) 2 : 0.018 0.019 0.015 0.924 0.007 0.016
22 22 (0) 2 : 0.037 0.015 0.022 0.885 0.013 0.028
23 23 (0) 2 : 0.261 0.105 0.083 0.421 0.003 0.128
24 24 (0) 2 : 0.009 0.008 0.008 0.958 0.005 0.012
25 25 (0) 2 : 0.042 0.012 0.040 0.884 0.006 0.017
26 26 (0) 2 : 0.021 0.028 0.019 0.892 0.012 0.029
27 27 (0) 2 : 0.025 0.019 0.007 0.903 0.031 0.014
28 28 (0) 2 : 0.164 0.063 0.047 0.613 0.014 0.100
29 29 (9) 2 : 0.044 0.025 0.021 0.868 0.003 0.039
30 30 (0) 2 : 0.315 0.198 0.126 0.129 0.002 0.230
31 31 (0) 2 : 0.041 0.031 0.010 0.871 0.002 0.045
32 32 (0) 2 : 0.013 0.012 0.008 0.948 0.007 0.012
33 33 (0) 2 : 0.255 0.111 0.045 0.418 0.034 0.136
34 34 (0) 2 : 0.031 0.028 0.022 0.893 0.011 0.016
35 35 (0) 2 : 0.060 0.010 0.010 0.750 0.158 0.012
36 36 (0) 2 : 0.008 0.005 0.006 0.974 0.003 0.005
37 37 (0) 2 : 0.034 0.022 0.029 0.871 0.009 0.035
38 38 (0) 2 : 0.164 0.092 0.243 0.266 0.003 0.232
39 39 (0) 2 : 0.010 0.007 0.010 0.961 0.003 0.009
40 40 (0) 2 : 0.014 0.016 0.007 0.950 0.002 0.011
41 41 (0) 2 : 0.023 0.020 0.025 0.874 0.037 0.021
42 42 (0) 2 : 0.071 0.085 0.032 0.750 0.001 0.061
43 43 (0) 2 : 0.015 0.018 0.010 0.938 0.001 0.019
44 44 (5) 2 : 0.014 0.009 0.015 0.941 0.003 0.017
45 45 (0) 2 : 0.009 0.007 0.007 0.950 0.012 0.014
46 46 (0) 2 : 0.032 0.030 0.035 0.874 0.001 0.028
47 47 (0) 2 : 0.014 0.011 0.017 0.947 0.002 0.008
48 48 (0) 2 : 0.007 0.008 0.005 0.965 0.002 0.012
49 49 (0) 2 : 0.348 0.157 0.167 0.172 0.009 0.148
50 50 (0) 2 : 0.020 0.017 0.019 0.919 0.002 0.023
51 51 (0) 2 : 0.040 0.019 0.031 0.884 0.002 0.025
52 52 (0) 2 : 0.040 0.049 0.022 0.860 0.004 0.026
53 53 (0) 2 : 0.103 0.129 0.034 0.693 0.004 0.037
54 54 (0) 2 : 0.008 0.007 0.004 0.969 0.003 0.009
55 55 (4) 2 : 0.207 0.178 0.180 0.283 0.002 0.148
56 56 (0) 2 : 0.265 0.150 0.058 0.416 0.005 0.106
57 57 (1) 2 : 0.140 0.191 0.424 0.165 0.006 0.075
58 58 (0) 2 : 0.041 0.015 0.036 0.879 0.004 0.023
59 59 (0) 2 : 0.008 0.014 0.007 0.959 0.002 0.010
60 60 (0) 2 : 0.018 0.008 0.013 0.923 0.025 0.014
61 61 (0) 2 : 0.123 0.059 0.133 0.586 0.005 0.094
62 62 (0) 2 : 0.005 0.004 0.007 0.976 0.004 0.005
63 63 (0) 2 : 0.023 0.014 0.013 0.921 0.008 0.021
64 64 (0) 2 : 0.037 0.013 0.009 0.919 0.004 0.018
65 65 (0) 2 : 0.248 0.117 0.150 0.360 0.009 0.116
66 66 (0) 2 : 0.021 0.016 0.014 0.928 0.013 0.009
67 67 (0) 2 : 0.029 0.010 0.025 0.903 0.007 0.027
68 68 (0) 2 : 0.012 0.008 0.010 0.953 0.003 0.013
69 69 (0) 2 : 0.038 0.030 0.018 0.863 0.012 0.039
70 70 (1) 2 : 0.008 0.009 0.010 0.960 0.005 0.008
71 71 (0) 3 : 0.287 0.326 0.055 0.036 0.012 0.284
72 72 (0) 3 : 0.286 0.140 0.122 0.004 0.006 0.442
73 73 (0) 3 : 0.266 0.210 0.100 0.007 0.004 0.413
74 74 (0) 3 : 0.554 0.191 0.038 0.045 0.003 0.168
75 75 (0) 3 : 0.351 0.126 0.237 0.031 0.009 0.246
76 76 (0) 3 : 0.210 0.105 0.354 0.010 0.052 0.269
77 77 (0) 3 : 0.075 0.081 0.772 0.008 0.004 0.060
78 78 (0) 3 : 0.052 0.024 0.838 0.016 0.003 0.067
79 79 (0) 3 : 0.271 0.144 0.329 0.036 0.008 0.212
80 80 (8) 3 : 0.166 0.088 0.644 0.005 0.011 0.086
81 81 (0) 3 : 0.287 0.188 0.058 0.017 0.001 0.448
82 82 (0) 3 : 0.293 0.125 0.055 0.346 0.013 0.168
83 83 (0) 3 : 0.237 0.134 0.291 0.078 0.002 0.259
84 84 (0) 3 : 0.318 0.188 0.082 0.016 0.003 0.393
85 85 (0) 3 : 0.139 0.036 0.658 0.073 0.004 0.089
86 86 (0) 3 : 0.220 0.131 0.458 0.018 0.036 0.137
87 87 (0) 3 : 0.159 0.249 0.364 0.007 0.063 0.158
88 88 (0) 3 : 0.216 0.130 0.470 0.040 0.006 0.138
89 89 (0) 3 : 0.359 0.116 0.065 0.025 0.022 0.413
90 90 (0) 3 : 0.184 0.088 0.471 0.008 0.014 0.235
91 91 (0) 3 : 0.295 0.331 0.198 0.033 0.002 0.142
92 92 (0) 3 : 0.329 0.120 0.310 0.029 0.005 0.206
93 93 (0) 3 : 0.355 0.106 0.184 0.120 0.020 0.214
94 94 (0) 3 : 0.306 0.161 0.187 0.063 0.006 0.278
95 95 (0) 3 : 0.272 0.321 0.071 0.018 0.004 0.314
96 96 (0) 3 : 0.099 0.099 0.733 0.014 0.003 0.052
97 97 (0) 3 : 0.278 0.213 0.313 0.006 0.014 0.176
98 98 (0) 3 : 0.320 0.105 0.090 0.186 0.017 0.282
99 99 (0) 3 : 0.376 0.146 0.102 0.048 0.009 0.319
100 100 (0) 3 : 0.257 0.306 0.257 0.006 0.007 0.166
101 101 (0) 3 : 0.316 0.196 0.234 0.019 0.001 0.233
102 102 (0) 3 : 0.349 0.138 0.193 0.023 0.009 0.287
103 103 (0) 3 : 0.235 0.130 0.433 0.014 0.004 0.184
104 104 (0) 3 : 0.233 0.217 0.364 0.024 0.003 0.158
105 105 (0) 3 : 0.352 0.102 0.140 0.013 0.003 0.391
106 106 (0) 3 : 0.332 0.117 0.323 0.018 0.006 0.204
107 107 (0) 3 : 0.410 0.214 0.046 0.032 0.008 0.291
108 108 (0) 3 : 0.168 0.148 0.511 0.007 0.002 0.164
109 109 (0) 3 : 0.225 0.208 0.065 0.241 0.052 0.210
110 110 (0) 3 : 0.433 0.146 0.038 0.016 0.004 0.362
111 111 (0) 3 : 0.206 0.072 0.560 0.024 0.007 0.130
112 112 (0) 3 : 0.228 0.121 0.334 0.096 0.002 0.219
113 113 (0) 3 : 0.197 0.109 0.538 0.026 0.002 0.129
114 114 (0) 3 : 0.369 0.187 0.056 0.011 0.004 0.373
115 115 (0) 3 : 0.373 0.147 0.143 0.049 0.011 0.277
116 116 (0) 3 : 0.182 0.149 0.402 0.011 0.005 0.250
117 117 (0) 3 : 0.001 0.001 0.001 0.001 0.995 0.001
118 118 (0) 3 : 0.286 0.093 0.111 0.011 0.006 0.493
119 119 (0) 3 : 0.296 0.230 0.290 0.023 0.008 0.153
120 120 (7) 4 : 0.001 0.001 0.001 0.002 0.993 0.001
121 121 (12) 4 : 0.184 0.062 0.672 0.010 0.008 0.066
122 122 (12) 4 : 0.152 0.080 0.059 0.023 0.535 0.151
123 123 (3) 4 : 0.250 0.131 0.325 0.017 0.003 0.274
124 124 (12) 4 : 0.402 0.181 0.191 0.051 0.002 0.172
125 125 (13) 4 : 0.116 0.508 0.249 0.013 0.002 0.112
126 126 (0) 4 : 0.157 0.112 0.152 0.464 0.004 0.111
127 127 (3) 4 : 0.102 0.476 0.284 0.026 0.003 0.109
128 128 (0) 4 : 0.139 0.400 0.327 0.016 0.002 0.117
129 129 (0) 4 : 0.193 0.095 0.615 0.009 0.007 0.081
130 130 (9) 4 : 0.096 0.577 0.048 0.005 0.004 0.270
131 131 (9) 4 : 0.114 0.275 0.483 0.010 0.002 0.117
132 132 (12) 4 : 0.288 0.238 0.189 0.021 0.010 0.254
133 133 (0) 5 : 0.026 0.020 0.032 0.895 0.007 0.021
134 134 (0) 5 : 0.088 0.115 0.727 0.012 0.002 0.056
135 135 (0) 5 : 0.037 0.040 0.024 0.865 0.012 0.022
136 136 (0) 6 : 0.190 0.366 0.172 0.011 0.002 0.258
137 137 (0) 6 : 0.090 0.599 0.053 0.003 0.004 0.251
138 138 (9) 6 : 0.264 0.162 0.137 0.005 0.003 0.429
139 139 (0) 6 : 0.261 0.169 0.041 0.005 0.006 0.517
140 140 (0) 6 : 0.102 0.081 0.697 0.009 0.004 0.107
141 141 (0) 6 : 0.232 0.247 0.019 0.014 0.003 0.485
142 142 (0) 6 : 0.246 0.108 0.434 0.014 0.006 0.193
143 143 (0) 6 : 0.286 0.210 0.037 0.022 0.006 0.439
144 144 (11) 6 : 0.371 0.177 0.038 0.021 0.003 0.390
145 145 (0) 6 : 0.407 0.153 0.233 0.042 0.028 0.138
146 146 (0) 6 : 0.322 0.176 0.043 0.074 0.002 0.383
147 147 (0) 6 : 0.270 0.340 0.167 0.029 0.002 0.192
148 148 (4) 6 : 0.328 0.146 0.122 0.022 0.005 0.376
149 149 (0) 6 : 0.290 0.300 0.039 0.021 0.005 0.345
150 150 (0) 6 : 0.470 0.093 0.050 0.067 0.004 0.315
151 151 (0) 6 : 0.045 0.123 0.811 0.007 0.001 0.013
152 152 (0) 6 : 0.151 0.149 0.542 0.059 0.012 0.086
153 153 (4) 6 : 0.039 0.124 0.814 0.005 0.001 0.016
154 154 (5) 6 : 0.124 0.150 0.673 0.010 0.001 0.042
155 155 (0) 6 : 0.170 0.121 0.465 0.007 0.029 0.208
156 156 (5) 6 : 0.248 0.146 0.424 0.012 0.009 0.161
157 157 (0) 6 : 0.354 0.209 0.035 0.011 0.011 0.380
158 158 (0) 6 : 0.310 0.265 0.056 0.017 0.007 0.346
159 159 (10) 6 : 0.343 0.287 0.079 0.023 0.004 0.265
160 160 (0) 6 : 0.200 0.148 0.395 0.012 0.003 0.241
161 161 (0) 6 : 0.094 0.498 0.289 0.004 0.004 0.111
162 162 (0) 6 : 0.230 0.211 0.104 0.014 0.002 0.439
163 163 (5) 6 : 0.318 0.104 0.219 0.031 0.005 0.323
164 164 (0) 6 : 0.346 0.273 0.042 0.104 0.002 0.233
165 165 (0) 6 : 0.178 0.519 0.095 0.014 0.004 0.190
166 166 (0) 6 : 0.166 0.433 0.249 0.042 0.002 0.108
167 167 (10) 6 : 0.218 0.309 0.031 0.016 0.005 0.420
168 168 (0) 6 : 0.216 0.295 0.025 0.014 0.004 0.446
169 169 (0) 6 : 0.084 0.058 0.692 0.004 0.001 0.160
170 170 (0) 6 : 0.227 0.261 0.058 0.011 0.003 0.440
171 171 (0) 6 : 0.267 0.240 0.323 0.012 0.003 0.155
172 172 (0) 6 : 0.027 0.099 0.681 0.004 0.010 0.178
173 173 (0) 6 : 0.023 0.103 0.677 0.008 0.012 0.177
174 174 (0) 6 : 0.247 0.337 0.137 0.016 0.022 0.240
175 175 (0) 6 : 0.102 0.140 0.653 0.011 0.020 0.074
176 176 (0) 6 : 0.270 0.322 0.111 0.037 0.008 0.253
177 177 (0) 6 : 0.275 0.182 0.260 0.029 0.004 0.251
178 178 (2) 6 : 0.235 0.373 0.098 0.013 0.008 0.273
179 179 (0) 6 : 0.219 0.103 0.447 0.051 0.007 0.172
180 180 (0) 6 : 0.253 0.154 0.196 0.015 0.004 0.378
181 181 (0) 6 : 0.323 0.199 0.139 0.016 0.006 0.317
182 182 (0) 6 : 0.358 0.193 0.079 0.030 0.003 0.337
183 183 (7) 6 : 0.349 0.165 0.235 0.010 0.004 0.238
184 184 (0) 6 : 0.310 0.145 0.134 0.018 0.007 0.386
185 185 (10) 6 : 0.322 0.220 0.073 0.087 0.002 0.296
186 186 (0) 6 : 0.118 0.064 0.041 0.671 0.009 0.097
187 187 (8) 6 : 0.288 0.326 0.195 0.009 0.021 0.161
188 188 (0) 6 : 0.305 0.155 0.213 0.008 0.003 0.316
189 189 (7) 6 : 0.410 0.264 0.081 0.013 0.003 0.229
190 190 (0) 6 : 0.077 0.099 0.650 0.005 0.002 0.167
191 191 (0) 6 : 0.123 0.149 0.609 0.013 0.006 0.101
192 192 (0) 6 : 0.276 0.276 0.073 0.042 0.003 0.330
193 193 (0) 6 : 0.295 0.239 0.045 0.008 0.009 0.405
194 194 (2) 6 : 0.158 0.102 0.609 0.021 0.008 0.103
195 195 (0) 6 : 0.112 0.092 0.517 0.027 0.172 0.080
196 196 (0) 6 : 0.290 0.259 0.112 0.082 0.006 0.251
197 197 (3) 6 : 0.266 0.342 0.190 0.020 0.005 0.176
198 198 (0) 6 : 0.286 0.167 0.269 0.019 0.002 0.257
199 199 (0) 6 : 0.195 0.170 0.064 0.006 0.003 0.563
200 200 (0) 6 : 0.257 0.114 0.038 0.335 0.003 0.253
201 201 (0) 6 : 0.230 0.186 0.080 0.012 0.011 0.482
202 202 (0) 6 : 0.268 0.299 0.105 0.048 0.007 0.273
203 203 (0) 6 : 0.247 0.190 0.247 0.041 0.004 0.272
204 204 (13) 6 : 0.178 0.411 0.019 0.020 0.006 0.366
205 205 (0) 6 : 0.154 0.244 0.491 0.014 0.002 0.094
206 206 (12) 6 : 0.399 0.223 0.088 0.078 0.004 0.207
207 207 (0) 6 : 0.205 0.329 0.036 0.026 0.004 0.399
208 208 (0) 6 : 0.220 0.385 0.149 0.006 0.012 0.229
209 209 (8) 6 : 0.194 0.412 0.031 0.006 0.005 0.352
210 210 (0) 6 : 0.159 0.431 0.015 0.017 0.010 0.369
211 211 (0) 6 : 0.218 0.550 0.085 0.008 0.007 0.133
212 212 (0) 6 : 0.220 0.476 0.075 0.033 0.003 0.194
213 213 (0) 6 : 0.297 0.151 0.044 0.016 0.002 0.490
214 214 (0) 6 : 0.243 0.155 0.257 0.014 0.003 0.328
215 215 (14) 6 : 0.297 0.131 0.171 0.012 0.005 0.385
216 216 (0) 6 : 0.313 0.179 0.090 0.147 0.011 0.259
217 217 (0) 6 : 0.332 0.176 0.089 0.010 0.006 0.387
218 218 (0) 6 : 0.232 0.174 0.061 0.010 0.005 0.518
219 219 (14) 6 : 0.267 0.280 0.115 0.011 0.005 0.322
220 220 (0) 6 : 0.291 0.331 0.099 0.061 0.013 0.205
221 221 (7) 6 : 0.227 0.402 0.022 0.014 0.005 0.330
222 222 (0) 6 : 0.471 0.313 0.040 0.012 0.003 0.160
223 223 (0) 6 : 0.263 0.145 0.348 0.033 0.009 0.202
224 224 (0) 6 : 0.066 0.729 0.017 0.007 0.004 0.177
225 225 (5) 6 : 0.069 0.723 0.020 0.008 0.006 0.174
226 226 (0) 6 : 0.288 0.212 0.047 0.077 0.019 0.357
227 227 (0) 2 : 0.031 0.018 0.027 0.907 0.004 0.014
228 228 (0) 2 : 0.006 0.007 0.005 0.973 0.002 0.007
229 229 (0) 2 : 0.018 0.032 0.021 0.902 0.014 0.013
230 230 (0) 2 : 0.046 0.021 0.039 0.843 0.004 0.047
231 231 (0) 2 : 0.035 0.028 0.017 0.886 0.003 0.031
232 232 (0) 2 : 0.006 0.006 0.009 0.972 0.003 0.005
233 233 (0) 2 : 0.118 0.264 0.062 0.478 0.007 0.071
234 234 (0) 2 : 0.003 0.003 0.004 0.984 0.002 0.003
235 235 (0) 2 : 0.072 0.038 0.058 0.774 0.001 0.056
1 1 (0) 1 : 0.339 0.005 0.196 0.334 0.017 0.109
2 2 (1) 1 : 0.327 0.028 0.198 0.327 0.002 0.118
3 3 (0) 1 : 0.361 0.025 0.242 0.236 0.009 0.128
4 4 (13) 2 : 0.014 0.936 0.017 0.015 0.004 0.014
5 5 (0) 2 : 0.005 0.974 0.005 0.005 0.006 0.005
6 6 (13) 2 : 0.015 0.943 0.014 0.014 0.003 0.011
7 7 (0) 2 : 0.012 0.957 0.008 0.012 0.003 0.009
8 8 (0) 2 : 0.017 0.850 0.012 0.009 0.104 0.008
9 9 (10) 2 : 0.013 0.809 0.010 0.021 0.126 0.021
10 10 (9) 2 : 0.020 0.912 0.018 0.019 0.009 0.022
11 11 (0) 2 : 0.023 0.903 0.032 0.021 0.005 0.017
12 12 (0) 2 : 0.042 0.823 0.058 0.037 0.003 0.037
13 13 (0) 2 : 0.291 0.007 0.253 0.288 0.004 0.156
14 14 (0) 2 : 0.076 0.677 0.105 0.091 0.007 0.044
15 15 (0) 2 : 0.020 0.920 0.023 0.016 0.003 0.018
16 16 (0) 2 : 0.008 0.973 0.005 0.005 0.005 0.004
17 17 (0) 2 : 0.064 0.783 0.044 0.060 0.003 0.046
18 18 (0) 2 : 0.007 0.968 0.010 0.007 0.002 0.006
19 19 (0) 2 : 0.012 0.947 0.013 0.014 0.005 0.008
20 20 (0) 2 : 0.012 0.766 0.013 0.019 0.180 0.008
21 21 (0) 2 : 0.017 0.918 0.021 0.026 0.005 0.013
22 22 (0) 2 : 0.021 0.903 0.020 0.019 0.011 0.026
23 23 (0) 2 : 0.222 0.338 0.134 0.204 0.003 0.099
24 24 (0) 2 : 0.007 0.965 0.007 0.006 0.005 0.010
25 25 (0) 2 : 0.026 0.900 0.019 0.024 0.005 0.027
26 26 (0) 2 : 0.033 0.891 0.023 0.021 0.011 0.021
27 27 (0) 2 : 0.019 0.916 0.011 0.014 0.030 0.010
28 28 (0) 2 : 0.104 0.624 0.087 0.106 0.013 0.066
29 29 (9) 2 : 0.036 0.862 0.032 0.040 0.003 0.028
30 30 (0) 2 : 0.221 0.120 0.203 0.264 0.002 0.190
31 31 (0) 2 : 0.032 0.895 0.026 0.031 0.003 0.013
32 32 (0) 2 : 0.019 0.942 0.012 0.012 0.007 0.007
33 33 (0) 2 : 0.179 0.389 0.117 0.170 0.037 0.108
34 34 (0) 2 : 0.029 0.894 0.026 0.017 0.008 0.026
35 35 (0) 2 : 0.021 0.750 0.018 0.022 0.169 0.019
36 36 (0) 2 : 0.007 0.971 0.006 0.008 0.002 0.006
37 37 (0) 2 : 0.025 0.886 0.031 0.022 0.007 0.029
38 38 (0) 2 : 0.200 0.238 0.170 0.223 0.003 0.166
39 39 (0) 2 : 0.008 0.964 0.010 0.010 0.003 0.006
40 40 (0) 2 : 0.011 0.959 0.006 0.011 0.001 0.011
41 41 (0) 2 : 0.018 0.868 0.024 0.026 0.040 0.024
42 42 (0) 2 : 0.048 0.777 0.046 0.059 0.002 0.067
43 43 (0) 2 : 0.010 0.950 0.011 0.020 0.002 0.008
44 44 (5) 2 : 0.011 0.954 0.012 0.011 0.004 0.008
45 45 (0) 2 : 0.013 0.944 0.009 0.011 0.013 0.011
46 46 (0) 2 : 0.027 0.885 0.027 0.026 0.001 0.033
47 47 (0) 2 : 0.015 0.938 0.013 0.014 0.003 0.016
48 48 (0) 2 : 0.008 0.967 0.007 0.009 0.002 0.006
49 49 (0) 2 : 0.265 0.134 0.148 0.248 0.007 0.197
50 50 (0) 2 : 0.023 0.908 0.020 0.030 0.003 0.016
51 51 (0) 2 : 0.020 0.906 0.030 0.020 0.002 0.022
52 52 (0) 2 : 0.028 0.883 0.026 0.030 0.003 0.030
53 53 (0) 2 : 0.049 0.693 0.122 0.068 0.003 0.065
54 54 (0) 2 : 0.007 0.965 0.012 0.007 0.004 0.006
55 55 (4) 2 : 0.228 0.293 0.146 0.184 0.002 0.147
56 56 (0) 2 : 0.176 0.279 0.283 0.153 0.004 0.105
57 57 (1) 2 : 0.130 0.192 0.213 0.139 0.004 0.321
58 58 (0) 2 : 0.032 0.865 0.038 0.030 0.004 0.031
59 59 (0) 2 : 0.007 0.966 0.008 0.008 0.001 0.010
60 60 (0) 2 : 0.012 0.929 0.017 0.012 0.018 0.013
61 61 (0) 2 : 0.108 0.622 0.078 0.099 0.004 0.089
62 62 (0) 2 : 0.006 0.973 0.006 0.006 0.003 0.006
63 63 (0) 2 : 0.019 0.911 0.030 0.017 0.006 0.017
64 64 (0) 2 : 0.024 0.919 0.014 0.025 0.003 0.015
65 65 (0) 2 : 0.178 0.336 0.124 0.193 0.008 0.160
66 66 (0) 2 : 0.013 0.937 0.013 0.013 0.011 0.013
67 67 (0) 2 : 0.029 0.899 0.021 0.025 0.006 0.019
68 68 (0) 2 : 0.018 0.946 0.011 0.014 0.003 0.008
69 69 (0) 2 : 0.026 0.868 0.036 0.035 0.013 0.022
70 70 (1) 2 : 0.007 0.967 0.008 0.007 0.004 0.006
71 71 (0) 3 : 0.263 0.036 0.179 0.361 0.012 0.149
72 72 (0) 3 : 0.252 0.005 0.189 0.326 0.004 0.224
73 73 (0) 3 : 0.308 0.006 0.220 0.317 0.004 0.145
74 74 (0) 3 : 0.336 0.035 0.245 0.317 0.003 0.064
75 75 (0) 3 : 0.304 0.028 0.167 0.347 0.006 0.148
76 76 (0) 3 : 0.250 0.010 0.201 0.253 0.048 0.239
77 77 (0) 3 : 0.161 0.009 0.222 0.152 0.004 0.452
78 78 (0) 3 : 0.149 0.024 0.217 0.149 0.004 0.458
79 79 (0) 3 : 0.318 0.032 0.165 0.277 0.007 0.200
80 80 (8) 3 : 0.198 0.006 0.241 0.160 0.010 0.384
81 81 (0) 3 : 0.248 0.018 0.252 0.253 0.001 0.228
82 82 (0) 3 : 0.208 0.345 0.157 0.200 0.011 0.079
83 83 (0) 3 : 0.299 0.051 0.196 0.255 0.002 0.197
84 84 (0) 3 : 0.312 0.009 0.222 0.299 0.002 0.156
85 85 (0) 3 : 0.160 0.089 0.173 0.157 0.003 0.417
86 86 (0) 3 : 0.223 0.018 0.132 0.236 0.042 0.348
87 87 (0) 3 : 0.143 0.005 0.369 0.087 0.052 0.346
88 88 (0) 3 : 0.245 0.041 0.152 0.274 0.006 0.281
89 89 (0) 3 : 0.291 0.029 0.204 0.313 0.014 0.148
90 90 (0) 3 : 0.201 0.007 0.261 0.164 0.015 0.351
91 91 (0) 3 : 0.183 0.029 0.365 0.223 0.001 0.198
92 92 (0) 3 : 0.240 0.025 0.206 0.247 0.007 0.276
93 93 (0) 3 : 0.246 0.116 0.209 0.238 0.021 0.170
94 94 (0) 3 : 0.183 0.050 0.313 0.167 0.007 0.281
95 95 (0) 3 : 0.255 0.021 0.271 0.245 0.005 0.204
96 96 (0) 3 : 0.176 0.011 0.192 0.230 0.003 0.388
97 97 (0) 3 : 0.209 0.003 0.321 0.270 0.009 0.187
98 98 (0) 3 : 0.275 0.149 0.173 0.258 0.016 0.130
99 99 (0) 3 : 0.319 0.047 0.215 0.261 0.009 0.150
100 100 (0) 3 : 0.186 0.008 0.380 0.147 0.007 0.273
101 101 (0) 3 : 0.329 0.014 0.180 0.263 0.002 0.211
102 102 (0) 3 : 0.265 0.021 0.205 0.262 0.010 0.237
103 103 (0) 3 : 0.244 0.016 0.167 0.255 0.005 0.314
104 104 (0) 3 : 0.239 0.026 0.232 0.205 0.005 0.294
105 105 (0) 3 : 0.270 0.011 0.194 0.270 0.002 0.253
106 106 (0) 3 : 0.281 0.014 0.153 0.232 0.007 0.314
107 107 (0) 3 : 0.321 0.033 0.229 0.294 0.008 0.116
108 108 (0) 3 : 0.254 0.005 0.173 0.248 0.002 0.318
109 109 (0) 3 : 0.185 0.271 0.193 0.175 0.051 0.126
110 110 (0) 3 : 0.378 0.014 0.168 0.314 0.003 0.122
111 111 (0) 3 : 0.248 0.023 0.186 0.279 0.008 0.256
112 112 (0) 3 : 0.237 0.077 0.141 0.242 0.003 0.300
113 113 (0) 3 : 0.205 0.017 0.176 0.217 0.002 0.384
114 114 (0) 3 : 0.340 0.009 0.211 0.283 0.004 0.153
115 115 (0) 3 : 0.280 0.053 0.177 0.313 0.010 0.168
116 116 (0) 3 : 0.264 0.012 0.183 0.227 0.006 0.308
117 117 (0) 3 : 0.001 0.001 0.001 0.001 0.995 0.001
118 118 (0) 3 : 0.276 0.009 0.250 0.281 0.007 0.176
119 119 (0) 3 : 0.254 0.019 0.224 0.214 0.008 0.281
120 120 (7) 4 : 0.001 0.001 0.001 0.001 0.993 0.001
121 121 (12) 4 : 0.271 0.012 0.169 0.252 0.008 0.288
122 122 (12) 4 : 0.105 0.025 0.075 0.141 0.532 0.121
123 123 (3) 4 : 0.212 0.017 0.153 0.254 0.003 0.362
124 124 (12) 4 : 0.260 0.052 0.195 0.293 0.002 0.198
125 125 (13) 4 : 0.241 0.014 0.176 0.246 0.002 0.321
126 126 (0) 4 : 0.146 0.513 0.076 0.120 0.004 0.141
127 127 (3) 4 : 0.213 0.029 0.163 0.231 0.002 0.362
128 128 (0) 4 : 0.152 0.013 0.400 0.129 0.002 0.304
129 129 (0) 4 : 0.205 0.009 0.161 0.200 0.007 0.419
130 130 (9) 4 : 0.271 0.004 0.257 0.294 0.004 0.169
131 131 (9) 4 : 0.164 0.009 0.200 0.195 0.002 0.429
132 132 (12) 4 : 0.286 0.017 0.174 0.303 0.008 0.212
133 133 (0) 5 : 0.017 0.903 0.022 0.028 0.008 0.022
134 134 (0) 5 : 0.134 0.013 0.309 0.117 0.002 0.425
135 135 (0) 5 : 0.039 0.836 0.035 0.038 0.014 0.038
136 136 (0) 6 : 0.176 0.009 0.364 0.197 0.003 0.251
137 137 (0) 6 : 0.287 0.004 0.266 0.270 0.004 0.170
138 138 (9) 6 : 0.289 0.006 0.228 0.264 0.004 0.208
139 139 (0) 6 : 0.304 0.005 0.183 0.349 0.005 0.154
140 140 (0) 6 : 0.185 0.008 0.215 0.202 0.004 0.386
141 141 (0) 6 : 0.321 0.013 0.221 0.313 0.003 0.129
142 142 (0) 6 : 0.276 0.016 0.192 0.261 0.006 0.249
143 143 (0) 6 : 0.295 0.019 0.207 0.338 0.005 0.137
144 144 (11) 6 : 0.305 0.020 0.236 0.298 0.003 0.139
145 145 (0) 6 : 0.284 0.035 0.215 0.256 0.026 0.184
146 146 (0) 6 : 0.298 0.069 0.251 0.245 0.002 0.136
147 147 (0) 6 : 0.302 0.026 0.228 0.243 0.001 0.199
148 148 (4) 6 : 0.262 0.022 0.194 0.362 0.005 0.155
149 149 (0) 6 : 0.303 0.016 0.196 0.323 0.005 0.157
150 150 (0) 6 : 0.313 0.045 0.213 0.318 0.004 0.106
151 151 (0) 6 : 0.122 0.006 0.188 0.192 0.001 0.490
152 152 (0) 6 : 0.215 0.058 0.174 0.235 0.010 0.308
153 153 (4) 6 : 0.115 0.006 0.201 0.184 0.001 0.494
154 154 (5) 6 : 0.161 0.010 0.208 0.211 0.002 0.410
155 155 (0) 6 : 0.245 0.009 0.176 0.244 0.023 0.303
156 156 (5) 6 : 0.277 0.008 0.186 0.288 0.008 0.234
157 157 (0) 6 : 0.288 0.008 0.229 0.283 0.010 0.182
158 158 (0) 6 : 0.272 0.020 0.176 0.326 0.006 0.200
159 159 (10) 6 : 0.296 0.015 0.202 0.300 0.004 0.184
160 160 (0) 6 : 0.248 0.011 0.192 0.275 0.003 0.271
161 161 (0) 6 : 0.121 0.004 0.382 0.132 0.003 0.357
162 162 (0) 6 : 0.185 0.018 0.308 0.150 0.001 0.339
163 163 (5) 6 : 0.286 0.033 0.172 0.309 0.006 0.194
164 164 (0) 6 : 0.200 0.090 0.375 0.215 0.001 0.118
165 165 (0) 6 : 0.298 0.015 0.247 0.274 0.003 0.163
166 166 (0) 6 : 0.200 0.026 0.361 0.172 0.002 0.238
167 167 (10) 6 : 0.204 0.019 0.360 0.195 0.004 0.219
168 168 (0) 6 : 0.208 0.015 0.377 0.178 0.003 0.219
169 169 (0) 6 : 0.183 0.004 0.248 0.187 0.002 0.376
170 170 (0) 6 : 0.296 0.011 0.176 0.327 0.003 0.186
171 171 (0) 6 : 0.181 0.016 0.384 0.163 0.003 0.253
172 172 (0) 6 : 0.066 0.008 0.401 0.084 0.010 0.431
173 173 (0) 6 : 0.068 0.008 0.413 0.079 0.010 0.421
174 174 (0) 6 : 0.171 0.012 0.352 0.153 0.020 0.293
175 175 (0) 6 : 0.221 0.009 0.188 0.197 0.021 0.365
176 176 (0) 6 : 0.286 0.028 0.242 0.248 0.007 0.188
177 177 (0) 6 : 0.240 0.025 0.255 0.195 0.003 0.281
178 178 (2) 6 : 0.186 0.012 0.411 0.200 0.007 0.185
179 179 (0) 6 : 0.242 0.044 0.144 0.240 0.008 0.322
180 180 (0) 6 : 0.275 0.011 0.207 0.263 0.003 0.240
181 181 (0) 6 : 0.272 0.010 0.242 0.290 0.006 0.180
182 182 (0) 6 : 0.350 0.032 0.193 0.280 0.002 0.144
183 183 (7) 6 : 0.294 0.011 0.200 0.287 0.004 0.205
184 184 (0) 6 : 0.269 0.017 0.195 0.327 0.005 0.186
185 185 (10) 6 : 0.233 0.069 0.257 0.238 0.001 0.201
186 186 (0) 6 : 0.074 0.673 0.074 0.107 0.009 0.063
187 187 (8) 6 : 0.340 0.010 0.197 0.267 0.016 0.170
188 188 (0) 6 : 0.300 0.007 0.211 0.303 0.003 0.178
189 189 (7) 6 : 0.308 0.017 0.264 0.246 0.002 0.163
190 190 (0) 6 : 0.186 0.005 0.161 0.192 0.003 0.453
191 191 (0) 6 : 0.173 0.014 0.246 0.177 0.005 0.386
192 192 (0) 6 : 0.261 0.040 0.227 0.295 0.003 0.174
193 193 (0) 6 : 0.321 0.007 0.222 0.327 0.006 0.118
194 194 (2) 6 : 0.203 0.019 0.217 0.228 0.006 0.327
195 195 (0) 6 : 0.122 0.028 0.260 0.113 0.163 0.313
196 196 (0) 6 : 0.184 0.094 0.263 0.185 0.005 0.269
197 197 (3) 6 : 0.293 0.019 0.185 0.274 0.007 0.224
198 198 (0) 6 : 0.252 0.015 0.217 0.319 0.002 0.194
199 199 (0) 6 : 0.273 0.005 0.273 0.261 0.002 0.186
200 200 (0) 6 : 0.202 0.386 0.122 0.191 0.003 0.097
201 201 (0) 6 : 0.268 0.011 0.199 0.340 0.009 0.173
202 202 (0) 6 : 0.273 0.056 0.154 0.319 0.007 0.191
203 203 (0) 6 : 0.224 0.046 0.172 0.304 0.004 0.249
204 204 (13) 6 : 0.233 0.024 0.158 0.395 0.007 0.183
205 205 (0) 6 : 0.145 0.015 0.348 0.169 0.002 0.323
206 206 (12) 6 : 0.310 0.066 0.256 0.250 0.005 0.113
207 207 (0) 6 : 0.198 0.024 0.337 0.198 0.004 0.238
208 208 (0) 6 : 0.229 0.006 0.364 0.195 0.009 0.197
209 209 (8) 6 : 0.288 0.009 0.166 0.323 0.004 0.211
210 210 (0) 6 : 0.260 0.014 0.147 0.370 0.010 0.199
211 211 (0) 6 : 0.192 0.008 0.431 0.172 0.008 0.190
212 212 (0) 6 : 0.262 0.030 0.211 0.244 0.002 0.251
213 213 (0) 6 : 0.281 0.020 0.191 0.351 0.002 0.156
214 214 (0) 6 : 0.238 0.017 0.194 0.253 0.004 0.295
215 215 (14) 6 : 0.275 0.010 0.167 0.312 0.005 0.231
216 216 (0) 6 : 0.267 0.124 0.241 0.250 0.011 0.107
217 217 (0) 6 : 0.302 0.008 0.233 0.263 0.006 0.188
218 218 (0) 6 : 0.296 0.006 0.235 0.304 0.005 0.154
219 219 (14) 6 : 0.294 0.010 0.192 0.335 0.005 0.165
220 220 (0) 6 : 0.214 0.062 0.343 0.213 0.016 0.152
221 221 (7) 6 : 0.270 0.018 0.188 0.343 0.004 0.177
222 222 (0) 6 : 0.272 0.008 0.380 0.257 0.004 0.079
223 223 (0) 6 : 0.258 0.024 0.157 0.240 0.010 0.311
224 224 (0) 6 : 0.132 0.006 0.475 0.137 0.004 0.246
225 225 (5) 6 : 0.115 0.008 0.493 0.140 0.005 0.239
226 226 (0) 6 : 0.236 0.092 0.270 0.204 0.022 0.176
227 227 (0) 2 : 0.017 0.924 0.017 0.020 0.003 0.020
228 228 (0) 2 : 0.004 0.972 0.007 0.008 0.002 0.008
229 229 (0) 2 : 0.015 0.915 0.016 0.025 0.015 0.015
230 230 (0) 2 : 0.045 0.860 0.040 0.028 0.003 0.024
231 231 (0) 2 : 0.034 0.885 0.029 0.030 0.003 0.019
232 232 (0) 2 : 0.007 0.974 0.007 0.004 0.003 0.005
233 233 (0) 2 : 0.118 0.445 0.203 0.097 0.007 0.130
234 234 (0) 2 : 0.004 0.985 0.003 0.004 0.002 0.003
235 235 (0) 2 : 0.058 0.775 0.049 0.059 0.001 0.057
1 1 (0) 1 : 0.151 0.023 0.003 0.143 0.412 0.268
2 2 (1) 1 : 0.151 0.003 0.032 0.138 0.401 0.276
3 3 (0) 1 : 0.202 0.008 0.027 0.119 0.332 0.312
4 4 (13) 2 : 0.008 0.005 0.951 0.012 0.013 0.011
5 5 (0) 2 : 0.006 0.005 0.974 0.005 0.007 0.004
6 6 (13) 2 : 0.021 0.002 0.934 0.016 0.011 0.016
7 7 (0) 2 : 0.012 0.003 0.947 0.012 0.012 0.013
8 8 (0) 2 : 0.011 0.107 0.847 0.015 0.010 0.010
9 9 (10) 2 : 0.020 0.131 0.808 0.010 0.011 0.019
10 10 (9) 2 : 0.023 0.011 0.892 0.021 0.027 0.025
11 11 (0) 2 : 0.022 0.005 0.889 0.021 0.037 0.026
12 12 (0) 2 : 0.045 0.002 0.781 0.040 0.071 0.061
13 13 (0) 2 : 0.250 0.006 0.008 0.170 0.276 0.290
14 14 (0) 2 : 0.087 0.008 0.655 0.052 0.087 0.110
15 15 (0) 2 : 0.021 0.004 0.913 0.012 0.023 0.026
16 16 (0) 2 : 0.006 0.005 0.972 0.005 0.006 0.007
17 17 (0) 2 : 0.045 0.002 0.762 0.061 0.069 0.062
18 18 (0) 2 : 0.010 0.003 0.963 0.009 0.007 0.008
19 19 (0) 2 : 0.015 0.004 0.946 0.012 0.012 0.011
20 20 (0) 2 : 0.011 0.182 0.747 0.021 0.015 0.024
21 21 (0) 2 : 0.018 0.004 0.925 0.016 0.016 0.021
22 22 (0) 2 : 0.024 0.012 0.881 0.031 0.023 0.029
23 23 (0) 2 : 0.154 0.004 0.355 0.075 0.190 0.222
24 24 (0) 2 : 0.009 0.004 0.960 0.011 0.008 0.008
25 25 (0) 2 : 0.026 0.006 0.905 0.020 0.026 0.017
26 26 (0) 2 : 0.035 0.009 0.900 0.018 0.017 0.020
27 27 (0) 2 : 0.015 0.028 0.908 0.011 0.018 0.020
28 28 (0) 2 : 0.075 0.014 0.605 0.070 0.135 0.101
29 29 (9) 2 : 0.043 0.003 0.833 0.033 0.053 0.035
30 30 (0) 2 : 0.173 0.002 0.136 0.184 0.263 0.243
31 31 (0) 2 : 0.030 0.003 0.870 0.016 0.040 0.041
32 32 (0) 2 : 0.008 0.006 0.953 0.008 0.011 0.013
33 33 (0) 2 : 0.115 0.032 0.400 0.071 0.186 0.196
34 34 (0) 2 : 0.017 0.011 0.903 0.028 0.025 0.016
35 35 (0) 2 : 0.014 0.181 0.758 0.014 0.014 0.019
36 36 (0) 2 : 0.005 0.004 0.973 0.005 0.007 0.006
37 37 (0) 2 : 0.021 0.008 0.885 0.037 0.024 0.025
38 38 (0) 2 : 0.131 0.003 0.258 0.267 0.172 0.169
39 39 (0) 2 : 0.009 0.003 0.958 0.010 0.010 0.010
40 40 (0) 2 : 0.007 0.002 0.959 0.011 0.009 0.011
41 41 (0) 2 : 0.018 0.043 0.885 0.021 0.017 0.016
42 42 (0) 2 : 0.048 0.002 0.782 0.042 0.073 0.052
43 43 (0) 2 : 0.010 0.002 0.950 0.012 0.014 0.013
44 44 (5) 2 : 0.010 0.004 0.947 0.018 0.008 0.013
45 45 (0) 2 : 0.011 0.014 0.946 0.009 0.010 0.010
46 46 (0) 2 : 0.033 0.002 0.872 0.032 0.037 0.024
47 47 (0) 2 : 0.013 0.002 0.950 0.015 0.013 0.008
48 48 (0) 2 : 0.009 0.002 0.963 0.008 0.012 0.007
49 49 (0) 2 : 0.191 0.009 0.128 0.164 0.242 0.266
50 50 (0) 2 : 0.022 0.002 0.905 0.022 0.026 0.024
51 51 (0) 2 : 0.029 0.002 0.897 0.028 0.023 0.020
52 52 (0) 2 : 0.018 0.004 0.893 0.019 0.033 0.033
53 53 (0) 2 : 0.082 0.004 0.708 0.051 0.074 0.081
54 54 (0) 2 : 0.007 0.004 0.966 0.005 0.011 0.006
55 55 (4) 2 : 0.141 0.002 0.301 0.130 0.225 0.201
56 56 (0) 2 : 0.237 0.004 0.291 0.110 0.185 0.172
57 57 (1) 2 : 0.202 0.005 0.160 0.343 0.131 0.159
58 58 (0) 2 : 0.027 0.004 0.864 0.033 0.040 0.032
59 59 (0) 2 : 0.011 0.002 0.953 0.008 0.013 0.014
60 60 (0) 2 : 0.011 0.022 0.923 0.015 0.015 0.015
61 61 (0) 2 : 0.112 0.005 0.593 0.120 0.085 0.085
62 62 (0) 2 : 0.005 0.003 0.971 0.007 0.006 0.007
63 63 (0) 2 : 0.018 0.006 0.901 0.024 0.028 0.022
64 64 (0) 2 : 0.016 0.004 0.920 0.021 0.022 0.017
65 65 (0) 2 : 0.201 0.008 0.320 0.094 0.179 0.198
66 66 (0) 2 : 0.010 0.015 0.938 0.011 0.014 0.011
67 67 (0) 2 : 0.021 0.007 0.908 0.018 0.019 0.028
68 68 (0) 2 : 0.011 0.003 0.946 0.013 0.012 0.015
69 69 (0) 2 : 0.029 0.013 0.878 0.024 0.027 0.029
70 70 (1) 2 : 0.008 0.003 0.967 0.009 0.005 0.009
71 71 (0) 3 : 0.161 0.011 0.025 0.091 0.416 0.295
72 72 (0) 3 : 0.224 0.004 0.004 0.178 0.232 0.359
73 73 (0) 3 : 0.158 0.004 0.007 0.262 0.267 0.302
74 74 (0) 3 : 0.152 0.004 0.033 0.124 0.453 0.234
75 75 (0) 3 : 0.184 0.006 0.026 0.167 0.301 0.316
76 76 (0) 3 : 0.221 0.045 0.013 0.279 0.232 0.209
77 77 (0) 3 : 0.278 0.006 0.008 0.458 0.121 0.130
78 78 (0) 3 : 0.280 0.003 0.021 0.527 0.065 0.103
79 79 (0) 3 : 0.222 0.012 0.040 0.298 0.223 0.205
80 80 (8) 3 : 0.249 0.009 0.005 0.449 0.138 0.148
81 81 (0) 3 : 0.225 0.002 0.018 0.242 0.242 0.272
82 82 (0) 3 : 0.129 0.012 0.354 0.091 0.212 0.201
83 83 (0) 3 : 0.204 0.002 0.074 0.256 0.215 0.248
84 84 (0) 3 : 0.227 0.003 0.011 0.131 0.320 0.307
85 85 (0) 3 : 0.255 0.003 0.074 0.467 0.113 0.088
86 86 (0) 3 : 0.300 0.043 0.017 0.268 0.194 0.177
87 87 (0) 3 : 0.279 0.056 0.006 0.354 0.155 0.150
88 88 (0) 3 : 0.258 0.006 0.045 0.255 0.215 0.220
89 89 (0) 3 : 0.199 0.017 0.030 0.120 0.317 0.317
90 90 (0) 3 : 0.204 0.015 0.007 0.454 0.163 0.157
91 91 (0) 3 : 0.251 0.002 0.035 0.177 0.261 0.275
92 92 (0) 3 : 0.161 0.006 0.029 0.280 0.264 0.261
93 93 (0) 3 : 0.189 0.017 0.130 0.205 0.246 0.213
94 94 (0) 3 : 0.240 0.007 0.046 0.365 0.192 0.151
95 95 (0) 3 : 0.293 0.005 0.018 0.186 0.202 0.296
96 96 (0) 3 : 0.311 0.003 0.014 0.375 0.163 0.134
97 97 (0) 3 : 0.223 0.010 0.005 0.229 0.253 0.280
98 98 (0) 3 : 0.110 0.014 0.182 0.176 0.239 0.279
99 99 (0) 3 : 0.215 0.009 0.030 0.136 0.301 0.309
100 100 (0) 3 : 0.314 0.007 0.009 0.201 0.214 0.255
101 101 (0) 3 : 0.210 0.002 0.015 0.253 0.251 0.268
102 102 (0) 3 : 0.154 0.009 0.027 0.259 0.292 0.258
103 103 (0) 3 : 0.231 0.006 0.020 0.351 0.177 0.216
104 104 (0) 3 : 0.284 0.005 0.026 0.277 0.212 0.196
105 105 (0) 3 : 0.233 0.002 0.014 0.260 0.218 0.273
106 106 (0) 3 : 0.254 0.008 0.023 0.355 0.180 0.179
107 107 (0) 3 : 0.179 0.008 0.033 0.100 0.390 0.290
108 108 (0) 3 : 0.361 0.002 0.007 0.240 0.211 0.179
109 109 (0) 3 : 0.151 0.064 0.308 0.113 0.177 0.187
110 110 (0) 3 : 0.148 0.004 0.020 0.116 0.341 0.370
111 111 (0) 3 : 0.338 0.009 0.018 0.306 0.147 0.181
112 112 (0) 3 : 0.254 0.003 0.094 0.288 0.193 0.169
113 113 (0) 3 : 0.286 0.002 0.016 0.471 0.127 0.099
114 114 (0) 3 : 0.185 0.005 0.012 0.127 0.360 0.312
115 115 (0) 3 : 0.200 0.011 0.048 0.167 0.276 0.299
116 116 (0) 3 : 0.244 0.006 0.009 0.404 0.156 0.181
117 117 (0) 3 : 0.001 0.994 0.001 0.001 0.001 0.001
118 118 (0) 3 : 0.177 0.008 0.009 0.322 0.234 0.249
119 119 (0) 3 : 0.203 0.011 0.024 0.291 0.254 0.216
120 120 (7) 4 : 0.001 0.993 0.002 0.001 0.002 0.002
121 121 (12) 4 : 0.322 0.009 0.014 0.304 0.191 0.161
122 122 (12) 4 : 0.103 0.532 0.024 0.169 0.054 0.118
123 123 (3) 4 : 0.216 0.003 0.019 0.338 0.182 0.242
124 124 (12) 4 : 0.197 0.002 0.053 0.203 0.284 0.260
125 125 (13) 4 : 0.236 0.002 0.015 0.199 0.203 0.345
126 126 (0) 4 : 0.111 0.004 0.492 0.121 0.131 0.142
127 127 (3) 4 : 0.234 0.003 0.029 0.213 0.204 0.317
128 128 (0) 4 : 0.243 0.003 0.016 0.245 0.246 0.246
129 129 (0) 4 : 0.277 0.005 0.009 0.484 0.108 0.117
130 130 (9) 4 : 0.242 0.004 0.004 0.134 0.298 0.319
131 131 (9) 4 : 0.293 0.002 0.006 0.349 0.161 0.189
132 132 (12) 4 : 0.199 0.008 0.017 0.156 0.313 0.307
133 133 (0) 5 : 0.016 0.008 0.910 0.019 0.028 0.019
134 134 (0) 5 : 0.278 0.002 0.012 0.428 0.131 0.150
135 135 (0) 5 : 0.035 0.017 0.825 0.027 0.047 0.049
136 136 (0) 6 : 0.346 0.003 0.009 0.191 0.192 0.259
137 137 (0) 6 : 0.257 0.005 0.004 0.154 0.295 0.285
138 138 (9) 6 : 0.218 0.004 0.006 0.283 0.248 0.241
139 139 (0) 6 : 0.273 0.004 0.005 0.139 0.280 0.298
140 140 (0) 6 : 0.312 0.004 0.010 0.443 0.128 0.104
141 141 (0) 6 : 0.212 0.004 0.011 0.044 0.306 0.423
142 142 (0) 6 : 0.177 0.008 0.014 0.339 0.243 0.220
143 143 (0) 6 : 0.252 0.006 0.024 0.130 0.241 0.347
144 144 (11) 6 : 0.184 0.002 0.022 0.150 0.272 0.370
145 145 (0) 6 : 0.231 0.025 0.034 0.208 0.204 0.297
146 146 (0) 6 : 0.199 0.003 0.055 0.137 0.227 0.380
147 147 (0) 6 : 0.257 0.002 0.031 0.176 0.266 0.268
148 148 (4) 6 : 0.175 0.005 0.024 0.210 0.280 0.306
149 149 (0) 6 : 0.250 0.004 0.011 0.116 0.332 0.286
150 150 (0) 6 : 0.152 0.005 0.070 0.181 0.301 0.291
151 151 (0) 6 : 0.276 0.001 0.006 0.589 0.093 0.035
152 152 (0) 6 : 0.257 0.014 0.072 0.335 0.176 0.146
153 153 (4) 6 : 0.279 0.001 0.003 0.600 0.087 0.030
154 154 (5) 6 : 0.266 0.002 0.012 0.469 0.165 0.085
155 155 (0) 6 : 0.277 0.034 0.008 0.295 0.197 0.189
156 156 (5) 6 : 0.210 0.010 0.010 0.278 0.277 0.216
157 157 (0) 6 : 0.203 0.009 0.008 0.194 0.273 0.313
158 158 (0) 6 : 0.203 0.009 0.021 0.130 0.297 0.340
159 159 (10) 6 : 0.204 0.004 0.017 0.135 0.308 0.333
160 160 (0) 6 : 0.271 0.002 0.009 0.258 0.232 0.228
161 161 (0) 6 : 0.426 0.004 0.005 0.224 0.134 0.207
162 162 (0) 6 : 0.317 0.002 0.012 0.306 0.135 0.228
163 163 (5) 6 : 0.238 0.006 0.031 0.300 0.216 0.209
164 164 (0) 6 : 0.254 0.001 0.084 0.118 0.299 0.245
165 165 (0) 6 : 0.278 0.004 0.020 0.122 0.295 0.282
166 166 (0) 6 : 0.249 0.003 0.031 0.138 0.282 0.298
167 167 (10) 6 : 0.319 0.004 0.018 0.223 0.208 0.228
168 168 (0) 6 : 0.334 0.003 0.018 0.235 0.189 0.220
169 169 (0) 6 : 0.282 0.002 0.005 0.474 0.133 0.104
170 170 (0) 6 : 0.198 0.003 0.011 0.107 0.319 0.361
171 171 (0) 6 : 0.293 0.004 0.020 0.244 0.249 0.191
172 172 (0) 6 : 0.269 0.008 0.007 0.565 0.087 0.063
173 173 (0) 6 : 0.265 0.008 0.009 0.562 0.093 0.062
174 174 (0) 6 : 0.333 0.021 0.014 0.239 0.185 0.209
175 175 (0) 6 : 0.221 0.020 0.010 0.358 0.190 0.200
176 176 (0) 6 : 0.217 0.008 0.033 0.166 0.319 0.257
177 177 (0) 6 : 0.325 0.003 0.024 0.264 0.184 0.200
178 178 (2) 6 : 0.285 0.006 0.012 0.151 0.258 0.287
179 179 (0) 6 : 0.265 0.007 0.043 0.382 0.171 0.133
180 180 (0) 6 : 0.232 0.004 0.011 0.279 0.225 0.249
181 181 (0) 6 : 0.272 0.007 0.015 0.182 0.248 0.276
182 182 (0) 6 : 0.195 0.002 0.031 0.204 0.288 0.279
183 183 (7) 6 : 0.213 0.004 0.012 0.218 0.219 0.334
184 184 (0) 6 : 0.208 0.005 0.013 0.230 0.239 0.305
185 185 (10) 6 : 0.274 0.002 0.085 0.222 0.216 0.202
186 186 (0) 6 : 0.056 0.012 0.631 0.109 0.109 0.083
187 187 (8) 6 : 0.254 0.020 0.015 0.146 0.295 0.270
188 188 (0) 6 : 0.285 0.003 0.007 0.173 0.260 0.273
189 189 (7) 6 : 0.267 0.003 0.019 0.146 0.246 0.319
190 190 (0) 6 : 0.295 0.002 0.005 0.517 0.064 0.116
191 191 (0) 6 : 0.323 0.006 0.015 0.385 0.127 0.144
192 192 (0) 6 : 0.239 0.003 0.041 0.136 0.240 0.340
193 193 (0) 6 : 0.180 0.006 0.008 0.130 0.333 0.342
194 194 (2) 6 : 0.249 0.008 0.024 0.411 0.178 0.130
195 195 (0) 6 : 0.182 0.166 0.045 0.379 0.137 0.091
196 196 (0) 6 : 0.268 0.007 0.096 0.243 0.193 0.193
197 197 (3) 6 : 0.344 0.008 0.030 0.124 0.202 0.293
198 198 (0) 6 : 0.236 0.002 0.021 0.220 0.249 0.272
199 199 (0) 6 : 0.242 0.003 0.006 0.241 0.217 0.291
200 200 (0) 6 : 0.125 0.003 0.339 0.098 0.244 0.192
201 201 (0) 6 : 0.191 0.010 0.011 0.196 0.267 0.326
202 202 (0) 6 : 0.208 0.007 0.063 0.137 0.316 0.269
203 203 (0) 6 : 0.259 0.003 0.036 0.253 0.221 0.228
204 204 (13) 6 : 0.095 0.007 0.025 0.053 0.356 0.463
205 205 (0) 6 : 0.247 0.002 0.019 0.267 0.197 0.268
206 206 (12) 6 : 0.170 0.005 0.072 0.097 0.342 0.314
207 207 (0) 6 : 0.334 0.006 0.029 0.185 0.212 0.234
208 208 (0) 6 : 0.340 0.008 0.007 0.133 0.279 0.233
209 209 (8) 6 : 0.111 0.005 0.008 0.055 0.358 0.464
210 210 (0) 6 : 0.101 0.011 0.014 0.044 0.351 0.478
211 211 (0) 6 : 0.277 0.008 0.006 0.141 0.248 0.320
212 212 (0) 6 : 0.238 0.002 0.038 0.116 0.337 0.269
213 213 (0) 6 : 0.161 0.002 0.023 0.181 0.277 0.355
214 214 (0) 6 : 0.246 0.004 0.016 0.259 0.238 0.238
215 215 (14) 6 : 0.249 0.006 0.012 0.247 0.239 0.247
216 216 (0) 6 : 0.162 0.012 0.114 0.165 0.291 0.255
217 217 (0) 6 : 0.192 0.007 0.010 0.220 0.284 0.287
218 218 (0) 6 : 0.231 0.006 0.005 0.160 0.266 0.331
219 219 (14) 6 : 0.214 0.004 0.012 0.129 0.338 0.304
220 220 (0) 6 : 0.159 0.015 0.057 0.143 0.339 0.286
221 221 (7) 6 : 0.089 0.006 0.018 0.059 0.387 0.441
222 222 (0) 6 : 0.236 0.004 0.010 0.105 0.421 0.225
223 223 (0) 6 : 0.271 0.009 0.029 0.302 0.172 0.217
224 224 (0) 6 : 0.368 0.005 0.008 0.120 0.304 0.195
225 225 (5) 6 : 0.374 0.006 0.010 0.124 0.316 0.171
226 226 (0) 6 : 0.186 0.018 0.090 0.224 0.256 0.225
227 227 (0) 2 : 0.013 0.004 0.915 0.024 0.024 0.021
228 228 (0) 2 : 0.006 0.002 0.969 0.008 0.007 0.008
229 229 (0) 2 : 0.018 0.015 0.906 0.021 0.016 0.024
230 230 (0) 2 : 0.033 0.004 0.865 0.035 0.033 0.030
231 231 (0) 2 : 0.026 0.003 0.881 0.018 0.036 0.036
232 232 (0) 2 : 0.010 0.004 0.971 0.006 0.005 0.006
233 233 (0) 2 : 0.179 0.007 0.443 0.091 0.131 0.150
234 234 (0) 2 : 0.003 0.002 0.987 0.003 0.003 0.002
235 235 (0) 2 : 0.050 0.002 0.782 0.049 0.063 0.054
1 1 (0) 1 : 0.179 0.172 0.005 0.019 0.178 0.448
2 2 (1) 1 : 0.289 0.228 0.025 0.002 0.108 0.348
3 3 (0) 1 : 0.270 0.263 0.026 0.007 0.129 0.305
4 4 (13) 2 : 0.009 0.017 0.944 0.004 0.014 0.013
5 5 (0) 2 : 0.004 0.005 0.977 0.005 0.005 0.004
6 6 (13) 2 : 0.011 0.017 0.942 0.002 0.013 0.015
7 7 (0) 2 : 0.012 0.010 0.951 0.003 0.010 0.014
8 8 (0) 2 : 0.010 0.015 0.860 0.094 0.011 0.010
9 9 (10) 2 : 0.013 0.025 0.806 0.120 0.018 0.018
10 10 (9) 2 : 0.024 0.022 0.896 0.010 0.018 0.030
11 11 (0) 2 : 0.031 0.026 0.882 0.006 0.021 0.033
12 12 (0) 2 : 0.041 0.056 0.800 0.002 0.041 0.059
13 13 (0) 2 : 0.251 0.265 0.008 0.004 0.185 0.286
14 14 (0) 2 : 0.099 0.103 0.654 0.011 0.052 0.081
15 15 (0) 2 : 0.019 0.028 0.915 0.005 0.012 0.021
16 16 (0) 2 : 0.008 0.005 0.970 0.005 0.007 0.005
17 17 (0) 2 : 0.057 0.051 0.777 0.002 0.036 0.077
18 18 (0) 2 : 0.012 0.010 0.964 0.003 0.005 0.007
19 19 (0) 2 : 0.010 0.010 0.951 0.004 0.014 0.011
20 20 (0) 2 : 0.018 0.012 0.749 0.182 0.017 0.022
21 21 (0) 2 : 0.021 0.015 0.925 0.006 0.015 0.018
22 22 (0) 2 : 0.024 0.022 0.889 0.011 0.023 0.030
23 23 (0) 2 : 0.157 0.175 0.355 0.004 0.107 0.201
24 24 (0) 2 : 0.009 0.007 0.963 0.006 0.007 0.009
25 25 (0) 2 : 0.030 0.028 0.888 0.006 0.025 0.024
26 26 (0) 2 : 0.020 0.022 0.904 0.011 0.020 0.024
27 27 (0) 2 : 0.013 0.012 0.907 0.033 0.013 0.021
28 28 (0) 2 : 0.107 0.097 0.591 0.012 0.060 0.132
29 29 (9) 2 : 0.044 0.036 0.832 0.002 0.032 0.054
30 30 (0) 2 : 0.194 0.227 0.134 0.002 0.177 0.266
31 31 (0) 2 : 0.027 0.021 0.890 0.002 0.021 0.038
32 32 (0) 2 : 0.012 0.010 0.943 0.009 0.013 0.013
33 33 (0) 2 : 0.164 0.133 0.368 0.031 0.089 0.214
34 34 (0) 2 : 0.019 0.022 0.899 0.009 0.032 0.019
35 35 (0) 2 : 0.020 0.019 0.756 0.159 0.011 0.036
36 36 (0) 2 : 0.005 0.006 0.969 0.003 0.007 0.008
37 37 (0) 2 : 0.022 0.026 0.902 0.010 0.020 0.020
38 38 (0) 2 : 0.156 0.146 0.277 0.003 0.243 0.174
39 39 (0) 2 : 0.006 0.010 0.962 0.003 0.010 0.008
40 40 (0) 2 : 0.009 0.008 0.963 0.002 0.008 0.011
41 41 (0) 2 : 0.014 0.021 0.881 0.036 0.029 0.019
42 42 (0) 2 : 0.061 0.043 0.783 0.002 0.053 0.058
43 43 (0) 2 : 0.013 0.013 0.945 0.001 0.015 0.013
44 44 (5) 2 : 0.011 0.015 0.954 0.003 0.007 0.010
45 45 (0) 2 : 0.012 0.011 0.946 0.014 0.009 0.008
46 46 (0) 2 : 0.028 0.036 0.875 0.001 0.027 0.033
47 47 (0) 2 : 0.013 0.011 0.945 0.003 0.015 0.013
48 48 (0) 2 : 0.009 0.009 0.960 0.002 0.006 0.015
49 49 (0) 2 : 0.211 0.162 0.134 0.008 0.217 0.269
50 50 (0) 2 : 0.024 0.021 0.914 0.003 0.013 0.025
51 51 (0) 2 : 0.018 0.018 0.921 0.002 0.023 0.016
52 52 (0) 2 : 0.031 0.017 0.891 0.004 0.030 0.027
53 53 (0) 2 : 0.069 0.054 0.727 0.003 0.055 0.092
54 54 (0) 2 : 0.008 0.008 0.965 0.004 0.007 0.008
55 55 (4) 2 : 0.187 0.240 0.273 0.003 0.105 0.194
56 56 (0) 2 : 0.146 0.182 0.346 0.003 0.090 0.234
57 57 (1) 2 : 0.134 0.276 0.180 0.005 0.259 0.146
58 58 (0) 2 : 0.018 0.018 0.901 0.003 0.025 0.035
59 59 (0) 2 : 0.010 0.010 0.957 0.002 0.010 0.012
60 60 (0) 2 : 0.011 0.010 0.930 0.018 0.013 0.018
61 61 (0) 2 : 0.055 0.086 0.656 0.006 0.101 0.095
62 62 (0) 2 : 0.005 0.007 0.973 0.004 0.005 0.006
63 63 (0) 2 : 0.031 0.018 0.893 0.007 0.022 0.029
64 64 (0) 2 : 0.015 0.021 0.921 0.004 0.012 0.026
65 65 (0) 2 : 0.132 0.199 0.348 0.008 0.128 0.186
66 66 (0) 2 : 0.009 0.014 0.935 0.013 0.013 0.016
67 67 (0) 2 : 0.021 0.025 0.906 0.007 0.017 0.025
68 68 (0) 2 : 0.009 0.008 0.958 0.003 0.010 0.013
69 69 (0) 2 : 0.032 0.027 0.883 0.010 0.017 0.031
70 70 (1) 2 : 0.009 0.006 0.966 0.004 0.008 0.007
71 71 (0) 3 : 0.339 0.123 0.027 0.010 0.237 0.263
72 72 (0) 3 : 0.250 0.245 0.005 0.005 0.216 0.279
73 73 (0) 3 : 0.406 0.174 0.006 0.004 0.200 0.210
74 74 (0) 3 : 0.185 0.219 0.030 0.004 0.152 0.411
75 75 (0) 3 : 0.278 0.205 0.026 0.008 0.165 0.319
76 76 (0) 3 : 0.206 0.219 0.012 0.043 0.268 0.253
77 77 (0) 3 : 0.114 0.363 0.007 0.005 0.430 0.082
78 78 (0) 3 : 0.114 0.321 0.018 0.003 0.474 0.069
79 79 (0) 3 : 0.185 0.134 0.025 0.008 0.331 0.318
80 80 (8) 3 : 0.157 0.243 0.005 0.009 0.421 0.165
81 81 (0) 3 : 0.307 0.238 0.015 0.002 0.149 0.289
82 82 (0) 3 : 0.155 0.176 0.311 0.010 0.065 0.282
83 83 (0) 3 : 0.229 0.195 0.062 0.002 0.263 0.249
84 84 (0) 3 : 0.261 0.269 0.010 0.003 0.145 0.312
85 85 (0) 3 : 0.140 0.208 0.072 0.003 0.423 0.153
86 86 (0) 3 : 0.194 0.200 0.016 0.042 0.334 0.213
87 87 (0) 3 : 0.186 0.294 0.006 0.048 0.305 0.161
88 88 (0) 3 : 0.204 0.202 0.053 0.006 0.277 0.258
89 89 (0) 3 : 0.213 0.254 0.022 0.016 0.153 0.342
90 90 (0) 3 : 0.173 0.292 0.010 0.015 0.369 0.141
91 91 (0) 3 : 0.246 0.287 0.033 0.002 0.166 0.266
92 92 (0) 3 : 0.295 0.224 0.023 0.005 0.174 0.279
93 93 (0) 3 : 0.202 0.226 0.123 0.021 0.135 0.292
94 94 (0) 3 : 0.206 0.250 0.053 0.006 0.245 0.240
95 95 (0) 3 : 0.279 0.320 0.025 0.005 0.104 0.268
96 96 (0) 3 : 0.119 0.302 0.014 0.003 0.425 0.138
97 97 (0) 3 : 0.231 0.307 0.005 0.011 0.208 0.238
98 98 (0) 3 : 0.186 0.176 0.201 0.017 0.153 0.267
99 99 (0) 3 : 0.286 0.226 0.036 0.009 0.123 0.319
100 100 (0) 3 : 0.264 0.369 0.007 0.007 0.149 0.204
101 101 (0) 3 : 0.262 0.256 0.016 0.002 0.226 0.240
102 102 (0) 3 : 0.269 0.186 0.023 0.009 0.233 0.280
103 103 (0) 3 : 0.193 0.170 0.017 0.006 0.401 0.214
104 104 (0) 3 : 0.152 0.389 0.025 0.004 0.207 0.223
105 105 (0) 3 : 0.242 0.247 0.010 0.002 0.212 0.286
106 106 (0) 3 : 0.119 0.348 0.021 0.006 0.305 0.202
107 107 (0) 3 : 0.245 0.201 0.029 0.008 0.178 0.339
108 108 (0) 3 : 0.230 0.183 0.007 0.002 0.366 0.213
109 109 (0) 3 : 0.233 0.163 0.239 0.046 0.124 0.195
110 110 (0) 3 : 0.247 0.215 0.018 0.004 0.169 0.347
111 111 (0) 3 : 0.187 0.218 0.022 0.008 0.328 0.236
112 112 (0) 3 : 0.194 0.163 0.098 0.002 0.308 0.236
113 113 (0) 3 : 0.155 0.244 0.015 0.002 0.396 0.188
114 114 (0) 3 : 0.261 0.248 0.012 0.003 0.178 0.299
115 115 (0) 3 : 0.286 0.208 0.037 0.009 0.123 0.338
116 116 (0) 3 : 0.213 0.179 0.014 0.006 0.375 0.213
117 117 (0) 3 : 0.001 0.001 0.001 0.995 0.001 0.001
118 118 (0) 3 : 0.334 0.200 0.010 0.005 0.215 0.236
119 119 (0) 3 : 0.190 0.333 0.022 0.009 0.229 0.218
120 120 (7) 4 : 0.002 0.001 0.001 0.993 0.002 0.001
121 121 (12) 4 : 0.177 0.187 0.013 0.008 0.349 0.266
122 122 (12) 4 : 0.105 0.131 0.028 0.531 0.062 0.142
123 123 (3) 4 : 0.235 0.339 0.020 0.003 0.169 0.235
124 124 (12) 4 : 0.204 0.294 0.057 0.003 0.140 0.302
125 125 (13) 4 : 0.317 0.330 0.013 0.002 0.187 0.151
126 126 (0) 4 : 0.119 0.147 0.525 0.004 0.075 0.129
127 127 (3) 4 : 0.316 0.337 0.021 0.003 0.188 0.135
128 128 (0) 4 : 0.216 0.416 0.012 0.002 0.187 0.167
129 129 (0) 4 : 0.119 0.270 0.009 0.006 0.428 0.168
130 130 (9) 4 : 0.366 0.245 0.004 0.003 0.227 0.155
131 131 (9) 4 : 0.162 0.407 0.008 0.002 0.268 0.153
132 132 (12) 4 : 0.284 0.289 0.017 0.008 0.126 0.277
133 133 (0) 5 : 0.022 0.015 0.899 0.010 0.032 0.023
134 134 (0) 5 : 0.092 0.378 0.011 0.002 0.398 0.119
135 135 (0) 5 : 0.048 0.040 0.839 0.011 0.029 0.033
136 136 (0) 6 : 0.282 0.312 0.009 0.003 0.150 0.245
137 137 (0) 6 : 0.343 0.249 0.004 0.005 0.256 0.143
138 138 (9) 6 : 0.304 0.214 0.007 0.004 0.239 0.232
139 139 (0) 6 : 0.376 0.238 0.006 0.005 0.119 0.257
140 140 (0) 6 : 0.158 0.210 0.007 0.005 0.491 0.129
141 141 (0) 6 : 0.327 0.193 0.009 0.003 0.232 0.236
142 142 (0) 6 : 0.238 0.196 0.013 0.006 0.298 0.249
143 143 (0) 6 : 0.360 0.214 0.021 0.004 0.153 0.248
144 144 (11) 6 : 0.222 0.257 0.020 0.002 0.137 0.363
145 145 (0) 6 : 0.250 0.241 0.036 0.025 0.159 0.288
146 146 (0) 6 : 0.246 0.220 0.061 0.002 0.134 0.337
147 147 (0) 6 : 0.250 0.292 0.024 0.002 0.143 0.289
148 148 (4) 6 : 0.290 0.203 0.017 0.005 0.199 0.287
149 149 (0) 6 : 0.295 0.177 0.016 0.005 0.207 0.300
150 150 (0) 6 : 0.242 0.201 0.060 0.004 0.132 0.361
151 151 (0) 6 : 0.064 0.222 0.007 0.001 0.651 0.055
152 152 (0) 6 : 0.143 0.229 0.062 0.011 0.363 0.193
153 153 (4) 6 : 0.063 0.227 0.004 0.001 0.653 0.053
154 154 (5) 6 : 0.125 0.197 0.012 0.001 0.539 0.126
155 155 (0) 6 : 0.245 0.195 0.008 0.030 0.330 0.193
156 156 (5) 6 : 0.234 0.167 0.010 0.009 0.306 0.275
157 157 (0) 6 : 0.337 0.242 0.009 0.010 0.131 0.270
158 158 (0) 6 : 0.384 0.207 0.017 0.005 0.153 0.234
159 159 (10) 6 : 0.284 0.208 0.019 0.004 0.165 0.321
160 160 (0) 6 : 0.214 0.276 0.013 0.003 0.267 0.228
161 161 (0) 6 : 0.187 0.460 0.005 0.004 0.182 0.162
162 162 (0) 6 : 0.237 0.313 0.013 0.002 0.227 0.208
163 163 (5) 6 : 0.227 0.166 0.033 0.006 0.328 0.240
164 164 (0) 6 : 0.220 0.269 0.093 0.002 0.134 0.282
165 165 (0) 6 : 0.346 0.227 0.019 0.004 0.132 0.271
166 166 (0) 6 : 0.206 0.336 0.036 0.003 0.159 0.261
167 167 (10) 6 : 0.296 0.269 0.021 0.004 0.110 0.300
168 168 (0) 6 : 0.334 0.257 0.021 0.002 0.091 0.294
169 169 (0) 6 : 0.197 0.211 0.005 0.002 0.443 0.142
170 170 (0) 6 : 0.361 0.164 0.012 0.003 0.205 0.255
171 171 (0) 6 : 0.201 0.305 0.017 0.003 0.272 0.202
172 172 (0) 6 : 0.176 0.336 0.006 0.010 0.429 0.043
173 173 (0) 6 : 0.178 0.325 0.008 0.013 0.431 0.046
174 174 (0) 6 : 0.214 0.400 0.018 0.019 0.118 0.231
175 175 (0) 6 : 0.124 0.263 0.012 0.024 0.447 0.131
176 176 (0) 6 : 0.257 0.250 0.037 0.006 0.192 0.256
177 177 (0) 6 : 0.218 0.206 0.023 0.003 0.302 0.247
178 178 (2) 6 : 0.259 0.266 0.012 0.006 0.153 0.304
179 179 (0) 6 : 0.151 0.227 0.056 0.008 0.347 0.212
180 180 (0) 6 : 0.305 0.213 0.015 0.004 0.236 0.229
181 181 (0) 6 : 0.271 0.228 0.013 0.006 0.196 0.286
182 182 (0) 6 : 0.266 0.233 0.030 0.002 0.157 0.311
183 183 (7) 6 : 0.229 0.229 0.009 0.004 0.293 0.237
184 184 (0) 6 : 0.253 0.184 0.016 0.005 0.267 0.276
185 185 (10) 6 : 0.237 0.251 0.067 0.002 0.127 0.317
186 186 (0) 6 : 0.081 0.067 0.697 0.009 0.061 0.086
187 187 (8) 6 : 0.225 0.264 0.010 0.015 0.140 0.345
188 188 (0) 6 : 0.316 0.207 0.006 0.003 0.186 0.282
189 189 (7) 6 : 0.251 0.274 0.015 0.002 0.107 0.350
190 190 (0) 6 : 0.198 0.134 0.004 0.002 0.516 0.146
191 191 (0) 6 : 0.132 0.315 0.016 0.007 0.393 0.137
192 192 (0) 6 : 0.318 0.258 0.029 0.003 0.124 0.268
193 193 (0) 6 : 0.362 0.185 0.006 0.008 0.178 0.260
194 194 (2) 6 : 0.166 0.227 0.020 0.007 0.380 0.200
195 195 (0) 6 : 0.149 0.221 0.034 0.167 0.280 0.149
196 196 (0) 6 : 0.249 0.292 0.089 0.007 0.141 0.221
197 197 (3) 6 : 0.257 0.306 0.023 0.007 0.163 0.244
198 198 (0) 6 : 0.258 0.147 0.018 0.002 0.291 0.283
199 199 (0) 6 : 0.365 0.243 0.006 0.002 0.176 0.208
200 200 (0) 6 : 0.169 0.151 0.369 0.003 0.089 0.220
201 201 (0) 6 : 0.307 0.157 0.013 0.012 0.243 0.269
202 202 (0) 6 : 0.263 0.157 0.075 0.008 0.288 0.209
203 203 (0) 6 : 0.228 0.156 0.037 0.004 0.328 0.248
204 204 (13) 6 : 0.377 0.100 0.028 0.008 0.254 0.233
205 205 (0) 6 : 0.200 0.246 0.014 0.002 0.386 0.152
206 206 (12) 6 : 0.241 0.199 0.054 0.005 0.135 0.366
207 207 (0) 6 : 0.282 0.313 0.029 0.005 0.113 0.257
208 208 (0) 6 : 0.269 0.302 0.007 0.010 0.140 0.273
209 209 (8) 6 : 0.418 0.109 0.007 0.004 0.256 0.206
210 210 (0) 6 : 0.408 0.132 0.016 0.009 0.250 0.186
211 211 (0) 6 : 0.305 0.259 0.007 0.007 0.201 0.220
212 212 (0) 6 : 0.286 0.191 0.035 0.002 0.248 0.239
213 213 (0) 6 : 0.326 0.225 0.019 0.002 0.154 0.274
214 214 (0) 6 : 0.228 0.217 0.017 0.004 0.270 0.264
215 215 (14) 6 : 0.252 0.201 0.009 0.005 0.262 0.271
216 216 (0) 6 : 0.231 0.190 0.112 0.008 0.175 0.284
217 217 (0) 6 : 0.316 0.247 0.009 0.007 0.151 0.270
218 218 (0) 6 : 0.367 0.232 0.005 0.005 0.147 0.243
219 219 (14) 6 : 0.273 0.178 0.008 0.004 0.281 0.256
220 220 (0) 6 : 0.225 0.261 0.056 0.016 0.178 0.263
221 221 (7) 6 : 0.369 0.111 0.022 0.005 0.256 0.236
222 222 (0) 6 : 0.220 0.195 0.008 0.003 0.218 0.356
223 223 (0) 6 : 0.231 0.259 0.030 0.009 0.227 0.245
224 224 (0) 6 : 0.336 0.250 0.007 0.004 0.224 0.178
225 225 (5) 6 : 0.318 0.260 0.017 0.007 0.235 0.163
226 226 (0) 6 : 0.269 0.228 0.078 0.027 0.149 0.249
227 227 (0) 2 : 0.020 0.022 0.899 0.004 0.033 0.021
228 228 (0) 2 : 0.005 0.008 0.973 0.002 0.006 0.007
229 229 (0) 2 : 0.020 0.019 0.899 0.013 0.021 0.027
230 230 (0) 2 : 0.037 0.031 0.853 0.003 0.035 0.041
231 231 (0) 2 : 0.032 0.031 0.886 0.003 0.014 0.034
232 232 (0) 2 : 0.005 0.006 0.974 0.004 0.005 0.006
233 233 (0) 2 : 0.114 0.169 0.524 0.007 0.057 0.129
234 234 (0) 2 : 0.003 0.002 0.986 0.002 0.004 0.004
235 235 (0) 2 : 0.047 0.035 0.773 0.001 0.074 0.069
1 1 (0) 1 : 0.159 0.019 0.158 0.393 0.266 0.005
2 2 (1) 1 : 0.171 0.002 0.152 0.413 0.232 0.029
3 3 (0) 1 : 0.198 0.007 0.156 0.327 0.285 0.027
4 4 (13) 2 : 0.014 0.004 0.012 0.013 0.012 0.944
5 5 (0) 2 : 0.005 0.005 0.004 0.003 0.005 0.978
6 6 (13) 2 : 0.013 0.002 0.011 0.017 0.016 0.941
7 7 (0) 2 : 0.017 0.002 0.012 0.016 0.012 0.942
8 8 (0) 2 : 0.011 0.080 0.013 0.017 0.009 0.870
9 9 (10) 2 : 0.017 0.098 0.013 0.017 0.012 0.843
10 10 (9) 2 : 0.022 0.012 0.025 0.026 0.019 0.897
11 11 (0) 2 : 0.018 0.005 0.032 0.046 0.029 0.870
12 12 (0) 2 : 0.025 0.002 0.049 0.059 0.045 0.820
13 13 (0) 2 : 0.195 0.004 0.149 0.274 0.371 0.008
14 14 (0) 2 : 0.080 0.008 0.048 0.091 0.059 0.714
15 15 (0) 2 : 0.016 0.004 0.020 0.022 0.022 0.916
16 16 (0) 2 : 0.005 0.007 0.005 0.005 0.005 0.972
17 17 (0) 2 : 0.079 0.002 0.043 0.080 0.063 0.734
18 18 (0) 2 : 0.007 0.003 0.005 0.008 0.010 0.967
19 19 (0) 2 : 0.010 0.003 0.011 0.011 0.011 0.953
20 20 (0) 2 : 0.013 0.182 0.012 0.024 0.014 0.756
21 21 (0) 2 : 0.015 0.006 0.018 0.022 0.022 0.917
22 22 (0) 2 : 0.026 0.013 0.018 0.039 0.020 0.884
23 23 (0) 2 : 0.113 0.004 0.114 0.207 0.156 0.406
24 24 (0) 2 : 0.008 0.004 0.010 0.008 0.006 0.964
25 25 (0) 2 : 0.023 0.004 0.034 0.036 0.025 0.878
26 26 (0) 2 : 0.020 0.010 0.025 0.019 0.017 0.910
27 27 (0) 2 : 0.018 0.036 0.015 0.026 0.018 0.888
28 28 (0) 2 : 0.090 0.011 0.057 0.117 0.068 0.656
29 29 (9) 2 : 0.031 0.003 0.033 0.045 0.025 0.863
30 30 (0) 2 : 0.138 0.002 0.214 0.273 0.236 0.137
31 31 (0) 2 : 0.012 0.002 0.016 0.033 0.031 0.904
32 32 (0) 2 : 0.008 0.007 0.007 0.015 0.008 0.954
33 33 (0) 2 : 0.083 0.040 0.120 0.206 0.176 0.375
34 34 (0) 2 : 0.025 0.007 0.030 0.024 0.022 0.892
35 35 (0) 2 : 0.013 0.157 0.014 0.033 0.042 0.740
36 36 (0) 2 : 0.009 0.003 0.004 0.006 0.007 0.971
37 37 (0) 2 : 0.028 0.006 0.016 0.026 0.015 0.909
38 38 (0) 2 : 0.251 0.003 0.132 0.218 0.126 0.271
39 39 (0) 2 : 0.010 0.003 0.009 0.010 0.008 0.960
40 40 (0) 2 : 0.008 0.001 0.006 0.010 0.022 0.954
41 41 (0) 2 : 0.022 0.037 0.015 0.023 0.017 0.886
42 42 (0) 2 : 0.068 0.001 0.041 0.072 0.053 0.764
43 43 (0) 2 : 0.012 0.001 0.013 0.014 0.025 0.935
44 44 (5) 2 : 0.012 0.003 0.010 0.016 0.011 0.950
45 45 (0) 2 : 0.009 0.016 0.009 0.011 0.010 0.945
46 46 (0) 2 : 0.039 0.001 0.022 0.033 0.023 0.882
47 47 (0) 2 : 0.015 0.003 0.018 0.010 0.009 0.946
48 48 (0) 2 : 0.007 0.001 0.006 0.008 0.008 0.970
49 49 (0) 2 : 0.185 0.008 0.247 0.247 0.187 0.125
50 50 (0) 2 : 0.017 0.003 0.018 0.022 0.024 0.916
51 51 (0) 2 : 0.022 0.003 0.024 0.019 0.021 0.911
52 52 (0) 2 : 0.043 0.004 0.025 0.038 0.025 0.866
53 53 (0) 2 : 0.058 0.003 0.075 0.063 0.100 0.701
54 54 (0) 2 : 0.006 0.005 0.010 0.009 0.008 0.963
55 55 (4) 2 : 0.109 0.002 0.163 0.166 0.220 0.340
56 56 (0) 2 : 0.143 0.004 0.111 0.187 0.226 0.328
57 57 (1) 2 : 0.167 0.006 0.389 0.109 0.168 0.160
58 58 (0) 2 : 0.027 0.003 0.025 0.028 0.034 0.882
59 59 (0) 2 : 0.008 0.002 0.009 0.006 0.010 0.964
60 60 (0) 2 : 0.008 0.022 0.013 0.017 0.011 0.929
61 61 (0) 2 : 0.068 0.006 0.119 0.079 0.066 0.662
62 62 (0) 2 : 0.006 0.004 0.004 0.005 0.005 0.975
63 63 (0) 2 : 0.015 0.006 0.014 0.017 0.017 0.931
64 64 (0) 2 : 0.021 0.003 0.012 0.016 0.019 0.929
65 65 (0) 2 : 0.073 0.008 0.245 0.155 0.174 0.344
66 66 (0) 2 : 0.013 0.012 0.011 0.020 0.022 0.922
67 67 (0) 2 : 0.026 0.006 0.012 0.021 0.018 0.918
68 68 (0) 2 : 0.013 0.003 0.011 0.013 0.009 0.951
69 69 (0) 2 : 0.033 0.011 0.029 0.037 0.027 0.863
70 70 (1) 2 : 0.010 0.006 0.010 0.008 0.009 0.958
71 71 (0) 3 : 0.200 0.011 0.143 0.387 0.226 0.032
72 72 (0) 3 : 0.122 0.005 0.243 0.313 0.314 0.003
73 73 (0) 3 : 0.255 0.004 0.182 0.332 0.219 0.007
74 74 (0) 3 : 0.116 0.005 0.152 0.412 0.279 0.036
75 75 (0) 3 : 0.197 0.008 0.248 0.298 0.220 0.030
76 76 (0) 3 : 0.256 0.053 0.241 0.312 0.124 0.014
77 77 (0) 3 : 0.356 0.006 0.499 0.064 0.070 0.006
78 78 (0) 3 : 0.444 0.003 0.473 0.038 0.025 0.017
79 79 (0) 3 : 0.224 0.008 0.276 0.291 0.175 0.026
80 80 (8) 3 : 0.372 0.009 0.305 0.127 0.183 0.006
81 81 (0) 3 : 0.297 0.002 0.123 0.243 0.317 0.019
82 82 (0) 3 : 0.137 0.010 0.110 0.243 0.160 0.340
83 83 (0) 3 : 0.248 0.002 0.251 0.271 0.162 0.066
84 84 (0) 3 : 0.136 0.002 0.180 0.313 0.355 0.014
85 85 (0) 3 : 0.398 0.003 0.313 0.120 0.078 0.087
86 86 (0) 3 : 0.306 0.040 0.301 0.174 0.162 0.017
87 87 (0) 3 : 0.332 0.058 0.213 0.118 0.273 0.006
88 88 (0) 3 : 0.362 0.006 0.308 0.165 0.129 0.030
89 89 (0) 3 : 0.144 0.017 0.166 0.346 0.298 0.028
90 90 (0) 3 : 0.410 0.014 0.204 0.201 0.159 0.012
91 91 (0) 3 : 0.121 0.002 0.198 0.251 0.398 0.031
92 92 (0) 3 : 0.298 0.006 0.237 0.284 0.151 0.024
93 93 (0) 3 : 0.195 0.018 0.192 0.289 0.164 0.143
94 94 (0) 3 : 0.358 0.007 0.148 0.226 0.205 0.056
95 95 (0) 3 : 0.210 0.005 0.180 0.242 0.342 0.021
96 96 (0) 3 : 0.254 0.004 0.468 0.098 0.163 0.015
97 97 (0) 3 : 0.144 0.010 0.333 0.232 0.277 0.004
98 98 (0) 3 : 0.161 0.020 0.165 0.314 0.146 0.195
99 99 (0) 3 : 0.144 0.009 0.192 0.376 0.242 0.037
100 100 (0) 3 : 0.107 0.007 0.361 0.178 0.340 0.007
101 101 (0) 3 : 0.206 0.002 0.332 0.254 0.191 0.016
102 102 (0) 3 : 0.145 0.009 0.265 0.360 0.190 0.031
103 103 (0) 3 : 0.338 0.004 0.250 0.240 0.156 0.013
104 104 (0) 3 : 0.231 0.004 0.288 0.166 0.280 0.032
105 105 (0) 3 : 0.305 0.003 0.180 0.304 0.191 0.016
106 106 (0) 3 : 0.224 0.008 0.281 0.227 0.244 0.017
107 107 (0) 3 : 0.163 0.010 0.151 0.349 0.292 0.034
108 108 (0) 3 : 0.359 0.003 0.337 0.144 0.153 0.004
109 109 (0) 3 : 0.169 0.049 0.134 0.209 0.152 0.287
110 110 (0) 3 : 0.151 0.003 0.156 0.435 0.239 0.016
111 111 (0) 3 : 0.253 0.009 0.359 0.193 0.163 0.023
112 112 (0) 3 : 0.338 0.002 0.228 0.195 0.153 0.084
113 113 (0) 3 : 0.416 0.002 0.300 0.142 0.116 0.024
114 114 (0) 3 : 0.195 0.003 0.155 0.408 0.223 0.014
115 115 (0) 3 : 0.190 0.010 0.260 0.292 0.203 0.045
116 116 (0) 3 : 0.359 0.005 0.272 0.206 0.140 0.017
117 117 (0) 3 : 0.001 0.995 0.001 0.001 0.001 0.001
118 118 (0) 3 : 0.301 0.008 0.166 0.346 0.172 0.008
119 119 (0) 3 : 0.220 0.010 0.328 0.205 0.220 0.017
120 120 (7) 4 : 0.001 0.994 0.001 0.001 0.001 0.001
121 121 (12) 4 : 0.320 0.009 0.397 0.148 0.118 0.008
122 122 (12) 4 : 0.150 0.533 0.087 0.103 0.101 0.025
123 123 (3) 4 : 0.277 0.002 0.222 0.207 0.273 0.018
124 124 (12) 4 : 0.121 0.003 0.305 0.248 0.258 0.066
125 125 (13) 4 : 0.104 0.002 0.331 0.202 0.352 0.009
126 126 (0) 4 : 0.090 0.004 0.119 0.152 0.144 0.490
127 127 (3) 4 : 0.126 0.002 0.346 0.157 0.343 0.025
128 128 (0) 4 : 0.191 0.002 0.255 0.156 0.376 0.020
129 129 (0) 4 : 0.271 0.006 0.412 0.116 0.185 0.010
130 130 (9) 4 : 0.125 0.004 0.250 0.213 0.404 0.004
131 131 (9) 4 : 0.180 0.002 0.471 0.095 0.245 0.007
132 132 (12) 4 : 0.106 0.010 0.290 0.333 0.246 0.015
133 133 (0) 5 : 0.034 0.009 0.025 0.020 0.014 0.898
134 134 (0) 5 : 0.247 0.002 0.508 0.053 0.181 0.008
135 135 (0) 5 : 0.027 0.019 0.034 0.036 0.042 0.842
136 136 (0) 6 : 0.234 0.003 0.265 0.190 0.300 0.008
137 137 (0) 6 : 0.125 0.004 0.243 0.241 0.384 0.003
138 138 (9) 6 : 0.255 0.003 0.207 0.298 0.229 0.007
139 139 (0) 6 : 0.188 0.005 0.168 0.404 0.230 0.005
140 140 (0) 6 : 0.448 0.004 0.383 0.082 0.076 0.008
141 141 (0) 6 : 0.144 0.003 0.150 0.419 0.271 0.012
142 142 (0) 6 : 0.396 0.007 0.196 0.253 0.133 0.015
143 143 (0) 6 : 0.172 0.003 0.171 0.348 0.287 0.018
144 144 (11) 6 : 0.156 0.002 0.159 0.403 0.260 0.020
145 145 (0) 6 : 0.151 0.022 0.315 0.238 0.233 0.040
146 146 (0) 6 : 0.174 0.002 0.172 0.325 0.272 0.056
147 147 (0) 6 : 0.151 0.001 0.256 0.252 0.314 0.026
148 148 (4) 6 : 0.176 0.005 0.177 0.329 0.293 0.021
149 149 (0) 6 : 0.161 0.004 0.128 0.374 0.320 0.013
150 150 (0) 6 : 0.167 0.005 0.184 0.374 0.202 0.067
151 151 (0) 6 : 0.542 0.001 0.346 0.015 0.090 0.006
152 152 (0) 6 : 0.332 0.012 0.341 0.156 0.099 0.061
153 153 (4) 6 : 0.549 0.001 0.344 0.010 0.091 0.004
154 154 (5) 6 : 0.466 0.002 0.325 0.066 0.131 0.010
155 155 (0) 6 : 0.334 0.035 0.274 0.186 0.164 0.007
156 156 (5) 6 : 0.346 0.008 0.253 0.229 0.152 0.012
157 157 (0) 6 : 0.250 0.009 0.170 0.347 0.216 0.008
158 158 (0) 6 : 0.228 0.007 0.175 0.347 0.218 0.026
159 159 (10) 6 : 0.174 0.004 0.192 0.342 0.274 0.015
160 160 (0) 6 : 0.277 0.003 0.223 0.282 0.204 0.011
161 161 (0) 6 : 0.168 0.004 0.407 0.079 0.337 0.005
162 162 (0) 6 : 0.366 0.001 0.112 0.255 0.252 0.013
163 163 (5) 6 : 0.231 0.006 0.240 0.300 0.190 0.034
164 164 (0) 6 : 0.231 0.002 0.102 0.236 0.343 0.085
165 165 (0) 6 : 0.141 0.004 0.155 0.272 0.407 0.021
166 166 (0) 6 : 0.147 0.003 0.253 0.168 0.393 0.035
167 167 (10) 6 : 0.294 0.005 0.096 0.211 0.374 0.019
168 168 (0) 6 : 0.312 0.003 0.102 0.194 0.372 0.017
169 169 (0) 6 : 0.411 0.002 0.334 0.124 0.124 0.005
170 170 (0) 6 : 0.157 0.003 0.162 0.387 0.278 0.014
171 171 (0) 6 : 0.202 0.003 0.246 0.239 0.299 0.012
172 172 (0) 6 : 0.478 0.012 0.369 0.066 0.066 0.008
173 173 (0) 6 : 0.471 0.010 0.380 0.062 0.070 0.008
174 174 (0) 6 : 0.227 0.021 0.273 0.195 0.268 0.015
175 175 (0) 6 : 0.338 0.021 0.422 0.134 0.075 0.010
176 176 (0) 6 : 0.119 0.007 0.205 0.307 0.329 0.033
177 177 (0) 6 : 0.359 0.003 0.172 0.215 0.228 0.023
178 178 (2) 6 : 0.167 0.008 0.241 0.227 0.346 0.012
179 179 (0) 6 : 0.355 0.010 0.235 0.191 0.164 0.045
180 180 (0) 6 : 0.313 0.004 0.193 0.308 0.167 0.016
181 181 (0) 6 : 0.211 0.007 0.224 0.312 0.232 0.014
182 182 (0) 6 : 0.150 0.002 0.184 0.350 0.279 0.036
183 183 (7) 6 : 0.179 0.004 0.288 0.296 0.224 0.010
184 184 (0) 6 : 0.211 0.006 0.221 0.349 0.199 0.013
185 185 (10) 6 : 0.276 0.001 0.122 0.227 0.302 0.071
186 186 (0) 6 : 0.056 0.014 0.063 0.100 0.075 0.692
187 187 (8) 6 : 0.129 0.018 0.241 0.335 0.268 0.009
188 188 (0) 6 : 0.182 0.003 0.244 0.331 0.233 0.007
189 189 (7) 6 : 0.197 0.003 0.160 0.285 0.342 0.013
190 190 (0) 6 : 0.458 0.002 0.346 0.103 0.085 0.007
191 191 (0) 6 : 0.242 0.006 0.439 0.121 0.176 0.016
192 192 (0) 6 : 0.188 0.003 0.203 0.243 0.316 0.046
193 193 (0) 6 : 0.160 0.004 0.163 0.425 0.242 0.005
194 194 (2) 6 : 0.427 0.007 0.296 0.131 0.114 0.024
195 195 (0) 6 : 0.351 0.169 0.221 0.112 0.115 0.033
196 196 (0) 6 : 0.262 0.008 0.160 0.234 0.241 0.095
197 197 (3) 6 : 0.140 0.007 0.272 0.252 0.307 0.021
198 198 (0) 6 : 0.238 0.003 0.245 0.303 0.197 0.015
199 199 (0) 6 : 0.251 0.003 0.156 0.363 0.223 0.005
200 200 (0) 6 : 0.104 0.003 0.110 0.244 0.198 0.341
201 201 (0) 6 : 0.228 0.007 0.135 0.374 0.242 0.014
202 202 (0) 6 : 0.253 0.008 0.140 0.334 0.194 0.071
203 203 (0) 6 : 0.257 0.004 0.205 0.244 0.245 0.045
204 204 (13) 6 : 0.161 0.007 0.142 0.375 0.292 0.023
205 205 (0) 6 : 0.342 0.002 0.256 0.161 0.227 0.013
206 206 (12) 6 : 0.124 0.004 0.174 0.332 0.292 0.073
207 207 (0) 6 : 0.284 0.005 0.161 0.220 0.301 0.029
208 208 (0) 6 : 0.181 0.009 0.189 0.252 0.364 0.005
209 209 (8) 6 : 0.161 0.004 0.164 0.363 0.299 0.010
210 210 (0) 6 : 0.175 0.012 0.175 0.303 0.319 0.015
211 211 (0) 6 : 0.129 0.007 0.242 0.235 0.381 0.007
212 212 (0) 6 : 0.244 0.002 0.172 0.291 0.242 0.048
213 213 (0) 6 : 0.178 0.002 0.216 0.359 0.227 0.018
214 214 (0) 6 : 0.220 0.003 0.230 0.241 0.292 0.013
215 215 (14) 6 : 0.224 0.006 0.238 0.308 0.215 0.009
216 216 (0) 6 : 0.165 0.008 0.157 0.319 0.245 0.105
217 217 (0) 6 : 0.202 0.006 0.150 0.371 0.263 0.008
218 218 (0) 6 : 0.185 0.005 0.195 0.322 0.288 0.006
219 219 (14) 6 : 0.267 0.004 0.188 0.329 0.201 0.011
220 220 (0) 6 : 0.139 0.019 0.206 0.280 0.280 0.075
221 221 (7) 6 : 0.158 0.004 0.181 0.312 0.326 0.020
222 222 (0) 6 : 0.209 0.004 0.106 0.339 0.336 0.007
223 223 (0) 6 : 0.216 0.009 0.243 0.262 0.239 0.031
224 224 (0) 6 : 0.312 0.004 0.064 0.179 0.433 0.007
225 225 (5) 6 : 0.312 0.006 0.062 0.199 0.407 0.014
226 226 (0) 6 : 0.244 0.018 0.151 0.265 0.229 0.094
227 227 (0) 2 : 0.019 0.004 0.023 0.022 0.029 0.904
228 228 (0) 2 : 0.006 0.002 0.007 0.008 0.008 0.968
229 229 (0) 2 : 0.018 0.014 0.030 0.021 0.024 0.893
230 230 (0) 2 : 0.038 0.004 0.046 0.033 0.023 0.856
231 231 (0) 2 : 0.028 0.004 0.028 0.043 0.020 0.877
232 232 (0) 2 : 0.004 0.003 0.006 0.006 0.007 0.974
233 233 (0) 2 : 0.090 0.007 0.096 0.106 0.158 0.544
234 234 (0) 2 : 0.003 0.001 0.004 0.004 0.002 0.985
235 235 (0) 2 : 0.059 0.001 0.055 0.055 0.056 0.774
1 1 (0) 1 : 0.021 0.086 0.145 0.433 0.311 0.004
2 2 (1) 1 : 0.002 0.112 0.149 0.363 0.340 0.034
3 3 (0) 1 : 0.009 0.086 0.255 0.301 0.321 0.029
4 4 (13) 2 : 0.003 0.010 0.013 0.013 0.012 0.948
5 5 (0) 2 : 0.006 0.005 0.004 0.005 0.005 0.974
6 6 (13) 2 : 0.002 0.018 0.017 0.016 0.016 0.932
7 7 (0) 2 : 0.003 0.010 0.010 0.012 0.012 0.954
8 8 (0) 2 : 0.068 0.020 0.010 0.012 0.010 0.880
9 9 (10) 2 : 0.103 0.019 0.015 0.018 0.017 0.828
10 10 (9) 2 : 0.010 0.013 0.019 0.039 0.026 0.893
11 11 (0) 2 : 0.005 0.017 0.030 0.038 0.028 0.882
12 12 (0) 2 : 0.002 0.034 0.052 0.062 0.058 0.793
13 13 (0) 2 : 0.006 0.160 0.204 0.339 0.285 0.006
14 14 (0) 2 : 0.007 0.041 0.076 0.096 0.090 0.690
15 15 (0) 2 : 0.004 0.011 0.021 0.018 0.016 0.930
16 16 (0) 2 : 0.005 0.006 0.006 0.008 0.006 0.969
17 17 (0) 2 : 0.002 0.046 0.033 0.087 0.072 0.760
18 18 (0) 2 : 0.002 0.009 0.007 0.008 0.010 0.964
19 19 (0) 2 : 0.004 0.008 0.012 0.014 0.010 0.951
20 20 (0) 2 : 0.186 0.015 0.015 0.012 0.015 0.756
21 21 (0) 2 : 0.007 0.014 0.017 0.016 0.014 0.933
22 22 (0) 2 : 0.010 0.024 0.021 0.022 0.025 0.897
23 23 (0) 2 : 0.004 0.075 0.095 0.229 0.222 0.376
24 24 (0) 2 : 0.006 0.007 0.007 0.007 0.008 0.965
25 25 (0) 2 : 0.005 0.035 0.013 0.046 0.028 0.873
26 26 (0) 2 : 0.011 0.020 0.018 0.022 0.019 0.910
27 27 (0) 2 : 0.032 0.011 0.020 0.017 0.019 0.900
28 28 (0) 2 : 0.015 0.056 0.074 0.131 0.116 0.608
29 29 (9) 2 : 0.002 0.028 0.038 0.041 0.049 0.841
30 30 (0) 2 : 0.002 0.181 0.157 0.252 0.293 0.114
31 31 (0) 2 : 0.002 0.012 0.054 0.033 0.044 0.855
32 32 (0) 2 : 0.006 0.007 0.009 0.015 0.010 0.954
33 33 (0) 2 : 0.033 0.040 0.074 0.216 0.229 0.408
34 34 (0) 2 : 0.010 0.033 0.018 0.026 0.019 0.894
35 35 (0) 2 : 0.168 0.014 0.019 0.027 0.022 0.750
36 36 (0) 2 : 0.003 0.007 0.006 0.009 0.008 0.966
37 37 (0) 2 : 0.007 0.024 0.024 0.021 0.029 0.896
38 38 (0) 2 : 0.002 0.256 0.099 0.198 0.190 0.254
39 39 (0) 2 : 0.002 0.012 0.011 0.007 0.012 0.955
40 40 (0) 2 : 0.002 0.010 0.015 0.013 0.010 0.950
41 41 (0) 2 : 0.043 0.025 0.009 0.027 0.020 0.876
42 42 (0) 2 : 0.002 0.034 0.155 0.048 0.036 0.725
43 43 (0) 2 : 0.001 0.010 0.017 0.010 0.015 0.946
44 44 (5) 2 : 0.002 0.013 0.010 0.011 0.011 0.952
45 45 (0) 2 : 0.012 0.010 0.011 0.008 0.009 0.950
46 46 (0) 2 : 0.002 0.037 0.028 0.041 0.027 0.864
47 47 (0) 2 : 0.003 0.019 0.008 0.010 0.008 0.953
48 48 (0) 2 : 0.002 0.008 0.013 0.011 0.006 0.960
49 49 (0) 2 : 0.007 0.146 0.143 0.261 0.265 0.180
50 50 (0) 2 : 0.002 0.017 0.016 0.028 0.013 0.924
51 51 (0) 2 : 0.002 0.025 0.023 0.025 0.017 0.909
52 52 (0) 2 : 0.003 0.014 0.098 0.028 0.030 0.827
53 53 (0) 2 : 0.003 0.070 0.105 0.081 0.059 0.683
54 54 (0) 2 : 0.003 0.006 0.016 0.006 0.009 0.961
55 55 (4) 2 : 0.002 0.151 0.157 0.219 0.191 0.281
56 56 (0) 2 : 0.004 0.096 0.178 0.192 0.208 0.323
57 57 (1) 2 : 0.005 0.420 0.135 0.165 0.143 0.132
58 58 (0) 2 : 0.004 0.022 0.029 0.040 0.031 0.874
59 59 (0) 2 : 0.002 0.009 0.008 0.010 0.008 0.963
60 60 (0) 2 : 0.019 0.013 0.011 0.017 0.012 0.928
61 61 (0) 2 : 0.005 0.112 0.049 0.114 0.102 0.620
62 62 (0) 2 : 0.004 0.006 0.004 0.006 0.005 0.976
63 63 (0) 2 : 0.009 0.013 0.017 0.026 0.026 0.910
64 64 (0) 2 : 0.004 0.011 0.015 0.017 0.028 0.926
65 65 (0) 2 : 0.008 0.161 0.131 0.195 0.178 0.326
66 66 (0) 2 : 0.012 0.012 0.014 0.016 0.020 0.927
67 67 (0) 2 : 0.007 0.021 0.022 0.021 0.017 0.913
68 68 (0) 2 : 0.004 0.012 0.015 0.014 0.015 0.941
69 69 (0) 2 : 0.012 0.016 0.029 0.026 0.029 0.888
70 70 (1) 2 : 0.004 0.007 0.008 0.009 0.005 0.968
71 71 (0) 3 : 0.011 0.051 0.511 0.192 0.214 0.021
72 72 (0) 3 : 0.005 0.211 0.135 0.309 0.335 0.005
73 73 (0) 3 : 0.004 0.155 0.268 0.297 0.270 0.007
74 74 (0) 3 : 0.003 0.062 0.236 0.372 0.271 0.056
75 75 (0) 3 : 0.009 0.163 0.148 0.339 0.310 0.031
76 76 (0) 3 : 0.051 0.372 0.109 0.233 0.225 0.010
77 77 (0) 3 : 0.005 0.675 0.102 0.111 0.100 0.006
78 78 (0) 3 : 0.003 0.755 0.034 0.111 0.085 0.012
79 79 (0) 3 : 0.009 0.293 0.104 0.271 0.290 0.034
80 80 (8) 3 : 0.011 0.548 0.141 0.135 0.158 0.007
81 81 (0) 3 : 0.001 0.143 0.230 0.324 0.288 0.014
82 82 (0) 3 : 0.013 0.046 0.086 0.274 0.265 0.316
83 83 (0) 3 : 0.002 0.283 0.106 0.253 0.290 0.065
84 84 (0) 3 : 0.003 0.121 0.161 0.364 0.341 0.011
85 85 (0) 3 : 0.003 0.550 0.046 0.156 0.177 0.068
86 86 (0) 3 : 0.040 0.395 0.187 0.186 0.175 0.017
87 87 (0) 3 : 0.041 0.360 0.241 0.165 0.186 0.008
88 88 (0) 3 : 0.007 0.268 0.224 0.235 0.227 0.039
89 89 (0) 3 : 0.016 0.113 0.135 0.382 0.321 0.034
90 90 (0) 3 : 0.014 0.485 0.097 0.192 0.200 0.012
91 91 (0) 3 : 0.002 0.176 0.278 0.293 0.220 0.031
92 92 (0) 3 : 0.006 0.279 0.091 0.307 0.294 0.023
93 93 (0) 3 : 0.018 0.172 0.113 0.305 0.281 0.110
94 94 (0) 3 : 0.006 0.333 0.163 0.204 0.253 0.040
95 95 (0) 3 : 0.004 0.109 0.223 0.295 0.348 0.020
96 96 (0) 3 : 0.003 0.595 0.087 0.152 0.154 0.009
97 97 (0) 3 : 0.013 0.322 0.171 0.257 0.232 0.004
98 98 (0) 3 : 0.015 0.111 0.094 0.290 0.282 0.208
99 99 (0) 3 : 0.010 0.151 0.129 0.338 0.334 0.038
100 100 (0) 3 : 0.008 0.326 0.173 0.232 0.255 0.006
101 101 (0) 3 : 0.001 0.279 0.174 0.253 0.276 0.017
102 102 (0) 3 : 0.011 0.268 0.142 0.270 0.282 0.028
103 103 (0) 3 : 0.005 0.373 0.085 0.241 0.282 0.015
104 104 (0) 3 : 0.005 0.382 0.161 0.210 0.222 0.022
105 105 (0) 3 : 0.003 0.247 0.136 0.309 0.291 0.014
106 106 (0) 3 : 0.007 0.430 0.099 0.219 0.230 0.015
107 107 (0) 3 : 0.008 0.072 0.350 0.296 0.242 0.032
108 108 (0) 3 : 0.003 0.377 0.227 0.185 0.204 0.005
109 109 (0) 3 : 0.049 0.106 0.129 0.216 0.255 0.245
110 110 (0) 3 : 0.003 0.081 0.195 0.359 0.342 0.018
111 111 (0) 3 : 0.007 0.425 0.105 0.206 0.238 0.019
112 112 (0) 3 : 0.003 0.294 0.116 0.264 0.235 0.089
113 113 (0) 3 : 0.002 0.486 0.097 0.177 0.223 0.016
114 114 (0) 3 : 0.003 0.117 0.199 0.315 0.354 0.011
115 115 (0) 3 : 0.010 0.156 0.093 0.358 0.339 0.045
116 116 (0) 3 : 0.006 0.457 0.106 0.199 0.220 0.013
117 117 (0) 3 : 0.995 0.001 0.001 0.001 0.001 0.001
118 118 (0) 3 : 0.007 0.193 0.151 0.309 0.333 0.008
119 119 (0) 3 : 0.008 0.303 0.244 0.205 0.220 0.020
120 120 (7) 4 : 0.994 0.001 0.001 0.001 0.001 0.001
121 121 (12) 4 : 0.008 0.436 0.100 0.239 0.205 0.013
122 122 (12) 4 : 0.528 0.101 0.040 0.183 0.128 0.020
123 123 (3) 4 : 0.002 0.331 0.123 0.264 0.260 0.020
124 124 (12) 4 : 0.003 0.217 0.125 0.312 0.284 0.060
125 125 (13) 4 : 0.002 0.271 0.293 0.237 0.187 0.010
126 126 (0) 4 : 0.004 0.118 0.071 0.129 0.103 0.575
127 127 (3) 4 : 0.002 0.342 0.260 0.189 0.184 0.022
128 128 (0) 4 : 0.002 0.385 0.308 0.153 0.140 0.011
129 129 (0) 4 : 0.007 0.638 0.058 0.163 0.125 0.009
130 130 (9) 4 : 0.003 0.085 0.530 0.180 0.199 0.003
131 131 (9) 4 : 0.002 0.590 0.127 0.136 0.138 0.007
132 132 (12) 4 : 0.008 0.216 0.154 0.291 0.315 0.016
133 133 (0) 5 : 0.007 0.027 0.029 0.021 0.022 0.894
134 134 (0) 5 : 0.002 0.653 0.152 0.099 0.083 0.011
135 135 (0) 5 : 0.014 0.027 0.036 0.030 0.041 0.853
136 136 (0) 6 : 0.002 0.232 0.270 0.235 0.253 0.008
137 137 (0) 6 : 0.004 0.110 0.513 0.180 0.188 0.004
138 138 (9) 6 : 0.003 0.222 0.130 0.326 0.315 0.004
139 139 (0) 6 : 0.005 0.110 0.188 0.318 0.373 0.005
140 140 (0) 6 : 0.004 0.651 0.065 0.124 0.145 0.011
141 141 (0) 6 : 0.003 0.056 0.399 0.245 0.285 0.012
142 142 (0) 6 : 0.006 0.287 0.129 0.276 0.287 0.014
143 143 (0) 6 : 0.004 0.092 0.306 0.297 0.282 0.020
144 144 (11) 6 : 0.002 0.073 0.227 0.322 0.356 0.020
145 145 (0) 6 : 0.027 0.234 0.113 0.311 0.273 0.042
146 146 (0) 6 : 0.003 0.099 0.206 0.289 0.350 0.053
147 147 (0) 6 : 0.002 0.164 0.216 0.300 0.294 0.024
148 148 (4) 6 : 0.005 0.200 0.188 0.290 0.297 0.020
149 149 (0) 6 : 0.005 0.067 0.347 0.253 0.311 0.018
150 150 (0) 6 : 0.004 0.082 0.140 0.378 0.335 0.060
151 151 (0) 6 : 0.001 0.639 0.195 0.070 0.090 0.005
152 152 (0) 6 : 0.010 0.439 0.135 0.178 0.177 0.061
153 153 (4) 6 : 0.001 0.670 0.197 0.054 0.073 0.005
154 154 (5) 6 : 0.001 0.508 0.227 0.130 0.127 0.008
155 155 (0) 6 : 0.027 0.342 0.150 0.257 0.217 0.006
156 156 (5) 6 : 0.009 0.224 0.149 0.291 0.317 0.010
157 157 (0) 6 : 0.009 0.102 0.220 0.298 0.361 0.009
158 158 (0) 6 : 0.006 0.111 0.257 0.261 0.342 0.023
159 159 (10) 6 : 0.004 0.125 0.240 0.287 0.325 0.020
160 160 (0) 6 : 0.003 0.336 0.154 0.257 0.240 0.011
161 161 (0) 6 : 0.006 0.408 0.262 0.153 0.167 0.004
162 162 (0) 6 : 0.002 0.241 0.278 0.226 0.240 0.014
163 163 (5) 6 : 0.007 0.248 0.144 0.338 0.237 0.027
164 164 (0) 6 : 0.001 0.082 0.319 0.280 0.230 0.088
165 165 (0) 6 : 0.004 0.088 0.317 0.276 0.293 0.022
166 166 (0) 6 : 0.003 0.203 0.317 0.243 0.205 0.030
167 167 (10) 6 : 0.004 0.072 0.319 0.295 0.290 0.019
168 168 (0) 6 : 0.003 0.080 0.333 0.262 0.296 0.026
169 169 (0) 6 : 0.001 0.595 0.098 0.157 0.143 0.006
170 170 (0) 6 : 0.002 0.107 0.350 0.276 0.252 0.011
171 171 (0) 6 : 0.003 0.328 0.224 0.232 0.201 0.012
172 172 (0) 6 : 0.012 0.688 0.082 0.113 0.096 0.008
173 173 (0) 6 : 0.011 0.697 0.094 0.099 0.090 0.009
174 174 (0) 6 : 0.023 0.213 0.259 0.256 0.235 0.015
175 175 (0) 6 : 0.020 0.562 0.100 0.167 0.137 0.014
176 176 (0) 6 : 0.007 0.158 0.285 0.252 0.261 0.037
177 177 (0) 6 : 0.003 0.264 0.170 0.276 0.263 0.025
178 178 (2) 6 : 0.010 0.151 0.291 0.268 0.268 0.013
179 179 (0) 6 : 0.006 0.415 0.074 0.217 0.240 0.049
180 180 (0) 6 : 0.004 0.294 0.154 0.296 0.239 0.013
181 181 (0) 6 : 0.006 0.191 0.167 0.338 0.287 0.011
182 182 (0) 6 : 0.002 0.105 0.125 0.357 0.374 0.036
183 183 (7) 6 : 0.003 0.247 0.125 0.305 0.309 0.010
184 184 (0) 6 : 0.004 0.216 0.120 0.313 0.328 0.019
185 185 (10) 6 : 0.002 0.103 0.245 0.295 0.290 0.066
186 186 (0) 6 : 0.012 0.039 0.053 0.111 0.097 0.689
187 187 (8) 6 : 0.019 0.164 0.163 0.302 0.341 0.010
188 188 (0) 6 : 0.003 0.202 0.206 0.299 0.284 0.007
189 189 (7) 6 : 0.003 0.099 0.254 0.323 0.303 0.017
190 190 (0) 6 : 0.002 0.651 0.067 0.129 0.146 0.004
191 191 (0) 6 : 0.006 0.557 0.122 0.151 0.152 0.012
192 192 (0) 6 : 0.003 0.117 0.180 0.359 0.310 0.031
193 193 (0) 6 : 0.006 0.097 0.259 0.306 0.323 0.008
194 194 (2) 6 : 0.008 0.513 0.090 0.190 0.181 0.017
195 195 (0) 6 : 0.172 0.411 0.069 0.169 0.143 0.035
196 196 (0) 6 : 0.007 0.225 0.226 0.236 0.204 0.101
197 197 (3) 6 : 0.007 0.166 0.184 0.329 0.294 0.021
198 198 (0) 6 : 0.002 0.226 0.216 0.254 0.285 0.018
199 199 (0) 6 : 0.003 0.191 0.187 0.323 0.289 0.006
200 200 (0) 6 : 0.003 0.059 0.136 0.242 0.247 0.314
201 201 (0) 6 : 0.010 0.145 0.283 0.259 0.292 0.012
202 202 (0) 6 : 0.007 0.090 0.396 0.185 0.277 0.045
203 203 (0) 6 : 0.004 0.247 0.335 0.184 0.199 0.031
204 204 (13) 6 : 0.008 0.053 0.560 0.150 0.205 0.024
205 205 (0) 6 : 0.002 0.326 0.378 0.143 0.136 0.015
206 206 (12) 6 : 0.005 0.089 0.293 0.293 0.251 0.069
207 207 (0) 6 : 0.005 0.120 0.303 0.254 0.294 0.025
208 208 (0) 6 : 0.012 0.177 0.314 0.258 0.233 0.006
209 209 (8) 6 : 0.004 0.072 0.536 0.161 0.222 0.006
210 210 (0) 6 : 0.010 0.060 0.563 0.136 0.220 0.011
211 211 (0) 6 : 0.007 0.070 0.589 0.179 0.149 0.006
212 212 (0) 6 : 0.002 0.113 0.499 0.175 0.172 0.039
213 213 (0) 6 : 0.002 0.100 0.152 0.362 0.365 0.018
214 214 (0) 6 : 0.003 0.266 0.193 0.239 0.281 0.017
215 215 (14) 6 : 0.005 0.216 0.138 0.338 0.294 0.009
216 216 (0) 6 : 0.010 0.077 0.302 0.236 0.242 0.134
217 217 (0) 6 : 0.006 0.164 0.152 0.318 0.352 0.008
218 218 (0) 6 : 0.006 0.108 0.146 0.380 0.354 0.007
219 219 (14) 6 : 0.005 0.091 0.330 0.273 0.292 0.010
220 220 (0) 6 : 0.015 0.143 0.359 0.240 0.177 0.066
221 221 (7) 6 : 0.005 0.051 0.540 0.180 0.207 0.016
222 222 (0) 6 : 0.004 0.065 0.367 0.266 0.289 0.008
223 223 (0) 6 : 0.007 0.300 0.113 0.258 0.285 0.037
224 224 (0) 6 : 0.003 0.076 0.765 0.081 0.069 0.006
225 225 (5) 6 : 0.006 0.071 0.741 0.094 0.076 0.012
226 226 (0) 6 : 0.020 0.148 0.182 0.289 0.279 0.082
227 227 (0) 2 : 0.003 0.020 0.020 0.022 0.017 0.917
228 228 (0) 2 : 0.002 0.008 0.006 0.008 0.007 0.969
229 229 (0) 2 : 0.011 0.021 0.024 0.020 0.019 0.906
230 230 (0) 2 : 0.005 0.036 0.026 0.039 0.034 0.860
231 231 (0) 2 : 0.002 0.017 0.023 0.036 0.037 0.885
232 232 (0) 2 : 0.003 0.008 0.004 0.007 0.004 0.973
233 233 (0) 2 : 0.006 0.071 0.179 0.128 0.092 0.524
234 234 (0) 2 : 0.002 0.003 0.003 0.004 0.005 0.984
235 235 (0) 2 : 0.002 0.051 0.042 0.061 0.053 0.793
