1 1 (0) 1 : 0.347 0.005 0.005 0.015 0.071 0.557
2 2 (1) 1 : 0.392 0.003 0.039 0.002 0.111 0.454
3 3 (0) 1 : 0.417 0.006 0.025 0.008 0.097 0.447
4 4 (13) 2 : 0.009 0.006 0.961 0.004 0.009 0.012
5 5 (0) 2 : 0.005 0.001 0.981 0.005 0.004 0.003
6 6 (13) 2 : 0.012 0.008 0.959 0.002 0.010 0.009
7 7 (0) 2 : 0.008 0.002 0.965 0.003 0.010 0.013
8 8 (0) 2 : 0.017 0.002 0.895 0.066 0.009 0.010
9 9 (10) 2 : 0.012 0.002 0.850 0.105 0.011 0.019
10 10 (9) 2 : 0.019 0.005 0.932 0.007 0.014 0.022
11 11 (0) 2 : 0.024 0.014 0.913 0.005 0.014 0.030
12 12 (0) 2 : 0.034 0.012 0.876 0.002 0.018 0.058
13 13 (0) 2 : 0.419 0.003 0.008 0.004 0.193 0.373
14 14 (0) 2 : 0.081 0.003 0.788 0.008 0.030 0.091
15 15 (0) 2 : 0.021 0.003 0.945 0.004 0.011 0.016
16 16 (0) 2 : 0.004 0.002 0.980 0.005 0.004 0.005
17 17 (0) 2 : 0.057 0.008 0.858 0.002 0.030 0.045
18 18 (0) 2 : 0.008 0.004 0.972 0.002 0.006 0.008
19 19 (0) 2 : 0.011 0.002 0.966 0.004 0.006 0.010
20 20 (0) 2 : 0.009 0.018 0.775 0.178 0.010 0.011
21 21 (0) 2 : 0.024 0.004 0.935 0.006 0.011 0.020
22 22 (0) 2 : 0.028 0.002 0.905 0.011 0.025 0.029
23 23 (0) 2 : 0.228 0.004 0.414 0.004 0.090 0.260
24 24 (0) 2 : 0.006 0.056 0.924 0.004 0.006 0.004
25 25 (0) 2 : 0.044 0.002 0.900 0.004 0.021 0.029
26 26 (0) 2 : 0.021 0.015 0.921 0.009 0.013 0.021
27 27 (0) 2 : 0.012 0.003 0.931 0.026 0.010 0.019
28 28 (0) 2 : 0.121 0.007 0.661 0.010 0.057 0.144
29 29 (9) 2 : 0.047 0.004 0.882 0.002 0.028 0.035
30 30 (0) 2 : 0.350 0.001 0.103 0.001 0.192 0.352
31 31 (0) 2 : 0.029 0.003 0.915 0.002 0.014 0.037
32 32 (0) 2 : 0.014 0.005 0.962 0.005 0.006 0.008
33 33 (0) 2 : 0.198 0.002 0.446 0.037 0.052 0.265
34 34 (0) 2 : 0.020 0.004 0.926 0.010 0.014 0.026
35 35 (0) 2 : 0.017 0.003 0.791 0.148 0.021 0.021
36 36 (0) 2 : 0.004 0.002 0.983 0.003 0.004 0.004
37 37 (0) 2 : 0.029 0.003 0.919 0.006 0.019 0.023
38 38 (0) 2 : 0.186 0.002 0.284 0.002 0.343 0.183
39 39 (0) 2 : 0.007 0.005 0.970 0.002 0.007 0.009
40 40 (0) 2 : 0.010 0.002 0.971 0.001 0.007 0.008
41 41 (0) 2 : 0.014 0.004 0.926 0.032 0.010 0.013
42 42 (0) 2 : 0.050 0.022 0.857 0.001 0.030 0.039
43 43 (0) 2 : 0.013 0.002 0.956 0.002 0.014 0.013
44 44 (5) 2 : 0.008 0.001 0.965 0.003 0.014 0.009
45 45 (0) 2 : 0.009 0.003 0.965 0.008 0.005 0.009
46 46 (0) 2 : 0.019 0.005 0.927 0.001 0.025 0.024
47 47 (0) 2 : 0.012 0.004 0.958 0.002 0.014 0.010
48 48 (0) 2 : 0.007 0.003 0.976 0.002 0.007 0.006
49 49 (0) 2 : 0.323 0.003 0.125 0.005 0.192 0.352
50 50 (0) 2 : 0.022 0.005 0.934 0.002 0.017 0.019
51 51 (0) 2 : 0.022 0.006 0.929 0.002 0.021 0.020
52 52 (0) 2 : 0.014 0.005 0.949 0.002 0.011 0.019
53 53 (0) 2 : 0.082 0.003 0.742 0.002 0.088 0.083
54 54 (0) 2 : 0.006 0.002 0.976 0.002 0.007 0.007
55 55 (4) 2 : 0.258 0.002 0.302 0.002 0.160 0.276
56 56 (0) 2 : 0.260 0.004 0.367 0.004 0.085 0.279
57 57 (1) 2 : 0.131 0.006 0.149 0.003 0.579 0.131
58 58 (0) 2 : 0.027 0.005 0.926 0.002 0.017 0.022
59 59 (0) 2 : 0.006 0.014 0.963 0.001 0.009 0.007
60 60 (0) 2 : 0.010 0.004 0.947 0.019 0.010 0.009
61 61 (0) 2 : 0.092 0.005 0.705 0.005 0.091 0.103
62 62 (0) 2 : 0.004 0.002 0.982 0.002 0.006 0.004
63 63 (0) 2 : 0.015 0.001 0.941 0.006 0.015 0.022
64 64 (0) 2 : 0.018 0.002 0.958 0.003 0.007 0.011
65 65 (0) 2 : 0.220 0.002 0.368 0.008 0.149 0.253
66 66 (0) 2 : 0.013 0.003 0.950 0.009 0.014 0.011
67 67 (0) 2 : 0.022 0.009 0.926 0.007 0.018 0.018
68 68 (0) 2 : 0.007 0.002 0.963 0.002 0.012 0.013
69 69 (0) 2 : 0.033 0.005 0.905 0.011 0.019 0.027
70 70 (1) 2 : 0.005 0.003 0.974 0.004 0.007 0.007
71 71 (0) 3 : 0.387 0.024 0.030 0.007 0.113 0.440
72 72 (0) 3 : 0.399 0.002 0.004 0.004 0.267 0.324
73 73 (0) 3 : 0.376 0.003 0.004 0.003 0.232 0.381
74 74 (0) 3 : 0.306 0.032 0.035 0.003 0.058 0.566
75 75 (0) 3 : 0.374 0.001 0.020 0.006 0.181 0.418
76 76 (0) 3 : 0.283 0.004 0.008 0.047 0.485 0.173
77 77 (0) 3 : 0.149 0.004 0.005 0.004 0.760 0.077
78 78 (0) 3 : 0.126 0.001 0.014 0.003 0.795 0.060
79 79 (0) 3 : 0.336 0.002 0.028 0.007 0.385 0.242
80 80 (8) 3 : 0.186 0.003 0.005 0.009 0.627 0.170
81 81 (0) 3 : 0.352 0.003 0.016 0.001 0.194 0.434
82 82 (0) 3 : 0.261 0.004 0.366 0.011 0.050 0.307
83 83 (0) 3 : 0.288 0.001 0.049 0.002 0.343 0.317
84 84 (0) 3 : 0.488 0.003 0.009 0.002 0.114 0.384
85 85 (0) 3 : 0.173 0.003 0.060 0.003 0.653 0.107
86 86 (0) 3 : 0.264 0.008 0.016 0.037 0.483 0.193
87 87 (0) 3 : 0.284 0.009 0.006 0.046 0.472 0.182
88 88 (0) 3 : 0.364 0.003 0.046 0.005 0.340 0.243
89 89 (0) 3 : 0.440 0.001 0.027 0.017 0.128 0.387
90 90 (0) 3 : 0.173 0.002 0.010 0.016 0.596 0.203
91 91 (0) 3 : 0.328 0.011 0.025 0.002 0.180 0.455
92 92 (0) 3 : 0.297 0.003 0.026 0.006 0.328 0.340
93 93 (0) 3 : 0.261 0.005 0.128 0.021 0.264 0.322
94 94 (0) 3 : 0.244 0.021 0.065 0.004 0.428 0.238
95 95 (0) 3 : 0.424 0.006 0.020 0.003 0.129 0.419
96 96 (0) 3 : 0.252 0.002 0.011 0.002 0.493 0.240
97 97 (0) 3 : 0.268 0.006 0.004 0.011 0.405 0.306
98 98 (0) 3 : 0.295 0.002 0.204 0.016 0.143 0.338
99 99 (0) 3 : 0.384 0.002 0.028 0.009 0.150 0.428
100 100 (0) 3 : 0.303 0.002 0.005 0.006 0.450 0.234
101 101 (0) 3 : 0.330 0.003 0.016 0.001 0.244 0.406
102 102 (0) 3 : 0.267 0.003 0.025 0.006 0.381 0.319
103 103 (0) 3 : 0.263 0.001 0.016 0.004 0.493 0.223
104 104 (0) 3 : 0.291 0.005 0.035 0.003 0.350 0.317
105 105 (0) 3 : 0.352 0.005 0.011 0.002 0.284 0.346
106 106 (0) 3 : 0.307 0.002 0.010 0.006 0.393 0.282
107 107 (0) 3 : 0.351 0.018 0.047 0.007 0.080 0.496
108 108 (0) 3 : 0.314 0.019 0.006 0.002 0.411 0.248
109 109 (0) 3 : 0.220 0.046 0.355 0.041 0.067 0.270
110 110 (0) 3 : 0.370 0.003 0.018 0.003 0.096 0.510
111 111 (0) 3 : 0.270 0.001 0.021 0.007 0.486 0.214
112 112 (0) 3 : 0.250 0.006 0.084 0.002 0.454 0.204
113 113 (0) 3 : 0.257 0.002 0.016 0.002 0.500 0.224
114 114 (0) 3 : 0.358 0.005 0.012 0.002 0.185 0.438
115 115 (0) 3 : 0.377 0.002 0.035 0.006 0.130 0.450
116 116 (0) 3 : 0.255 0.003 0.011 0.005 0.535 0.191
117 117 (0) 3 : 0.001 0.001 0.001 0.995 0.001 0.001
118 118 (0) 3 : 0.315 0.003 0.007 0.006 0.354 0.315
119 119 (0) 3 : 0.331 0.004 0.020 0.010 0.360 0.276
120 120 (7) 4 : 0.001 0.001 0.001 0.995 0.001 0.001
121 121 (12) 4 : 0.256 0.002 0.011 0.008 0.489 0.234
122 122 (12) 4 : 0.158 0.002 0.022 0.532 0.146 0.140
123 123 (3) 4 : 0.284 0.002 0.015 0.002 0.409 0.288
124 124 (12) 4 : 0.270 0.003 0.055 0.002 0.325 0.346
125 125 (13) 4 : 0.315 0.006 0.014 0.001 0.334 0.330
126 126 (0) 4 : 0.147 0.002 0.595 0.003 0.098 0.155
127 127 (3) 4 : 0.293 0.005 0.022 0.002 0.393 0.286
128 128 (0) 4 : 0.263 0.012 0.016 0.001 0.396 0.312
129 129 (0) 4 : 0.166 0.004 0.008 0.007 0.676 0.139
130 130 (9) 4 : 0.375 0.018 0.004 0.003 0.290 0.309
131 131 (9) 4 : 0.228 0.002 0.005 0.002 0.550 0.212
132 132 (12) 4 : 0.331 0.002 0.021 0.008 0.257 0.381
133 133 (0) 5 : 0.026 0.010 0.913 0.006 0.024 0.021
134 134 (0) 5 : 0.199 0.003 0.010 0.002 0.618 0.168
135 135 (0) 5 : 0.041 0.022 0.865 0.013 0.017 0.042
136 136 (0) 6 : 0.367 0.019 0.009 0.002 0.316 0.286
137 137 (0) 6 : 0.331 0.027 0.003 0.005 0.336 0.299
138 138 (9) 6 : 0.282 0.008 0.006 0.004 0.431 0.269
139 139 (0) 6 : 0.457 0.004 0.004 0.004 0.145 0.386
140 140 (0) 6 : 0.162 0.007 0.007 0.003 0.723 0.097
141 141 (0) 6 : 0.431 0.002 0.008 0.003 0.089 0.467
142 142 (0) 6 : 0.275 0.003 0.018 0.008 0.439 0.257
143 143 (0) 6 : 0.379 0.003 0.028 0.003 0.101 0.486
144 144 (11) 6 : 0.435 0.002 0.014 0.002 0.098 0.448
145 145 (0) 6 : 0.352 0.003 0.039 0.020 0.213 0.374
146 146 (0) 6 : 0.410 0.002 0.048 0.001 0.088 0.450
147 147 (0) 6 : 0.435 0.003 0.024 0.002 0.169 0.367
148 148 (4) 6 : 0.401 0.002 0.018 0.004 0.208 0.367
149 149 (0) 6 : 0.377 0.005 0.011 0.004 0.129 0.474
150 150 (0) 6 : 0.466 0.004 0.042 0.004 0.080 0.405
151 151 (0) 6 : 0.117 0.006 0.004 0.001 0.808 0.064
152 152 (0) 6 : 0.182 0.002 0.050 0.010 0.615 0.142
153 153 (4) 6 : 0.144 0.004 0.004 0.001 0.790 0.057
154 154 (5) 6 : 0.224 0.009 0.010 0.002 0.572 0.184
155 155 (0) 6 : 0.229 0.009 0.006 0.028 0.527 0.200
156 156 (5) 6 : 0.273 0.006 0.010 0.007 0.414 0.290
157 157 (0) 6 : 0.419 0.004 0.008 0.006 0.104 0.459
158 158 (0) 6 : 0.390 0.006 0.021 0.006 0.168 0.409
159 159 (10) 6 : 0.362 0.016 0.012 0.003 0.110 0.497
160 160 (0) 6 : 0.317 0.005 0.008 0.002 0.397 0.270
161 161 (0) 6 : 0.338 0.006 0.004 0.004 0.445 0.202
162 162 (0) 6 : 0.333 0.015 0.012 0.002 0.354 0.284
163 163 (5) 6 : 0.289 0.004 0.026 0.005 0.344 0.332
164 164 (0) 6 : 0.351 0.006 0.099 0.001 0.110 0.433
165 165 (0) 6 : 0.446 0.006 0.018 0.003 0.097 0.430
166 166 (0) 6 : 0.344 0.004 0.038 0.002 0.209 0.403
167 167 (10) 6 : 0.394 0.006 0.018 0.004 0.106 0.472
168 168 (0) 6 : 0.407 0.006 0.019 0.003 0.134 0.431
169 169 (0) 6 : 0.210 0.009 0.004 0.001 0.644 0.131
170 170 (0) 6 : 0.449 0.010 0.009 0.002 0.133 0.397
171 171 (0) 6 : 0.284 0.002 0.012 0.003 0.440 0.260
172 172 (0) 6 : 0.100 0.003 0.005 0.011 0.837 0.045
173 173 (0) 6 : 0.082 0.004 0.007 0.010 0.850 0.048
174 174 (0) 6 : 0.356 0.006 0.011 0.017 0.284 0.325
175 175 (0) 6 : 0.221 0.001 0.009 0.017 0.584 0.166
176 176 (0) 6 : 0.383 0.022 0.032 0.006 0.184 0.374
177 177 (0) 6 : 0.289 0.004 0.020 0.003 0.386 0.298
178 178 (2) 6 : 0.325 0.020 0.013 0.007 0.305 0.330
179 179 (0) 6 : 0.241 0.002 0.058 0.007 0.498 0.194
180 180 (0) 6 : 0.267 0.003 0.014 0.003 0.407 0.304
181 181 (0) 6 : 0.321 0.004 0.012 0.007 0.329 0.327
182 182 (0) 6 : 0.332 0.003 0.029 0.002 0.195 0.438
183 183 (7) 6 : 0.311 0.002 0.012 0.004 0.299 0.373
184 184 (0) 6 : 0.307 0.002 0.015 0.005 0.339 0.331
185 185 (10) 6 : 0.323 0.008 0.072 0.002 0.129 0.467
186 186 (0) 6 : 0.072 0.002 0.756 0.011 0.061 0.099
187 187 (8) 6 : 0.382 0.007 0.009 0.018 0.187 0.397
188 188 (0) 6 : 0.353 0.020 0.006 0.003 0.234 0.385
189 189 (7) 6 : 0.363 0.006 0.014 0.002 0.100 0.514
190 190 (0) 6 : 0.187 0.002 0.004 0.002 0.718 0.087
191 191 (0) 6 : 0.138 0.005 0.010 0.004 0.717 0.126
192 192 (0) 6 : 0.352 0.021 0.036 0.002 0.234 0.355
193 193 (0) 6 : 0.404 0.008 0.007 0.006 0.102 0.473
194 194 (2) 6 : 0.209 0.005 0.018 0.007 0.598 0.162
195 195 (0) 6 : 0.234 0.011 0.043 0.170 0.398 0.145
196 196 (0) 6 : 0.237 0.037 0.111 0.005 0.263 0.348
197 197 (3) 6 : 0.409 0.003 0.028 0.008 0.223 0.329
198 198 (0) 6 : 0.406 0.003 0.014 0.002 0.259 0.316
199 199 (0) 6 : 0.413 0.014 0.007 0.002 0.297 0.267
200 200 (0) 6 : 0.275 0.004 0.372 0.002 0.053 0.292
201 201 (0) 6 : 0.322 0.002 0.011 0.008 0.279 0.377
202 202 (0) 6 : 0.390 0.014 0.073 0.009 0.186 0.329
203 203 (0) 6 : 0.265 0.049 0.034 0.003 0.402 0.246
204 204 (13) 6 : 0.429 0.003 0.016 0.006 0.079 0.467
205 205 (0) 6 : 0.273 0.008 0.015 0.002 0.436 0.266
206 206 (12) 6 : 0.356 0.006 0.064 0.004 0.116 0.455
207 207 (0) 6 : 0.357 0.052 0.045 0.004 0.192 0.351
208 208 (0) 6 : 0.379 0.010 0.004 0.007 0.208 0.392
209 209 (8) 6 : 0.459 0.003 0.007 0.004 0.080 0.447
210 210 (0) 6 : 0.454 0.002 0.019 0.008 0.092 0.424
211 211 (0) 6 : 0.296 0.053 0.008 0.005 0.194 0.443
212 212 (0) 6 : 0.126 0.305 0.199 0.002 0.152 0.216
213 213 (0) 6 : 0.375 0.002 0.018 0.002 0.140 0.463
214 214 (0) 6 : 0.265 0.029 0.015 0.003 0.483 0.205
215 215 (14) 6 : 0.298 0.004 0.009 0.005 0.404 0.281
216 216 (0) 6 : 0.291 0.005 0.157 0.007 0.131 0.409
217 217 (0) 6 : 0.414 0.007 0.009 0.006 0.161 0.402
218 218 (0) 6 : 0.402 0.002 0.007 0.005 0.208 0.374
219 219 (14) 6 : 0.402 0.013 0.010 0.004 0.181 0.391
220 220 (0) 6 : 0.317 0.006 0.061 0.010 0.192 0.413
221 221 (7) 6 : 0.423 0.003 0.014 0.004 0.082 0.474
222 222 (0) 6 : 0.406 0.069 0.007 0.003 0.058 0.457
223 223 (0) 6 : 0.346 0.002 0.031 0.008 0.370 0.243
224 224 (0) 6 : 0.001 0.996 0.001 0.001 0.001 0.001
225 225 (5) 6 : 0.001 0.996 0.001 0.001 0.001 0.001
226 226 (0) 6 : 0.367 0.004 0.117 0.019 0.133 0.359
227 227 (0) 2 : 0.009 0.002 0.944 0.004 0.019 0.022
228 228 (0) 2 : 0.007 0.002 0.980 0.002 0.005 0.005
229 229 (0) 2 : 0.016 0.004 0.914 0.011 0.032 0.024
230 230 (0) 2 : 0.041 0.006 0.881 0.003 0.032 0.038
231 231 (0) 2 : 0.023 0.003 0.932 0.002 0.020 0.020
232 232 (0) 2 : 0.005 0.001 0.981 0.003 0.004 0.006
233 233 (0) 2 : 0.139 0.032 0.564 0.005 0.100 0.161
234 234 (0) 2 : 0.003 0.002 0.984 0.002 0.005 0.003
235 235 (0) 2 : 0.046 0.002 0.824 0.001 0.067 0.060
1 1 (0) 1 : 0.004 0.378 0.370 0.092 0.016 0.138
2 2 (1) 1 : 0.037 0.429 0.384 0.025 0.002 0.123
3 3 (0) 1 : 0.031 0.377 0.374 0.063 0.008 0.148
4 4 (13) 2 : 0.958 0.009 0.011 0.008 0.003 0.011
5 5 (0) 2 : 0.983 0.003 0.004 0.003 0.004 0.003
6 6 (13) 2 : 0.956 0.013 0.008 0.011 0.002 0.010
7 7 (0) 2 : 0.960 0.012 0.013 0.003 0.002 0.009
8 8 (0) 2 : 0.887 0.008 0.007 0.003 0.084 0.011
9 9 (10) 2 : 0.849 0.020 0.013 0.007 0.093 0.019
10 10 (9) 2 : 0.918 0.025 0.025 0.007 0.007 0.017
11 11 (0) 2 : 0.895 0.031 0.027 0.026 0.004 0.017
12 12 (0) 2 : 0.841 0.052 0.062 0.016 0.002 0.028
13 13 (0) 2 : 0.008 0.285 0.370 0.086 0.005 0.247
14 14 (0) 2 : 0.793 0.083 0.062 0.008 0.006 0.048
15 15 (0) 2 : 0.928 0.023 0.021 0.004 0.004 0.019
16 16 (0) 2 : 0.979 0.004 0.006 0.002 0.005 0.004
17 17 (0) 2 : 0.829 0.057 0.046 0.018 0.002 0.048
18 18 (0) 2 : 0.977 0.006 0.005 0.004 0.002 0.005
19 19 (0) 2 : 0.963 0.013 0.010 0.003 0.003 0.009
20 20 (0) 2 : 0.779 0.008 0.012 0.015 0.179 0.009
21 21 (0) 2 : 0.949 0.012 0.017 0.006 0.004 0.012
22 22 (0) 2 : 0.903 0.033 0.022 0.005 0.009 0.028
23 23 (0) 2 : 0.467 0.207 0.177 0.031 0.003 0.116
24 24 (0) 2 : 0.932 0.008 0.004 0.045 0.003 0.008
25 25 (0) 2 : 0.922 0.023 0.023 0.004 0.004 0.023
26 26 (0) 2 : 0.908 0.020 0.019 0.021 0.009 0.023
27 27 (0) 2 : 0.939 0.010 0.011 0.005 0.026 0.009
28 28 (0) 2 : 0.709 0.111 0.104 0.023 0.011 0.041
29 29 (9) 2 : 0.888 0.051 0.033 0.011 0.002 0.015
30 30 (0) 2 : 0.097 0.335 0.317 0.034 0.001 0.215
31 31 (0) 2 : 0.910 0.029 0.037 0.006 0.002 0.015
32 32 (0) 2 : 0.968 0.006 0.006 0.003 0.009 0.007
33 33 (0) 2 : 0.444 0.197 0.216 0.022 0.028 0.093
34 34 (0) 2 : 0.926 0.021 0.014 0.005 0.009 0.024
35 35 (0) 2 : 0.786 0.023 0.022 0.004 0.153 0.012
36 36 (0) 2 : 0.981 0.005 0.005 0.002 0.003 0.004
37 37 (0) 2 : 0.930 0.017 0.024 0.006 0.007 0.016
38 38 (0) 2 : 0.272 0.230 0.238 0.013 0.002 0.244
39 39 (0) 2 : 0.968 0.009 0.008 0.006 0.002 0.007
40 40 (0) 2 : 0.962 0.018 0.011 0.003 0.001 0.004
41 41 (0) 2 : 0.901 0.020 0.014 0.011 0.039 0.014
42 42 (0) 2 : 0.828 0.035 0.055 0.033 0.002 0.046
43 43 (0) 2 : 0.951 0.019 0.014 0.006 0.001 0.008
44 44 (5) 2 : 0.964 0.009 0.012 0.004 0.002 0.010
45 45 (0) 2 : 0.964 0.009 0.005 0.005 0.010 0.008
46 46 (0) 2 : 0.898 0.020 0.047 0.012 0.001 0.022
47 47 (0) 2 : 0.955 0.011 0.013 0.004 0.002 0.014
48 48 (0) 2 : 0.975 0.008 0.007 0.003 0.002 0.006
49 49 (0) 2 : 0.146 0.323 0.280 0.034 0.005 0.212
50 50 (0) 2 : 0.937 0.024 0.019 0.006 0.002 0.012
51 51 (0) 2 : 0.937 0.017 0.019 0.005 0.001 0.021
52 52 (0) 2 : 0.909 0.016 0.031 0.023 0.003 0.019
53 53 (0) 2 : 0.770 0.073 0.060 0.016 0.003 0.079
54 54 (0) 2 : 0.972 0.008 0.006 0.003 0.003 0.007
55 55 (4) 2 : 0.289 0.278 0.243 0.040 0.002 0.148
56 56 (0) 2 : 0.459 0.185 0.171 0.035 0.004 0.147
57 57 (1) 2 : 0.187 0.170 0.243 0.041 0.004 0.355
58 58 (0) 2 : 0.911 0.031 0.021 0.010 0.004 0.023
59 59 (0) 2 : 0.964 0.007 0.009 0.011 0.001 0.007
60 60 (0) 2 : 0.936 0.019 0.010 0.007 0.017 0.011
61 61 (0) 2 : 0.625 0.083 0.119 0.018 0.004 0.152
62 62 (0) 2 : 0.979 0.005 0.004 0.004 0.003 0.005
63 63 (0) 2 : 0.942 0.016 0.017 0.006 0.006 0.013
64 64 (0) 2 : 0.915 0.024 0.033 0.006 0.003 0.019
65 65 (0) 2 : 0.395 0.204 0.169 0.016 0.008 0.208
66 66 (0) 2 : 0.940 0.015 0.017 0.006 0.011 0.011
67 67 (0) 2 : 0.927 0.012 0.025 0.011 0.004 0.022
68 68 (0) 2 : 0.963 0.009 0.011 0.004 0.003 0.011
69 69 (0) 2 : 0.906 0.029 0.024 0.012 0.008 0.020
70 70 (1) 2 : 0.970 0.009 0.007 0.003 0.004 0.007
71 71 (0) 3 : 0.034 0.343 0.387 0.077 0.010 0.149
72 72 (0) 3 : 0.005 0.305 0.365 0.042 0.004 0.280
73 73 (0) 3 : 0.005 0.358 0.372 0.051 0.004 0.209
74 74 (0) 3 : 0.035 0.430 0.387 0.064 0.004 0.080
75 75 (0) 3 : 0.023 0.409 0.316 0.021 0.005 0.226
76 76 (0) 3 : 0.011 0.262 0.339 0.013 0.035 0.340
77 77 (0) 3 : 0.006 0.137 0.140 0.053 0.004 0.660
78 78 (0) 3 : 0.018 0.131 0.147 0.023 0.003 0.678
79 79 (0) 3 : 0.031 0.306 0.282 0.026 0.007 0.348
80 80 (8) 3 : 0.005 0.214 0.248 0.057 0.008 0.467
81 81 (0) 3 : 0.016 0.420 0.329 0.034 0.002 0.199
82 82 (0) 3 : 0.400 0.240 0.256 0.013 0.012 0.078
83 83 (0) 3 : 0.058 0.312 0.289 0.026 0.002 0.313
84 84 (0) 3 : 0.009 0.429 0.348 0.043 0.003 0.169
85 85 (0) 3 : 0.078 0.190 0.199 0.014 0.003 0.515
86 86 (0) 3 : 0.020 0.201 0.246 0.037 0.037 0.458
87 87 (0) 3 : 0.005 0.218 0.191 0.099 0.053 0.434
88 88 (0) 3 : 0.035 0.263 0.291 0.030 0.006 0.375
89 89 (0) 3 : 0.035 0.340 0.353 0.013 0.016 0.244
90 90 (0) 3 : 0.008 0.203 0.269 0.023 0.012 0.485
91 91 (0) 3 : 0.023 0.361 0.323 0.081 0.002 0.210
92 92 (0) 3 : 0.020 0.348 0.307 0.028 0.005 0.293
93 93 (0) 3 : 0.121 0.304 0.293 0.024 0.018 0.239
94 94 (0) 3 : 0.061 0.231 0.247 0.061 0.005 0.396
95 95 (0) 3 : 0.014 0.381 0.344 0.056 0.004 0.200
96 96 (0) 3 : 0.009 0.170 0.196 0.061 0.003 0.562
97 97 (0) 3 : 0.004 0.240 0.253 0.066 0.012 0.426
98 98 (0) 3 : 0.210 0.324 0.273 0.017 0.015 0.160
99 99 (0) 3 : 0.030 0.318 0.373 0.027 0.008 0.244
100 100 (0) 3 : 0.007 0.319 0.259 0.029 0.007 0.380
101 101 (0) 3 : 0.012 0.412 0.282 0.046 0.001 0.247
102 102 (0) 3 : 0.023 0.348 0.301 0.048 0.008 0.273
103 103 (0) 3 : 0.015 0.264 0.230 0.017 0.004 0.469
104 104 (0) 3 : 0.022 0.230 0.268 0.062 0.004 0.413
105 105 (0) 3 : 0.010 0.294 0.341 0.029 0.002 0.323
106 106 (0) 3 : 0.013 0.235 0.289 0.028 0.007 0.428
107 107 (0) 3 : 0.033 0.401 0.389 0.056 0.007 0.114
108 108 (0) 3 : 0.004 0.220 0.218 0.072 0.002 0.484
109 109 (0) 3 : 0.365 0.196 0.204 0.045 0.045 0.144
110 110 (0) 3 : 0.016 0.431 0.361 0.030 0.004 0.157
111 111 (0) 3 : 0.016 0.216 0.258 0.009 0.007 0.493
112 112 (0) 3 : 0.083 0.230 0.238 0.028 0.002 0.419
113 113 (0) 3 : 0.014 0.222 0.276 0.027 0.002 0.459
114 114 (0) 3 : 0.009 0.390 0.424 0.030 0.003 0.144
115 115 (0) 3 : 0.044 0.353 0.323 0.023 0.008 0.248
116 116 (0) 3 : 0.010 0.275 0.298 0.037 0.006 0.374
117 117 (0) 3 : 0.001 0.001 0.001 0.001 0.996 0.001
118 118 (0) 3 : 0.008 0.349 0.369 0.020 0.005 0.250
119 119 (0) 3 : 0.019 0.264 0.333 0.063 0.008 0.312
120 120 (7) 4 : 0.001 0.001 0.001 0.001 0.995 0.001
121 121 (12) 4 : 0.010 0.227 0.212 0.014 0.007 0.530
122 122 (12) 4 : 0.017 0.106 0.162 0.011 0.531 0.173
123 123 (3) 4 : 0.020 0.281 0.264 0.039 0.002 0.393
124 124 (12) 4 : 0.047 0.313 0.329 0.037 0.002 0.273
125 125 (13) 4 : 0.012 0.293 0.286 0.119 0.002 0.289
126 126 (0) 4 : 0.563 0.163 0.123 0.022 0.003 0.128
127 127 (3) 4 : 0.025 0.276 0.233 0.119 0.002 0.345
128 128 (0) 4 : 0.015 0.227 0.244 0.109 0.002 0.403
129 129 (0) 4 : 0.008 0.178 0.190 0.064 0.006 0.555
130 130 (9) 4 : 0.003 0.334 0.335 0.073 0.004 0.252
131 131 (9) 4 : 0.007 0.182 0.195 0.085 0.002 0.530
132 132 (12) 4 : 0.023 0.368 0.315 0.026 0.008 0.261
133 133 (0) 5 : 0.919 0.019 0.017 0.013 0.006 0.025
134 134 (0) 5 : 0.009 0.163 0.156 0.079 0.002 0.591
135 135 (0) 5 : 0.871 0.023 0.031 0.039 0.013 0.024
136 136 (0) 6 : 0.010 0.240 0.265 0.099 0.002 0.384
137 137 (0) 6 : 0.003 0.331 0.293 0.069 0.004 0.300
138 138 (9) 6 : 0.005 0.297 0.364 0.053 0.004 0.278
139 139 (0) 6 : 0.003 0.437 0.356 0.064 0.004 0.136
140 140 (0) 6 : 0.009 0.168 0.180 0.054 0.004 0.586
141 141 (0) 6 : 0.014 0.416 0.351 0.045 0.003 0.171
142 142 (0) 6 : 0.012 0.277 0.334 0.025 0.006 0.346
143 143 (0) 6 : 0.016 0.360 0.430 0.046 0.004 0.144
144 144 (11) 6 : 0.017 0.408 0.438 0.021 0.002 0.113
145 145 (0) 6 : 0.031 0.332 0.303 0.050 0.023 0.261
146 146 (0) 6 : 0.066 0.385 0.347 0.021 0.002 0.179
147 147 (0) 6 : 0.029 0.368 0.350 0.024 0.001 0.229
148 148 (4) 6 : 0.014 0.413 0.344 0.034 0.004 0.191
149 149 (0) 6 : 0.013 0.391 0.408 0.059 0.004 0.124
150 150 (0) 6 : 0.073 0.435 0.364 0.011 0.004 0.114
151 151 (0) 6 : 0.006 0.076 0.106 0.185 0.001 0.625
152 152 (0) 6 : 0.049 0.215 0.233 0.041 0.009 0.454
153 153 (4) 6 : 0.005 0.095 0.085 0.187 0.001 0.628
154 154 (5) 6 : 0.009 0.154 0.162 0.157 0.001 0.518
155 155 (0) 6 : 0.008 0.190 0.253 0.061 0.024 0.464
156 156 (5) 6 : 0.008 0.282 0.318 0.064 0.006 0.322
157 157 (0) 6 : 0.009 0.417 0.394 0.042 0.006 0.132
158 158 (0) 6 : 0.018 0.451 0.325 0.053 0.005 0.147
159 159 (10) 6 : 0.014 0.365 0.376 0.096 0.003 0.147
160 160 (0) 6 : 0.012 0.215 0.249 0.055 0.002 0.467
161 161 (0) 6 : 0.005 0.225 0.189 0.100 0.003 0.477
162 162 (0) 6 : 0.012 0.295 0.311 0.059 0.001 0.322
163 163 (5) 6 : 0.028 0.346 0.332 0.024 0.004 0.265
164 164 (0) 6 : 0.116 0.321 0.351 0.080 0.001 0.131
165 165 (0) 6 : 0.017 0.401 0.330 0.070 0.004 0.178
166 166 (0) 6 : 0.035 0.325 0.284 0.093 0.003 0.260
167 167 (10) 6 : 0.016 0.436 0.368 0.048 0.003 0.129
168 168 (0) 6 : 0.018 0.431 0.368 0.046 0.003 0.135
169 169 (0) 6 : 0.003 0.147 0.220 0.071 0.001 0.557
170 170 (0) 6 : 0.011 0.388 0.311 0.074 0.002 0.214
171 171 (0) 6 : 0.011 0.265 0.296 0.056 0.003 0.368
172 172 (0) 6 : 0.006 0.133 0.232 0.007 0.009 0.613
173 173 (0) 6 : 0.009 0.139 0.237 0.006 0.009 0.600
174 174 (0) 6 : 0.009 0.295 0.297 0.052 0.016 0.332
175 175 (0) 6 : 0.010 0.232 0.200 0.058 0.019 0.483
176 176 (0) 6 : 0.031 0.344 0.347 0.092 0.005 0.180
177 177 (0) 6 : 0.022 0.256 0.291 0.047 0.002 0.381
178 178 (2) 6 : 0.012 0.332 0.349 0.070 0.006 0.231
179 179 (0) 6 : 0.042 0.217 0.260 0.054 0.007 0.420
180 180 (0) 6 : 0.013 0.274 0.381 0.031 0.003 0.298
181 181 (0) 6 : 0.013 0.367 0.366 0.039 0.006 0.209
182 182 (0) 6 : 0.031 0.379 0.399 0.026 0.002 0.163
183 183 (7) 6 : 0.009 0.263 0.325 0.037 0.003 0.363
184 184 (0) 6 : 0.017 0.351 0.332 0.013 0.005 0.283
185 185 (10) 6 : 0.070 0.361 0.369 0.040 0.001 0.159
186 186 (0) 6 : 0.720 0.093 0.110 0.016 0.008 0.054
187 187 (8) 6 : 0.009 0.343 0.389 0.033 0.013 0.213
188 188 (0) 6 : 0.005 0.361 0.283 0.050 0.002 0.299
189 189 (7) 6 : 0.013 0.382 0.397 0.070 0.002 0.137
190 190 (0) 6 : 0.004 0.153 0.202 0.024 0.002 0.616
191 191 (0) 6 : 0.015 0.157 0.229 0.039 0.006 0.554
192 192 (0) 6 : 0.042 0.299 0.394 0.077 0.003 0.185
193 193 (0) 6 : 0.008 0.417 0.324 0.059 0.006 0.187
194 194 (2) 6 : 0.014 0.208 0.238 0.047 0.008 0.485
195 195 (0) 6 : 0.045 0.151 0.180 0.045 0.155 0.425
196 196 (0) 6 : 0.082 0.291 0.271 0.083 0.006 0.268
197 197 (3) 6 : 0.029 0.323 0.302 0.077 0.007 0.262
198 198 (0) 6 : 0.019 0.283 0.326 0.033 0.002 0.336
199 199 (0) 6 : 0.005 0.364 0.336 0.061 0.002 0.232
200 200 (0) 6 : 0.352 0.280 0.234 0.034 0.003 0.098
201 201 (0) 6 : 0.008 0.372 0.372 0.023 0.008 0.218
202 202 (0) 6 : 0.064 0.313 0.317 0.082 0.006 0.218
203 203 (0) 6 : 0.031 0.294 0.293 0.065 0.004 0.313
204 204 (13) 6 : 0.016 0.385 0.358 0.069 0.005 0.166
205 205 (0) 6 : 0.020 0.228 0.248 0.082 0.002 0.421
206 206 (12) 6 : 0.059 0.363 0.348 0.060 0.005 0.165
207 207 (0) 6 : 0.032 0.345 0.325 0.113 0.004 0.181
208 208 (0) 6 : 0.006 0.377 0.327 0.062 0.009 0.219
209 209 (8) 6 : 0.006 0.385 0.336 0.075 0.004 0.194
210 210 (0) 6 : 0.017 0.378 0.343 0.070 0.012 0.180
211 211 (0) 6 : 0.008 0.348 0.339 0.134 0.007 0.164
212 212 (0) 6 : 0.079 0.205 0.225 0.336 0.002 0.153
213 213 (0) 6 : 0.011 0.458 0.369 0.029 0.002 0.132
214 214 (0) 6 : 0.016 0.279 0.303 0.042 0.003 0.357
215 215 (14) 6 : 0.010 0.356 0.277 0.020 0.004 0.333
216 216 (0) 6 : 0.150 0.351 0.297 0.025 0.008 0.169
217 217 (0) 6 : 0.009 0.371 0.381 0.044 0.005 0.190
218 218 (0) 6 : 0.005 0.406 0.378 0.046 0.004 0.162
219 219 (14) 6 : 0.008 0.386 0.277 0.086 0.003 0.240
220 220 (0) 6 : 0.061 0.322 0.387 0.041 0.015 0.174
221 221 (7) 6 : 0.024 0.393 0.374 0.062 0.004 0.143
222 222 (0) 6 : 0.013 0.357 0.377 0.159 0.003 0.091
223 223 (0) 6 : 0.021 0.267 0.330 0.039 0.006 0.337
224 224 (0) 6 : 0.002 0.019 0.007 0.962 0.002 0.009
225 225 (5) 6 : 0.004 0.015 0.011 0.957 0.002 0.010
226 226 (0) 6 : 0.095 0.357 0.360 0.042 0.022 0.124
227 227 (0) 2 : 0.936 0.022 0.016 0.010 0.004 0.011
228 228 (0) 2 : 0.978 0.007 0.005 0.003 0.002 0.005
229 229 (0) 2 : 0.924 0.019 0.014 0.008 0.014 0.021
230 230 (0) 2 : 0.872 0.028 0.047 0.008 0.003 0.042
231 231 (0) 2 : 0.918 0.026 0.026 0.011 0.002 0.017
232 232 (0) 2 : 0.981 0.004 0.005 0.003 0.003 0.004
233 233 (0) 2 : 0.625 0.094 0.120 0.078 0.005 0.077
234 234 (0) 2 : 0.986 0.004 0.003 0.003 0.002 0.003
235 235 (0) 2 : 0.790 0.066 0.068 0.006 0.001 0.068
