1.0000	0.8547	0.9205	0.8971	0.8998	0.8825	0.9067	0.9012	0.9020	0.9088
0.8547	1.0000	0.8567	0.8522	0.8687	0.8995	0.8813	0.8456	0.8974	0.8919
0.9205	0.8567	1.0000	0.8884	0.8825	0.8960	0.8903	0.9102	0.8943	0.9026
0.8971	0.8522	0.8884	1.0000	0.9321	0.8953	0.9167	0.8660	0.8918	0.8830
0.8998	0.8687	0.8825	0.9321	1.0000	0.8935	0.9444	0.8659	0.9112	0.9001
0.8825	0.8995	0.8960	0.8953	0.8935	1.0000	0.8974	0.8685	0.8911	0.8850
0.9067	0.8813	0.8903	0.9167	0.9444	0.8974	1.0000	0.8743	0.9285	0.9230
0.9012	0.8456	0.9102	0.8660	0.8659	0.8685	0.8743	1.0000	0.8853	0.8976
0.9020	0.8974	0.8943	0.8918	0.9112	0.8911	0.9285	0.8853	1.0000	0.9500
0.9088	0.8919	0.9026	0.8830	0.9001	0.8850	0.9230	0.8976	0.9500	1.0000
