1 1 (0) 1 : 0.017 0.983
2 2 (1) 1 : 0.107 0.893
3 3 (0) 1 : 0.095 0.905
4 4 (13) 2 : 0.975 0.025
5 5 (0) 2 : 0.990 0.010
6 6 (13) 2 : 0.969 0.031
7 7 (0) 2 : 0.979 0.021
8 8 (0) 2 : 0.975 0.025
9 9 (10) 2 : 0.964 0.036
10 10 (9) 2 : 0.953 0.047
11 11 (0) 2 : 0.954 0.046
12 12 (0) 2 : 0.919 0.081
13 13 (0) 2 : 0.019 0.981
14 14 (0) 2 : 0.894 0.106
15 15 (0) 2 : 0.968 0.032
16 16 (0) 2 : 0.990 0.010
17 17 (0) 2 : 0.906 0.094
18 18 (0) 2 : 0.985 0.015
19 19 (0) 2 : 0.979 0.021
20 20 (0) 2 : 0.930 0.070
21 21 (0) 2 : 0.972 0.028
22 22 (0) 2 : 0.952 0.048
23 23 (0) 2 : 0.764 0.236
24 24 (0) 2 : 0.985 0.015
25 25 (0) 2 : 0.956 0.044
26 26 (0) 2 : 0.966 0.034
27 27 (0) 2 : 0.963 0.037
28 28 (0) 2 : 0.845 0.155
29 29 (9) 2 : 0.923 0.077
30 30 (0) 2 : 0.365 0.635
31 31 (0) 2 : 0.954 0.046
32 32 (0) 2 : 0.978 0.022
33 33 (0) 2 : 0.753 0.247
34 34 (0) 2 : 0.967 0.033
35 35 (0) 2 : 0.965 0.035
36 36 (0) 2 : 0.988 0.012
37 37 (0) 2 : 0.966 0.034
38 38 (0) 2 : 0.468 0.532
39 39 (0) 2 : 0.982 0.018
40 40 (0) 2 : 0.980 0.020
41 41 (0) 2 : 0.963 0.037
42 42 (0) 2 : 0.900 0.100
43 43 (0) 2 : 0.971 0.029
44 44 (5) 2 : 0.976 0.024
45 45 (0) 2 : 0.981 0.019
46 46 (0) 2 : 0.941 0.059
47 47 (0) 2 : 0.975 0.025
48 48 (0) 2 : 0.982 0.018
49 49 (0) 2 : 0.431 0.569
50 50 (0) 2 : 0.965 0.035
51 51 (0) 2 : 0.958 0.042
52 52 (0) 2 : 0.959 0.041
53 53 (0) 2 : 0.884 0.116
54 54 (0) 2 : 0.986 0.014
55 55 (4) 2 : 0.495 0.505
56 56 (0) 2 : 0.788 0.212
57 57 (1) 2 : 0.337 0.663
58 58 (0) 2 : 0.966 0.034
59 59 (0) 2 : 0.982 0.018
60 60 (0) 2 : 0.980 0.020
61 61 (0) 2 : 0.848 0.152
62 62 (0) 2 : 0.989 0.011
63 63 (0) 2 : 0.965 0.035
64 64 (0) 2 : 0.972 0.028
65 65 (0) 2 : 0.705 0.295
66 66 (0) 2 : 0.973 0.027
67 67 (0) 2 : 0.965 0.035
68 68 (0) 2 : 0.976 0.024
69 69 (0) 2 : 0.943 0.057
70 70 (1) 2 : 0.983 0.017
71 71 (0) 3 : 0.104 0.896
72 72 (0) 3 : 0.010 0.990
73 73 (0) 3 : 0.016 0.984
74 74 (0) 3 : 0.101 0.899
75 75 (0) 3 : 0.068 0.932
76 76 (0) 3 : 0.025 0.975
77 77 (0) 3 : 0.022 0.978
78 78 (0) 3 : 0.055 0.945
79 79 (0) 3 : 0.096 0.904
80 80 (8) 3 : 0.015 0.985
81 81 (0) 3 : 0.059 0.941
82 82 (0) 3 : 0.679 0.321
83 83 (0) 3 : 0.198 0.802
84 84 (0) 3 : 0.029 0.971
85 85 (0) 3 : 0.216 0.784
86 86 (0) 3 : 0.051 0.949
87 87 (0) 3 : 0.021 0.979
88 88 (0) 3 : 0.149 0.851
89 89 (0) 3 : 0.117 0.883
90 90 (0) 3 : 0.022 0.978
91 91 (0) 3 : 0.078 0.922
92 92 (0) 3 : 0.054 0.946
93 93 (0) 3 : 0.278 0.722
94 94 (0) 3 : 0.139 0.861
95 95 (0) 3 : 0.067 0.933
96 96 (0) 3 : 0.031 0.969
97 97 (0) 3 : 0.013 0.987
98 98 (0) 3 : 0.455 0.545
99 99 (0) 3 : 0.123 0.877
100 100 (0) 3 : 0.022 0.978
101 101 (0) 3 : 0.047 0.953
102 102 (0) 3 : 0.055 0.945
103 103 (0) 3 : 0.041 0.959
104 104 (0) 3 : 0.092 0.908
105 105 (0) 3 : 0.042 0.958
106 106 (0) 3 : 0.058 0.942
107 107 (0) 3 : 0.084 0.916
108 108 (0) 3 : 0.012 0.988
109 109 (0) 3 : 0.680 0.320
110 110 (0) 3 : 0.044 0.956
111 111 (0) 3 : 0.090 0.910
112 112 (0) 3 : 0.312 0.688
113 113 (0) 3 : 0.067 0.933
114 114 (0) 3 : 0.033 0.967
115 115 (0) 3 : 0.147 0.853
116 116 (0) 3 : 0.033 0.967
117 117 (0) 3 : 0.090 0.910
118 118 (0) 3 : 0.032 0.968
119 119 (0) 3 : 0.054 0.946
120 120 (7) 4 : 0.085 0.915
121 121 (12) 4 : 0.031 0.969
122 122 (12) 4 : 0.070 0.930
123 123 (3) 4 : 0.050 0.950
124 124 (12) 4 : 0.146 0.854
125 125 (13) 4 : 0.035 0.965
126 126 (0) 4 : 0.730 0.270
127 127 (3) 4 : 0.094 0.906
128 128 (0) 4 : 0.043 0.957
129 129 (0) 4 : 0.028 0.972
130 130 (9) 4 : 0.009 0.991
131 131 (9) 4 : 0.025 0.975
132 132 (12) 4 : 0.039 0.961
133 133 (0) 5 : 0.958 0.042
134 134 (0) 5 : 0.030 0.970
135 135 (0) 5 : 0.949 0.051
136 136 (0) 6 : 0.028 0.972
137 137 (0) 6 : 0.009 0.991
138 138 (9) 6 : 0.017 0.983
139 139 (0) 6 : 0.014 0.986
140 140 (0) 6 : 0.025 0.975
141 141 (0) 6 : 0.035 0.965
142 142 (0) 6 : 0.031 0.969
143 143 (0) 6 : 0.058 0.942
144 144 (11) 6 : 0.075 0.925
145 145 (0) 6 : 0.098 0.902
146 146 (0) 6 : 0.304 0.696
147 147 (0) 6 : 0.102 0.898
148 148 (4) 6 : 0.059 0.941
149 149 (0) 6 : 0.060 0.940
150 150 (0) 6 : 0.170 0.830
151 151 (0) 6 : 0.020 0.980
152 152 (0) 6 : 0.211 0.789
153 153 (4) 6 : 0.017 0.983
154 154 (5) 6 : 0.025 0.975
155 155 (0) 6 : 0.018 0.982
156 156 (5) 6 : 0.029 0.971
157 157 (0) 6 : 0.029 0.971
158 158 (0) 6 : 0.076 0.924
159 159 (10) 6 : 0.039 0.961
160 160 (0) 6 : 0.030 0.970
161 161 (0) 6 : 0.016 0.984
162 162 (0) 6 : 0.044 0.956
163 163 (5) 6 : 0.082 0.918
164 164 (0) 6 : 0.273 0.727
165 165 (0) 6 : 0.058 0.942
166 166 (0) 6 : 0.139 0.861
167 167 (10) 6 : 0.064 0.936
168 168 (0) 6 : 0.071 0.929
169 169 (0) 6 : 0.013 0.987
170 170 (0) 6 : 0.031 0.969
171 171 (0) 6 : 0.035 0.965
172 172 (0) 6 : 0.028 0.972
173 173 (0) 6 : 0.028 0.972
174 174 (0) 6 : 0.044 0.956
175 175 (0) 6 : 0.021 0.979
176 176 (0) 6 : 0.087 0.913
177 177 (0) 6 : 0.072 0.928
178 178 (2) 6 : 0.029 0.971
179 179 (0) 6 : 0.144 0.856
180 180 (0) 6 : 0.028 0.972
181 181 (0) 6 : 0.042 0.958
182 182 (0) 6 : 0.087 0.913
183 183 (7) 6 : 0.026 0.974
184 184 (0) 6 : 0.047 0.953
185 185 (10) 6 : 0.164 0.836
186 186 (0) 6 : 0.890 0.110
187 187 (8) 6 : 0.028 0.972
188 188 (0) 6 : 0.019 0.981
189 189 (7) 6 : 0.040 0.960
190 190 (0) 6 : 0.011 0.989
191 191 (0) 6 : 0.042 0.958
192 192 (0) 6 : 0.121 0.879
193 193 (0) 6 : 0.018 0.982
194 194 (2) 6 : 0.055 0.945
195 195 (0) 6 : 0.144 0.856
196 196 (0) 6 : 0.252 0.748
197 197 (3) 6 : 0.066 0.934
198 198 (0) 6 : 0.053 0.947
199 199 (0) 6 : 0.015 0.985
200 200 (0) 6 : 0.648 0.352
201 201 (0) 6 : 0.037 0.963
202 202 (0) 6 : 0.154 0.846
203 203 (0) 6 : 0.108 0.892
204 204 (13) 6 : 0.061 0.939
205 205 (0) 6 : 0.041 0.959
206 206 (12) 6 : 0.171 0.829
207 207 (0) 6 : 0.096 0.904
208 208 (0) 6 : 0.016 0.984
209 209 (8) 6 : 0.022 0.978
210 210 (0) 6 : 0.054 0.946
211 211 (0) 6 : 0.027 0.973
212 212 (0) 6 : 0.105 0.895
213 213 (0) 6 : 0.046 0.954
214 214 (0) 6 : 0.051 0.949
215 215 (14) 6 : 0.022 0.978
216 216 (0) 6 : 0.366 0.634
217 217 (0) 6 : 0.030 0.970
218 218 (0) 6 : 0.016 0.984
219 219 (14) 6 : 0.028 0.972
220 220 (0) 6 : 0.165 0.835
221 221 (7) 6 : 0.067 0.933
222 222 (0) 6 : 0.032 0.968
223 223 (0) 6 : 0.114 0.886
224 224 (0) 6 : 0.027 0.973
225 225 (5) 6 : 0.046 0.954
226 226 (0) 6 : 0.306 0.694
227 227 (0) 2 : 0.958 0.042
228 228 (0) 2 : 0.987 0.013
229 229 (0) 2 : 0.957 0.043
230 230 (0) 2 : 0.945 0.055
231 231 (0) 2 : 0.965 0.035
232 232 (0) 2 : 0.989 0.011
233 233 (0) 2 : 0.791 0.209
234 234 (0) 2 : 0.992 0.008
235 235 (0) 2 : 0.896 0.104
1 1 (0) 1 : 0.016 0.984
2 2 (1) 1 : 0.109 0.891
3 3 (0) 1 : 0.096 0.904
4 4 (13) 2 : 0.977 0.023
5 5 (0) 2 : 0.991 0.009
6 6 (13) 2 : 0.974 0.026
7 7 (0) 2 : 0.979 0.021
8 8 (0) 2 : 0.975 0.025
9 9 (10) 2 : 0.960 0.040
10 10 (9) 2 : 0.952 0.048
11 11 (0) 2 : 0.958 0.042
12 12 (0) 2 : 0.918 0.082
13 13 (0) 2 : 0.021 0.979
14 14 (0) 2 : 0.916 0.084
15 15 (0) 2 : 0.970 0.030
16 16 (0) 2 : 0.989 0.011
17 17 (0) 2 : 0.907 0.093
18 18 (0) 2 : 0.987 0.013
19 19 (0) 2 : 0.981 0.019
20 20 (0) 2 : 0.921 0.079
21 21 (0) 2 : 0.971 0.029
22 22 (0) 2 : 0.955 0.045
23 23 (0) 2 : 0.761 0.239
24 24 (0) 2 : 0.985 0.015
25 25 (0) 2 : 0.954 0.046
26 26 (0) 2 : 0.962 0.038
27 27 (0) 2 : 0.962 0.038
28 28 (0) 2 : 0.864 0.136
29 29 (9) 2 : 0.930 0.070
30 30 (0) 2 : 0.380 0.620
31 31 (0) 2 : 0.964 0.036
32 32 (0) 2 : 0.982 0.018
33 33 (0) 2 : 0.796 0.204
34 34 (0) 2 : 0.971 0.029
35 35 (0) 2 : 0.967 0.033
36 36 (0) 2 : 0.988 0.012
37 37 (0) 2 : 0.968 0.032
38 38 (0) 2 : 0.443 0.557
39 39 (0) 2 : 0.984 0.016
40 40 (0) 2 : 0.982 0.018
41 41 (0) 2 : 0.962 0.038
42 42 (0) 2 : 0.904 0.096
43 43 (0) 2 : 0.978 0.022
44 44 (5) 2 : 0.982 0.018
45 45 (0) 2 : 0.986 0.014
46 46 (0) 2 : 0.947 0.053
47 47 (0) 2 : 0.979 0.021
48 48 (0) 2 : 0.979 0.021
49 49 (0) 2 : 0.387 0.613
50 50 (0) 2 : 0.962 0.038
51 51 (0) 2 : 0.963 0.037
52 52 (0) 2 : 0.955 0.045
53 53 (0) 2 : 0.875 0.125
54 54 (0) 2 : 0.985 0.015
55 55 (4) 2 : 0.503 0.497
56 56 (0) 2 : 0.814 0.186
57 57 (1) 2 : 0.309 0.691
58 58 (0) 2 : 0.959 0.041
59 59 (0) 2 : 0.985 0.015
60 60 (0) 2 : 0.982 0.018
61 61 (0) 2 : 0.853 0.147
62 62 (0) 2 : 0.989 0.011
63 63 (0) 2 : 0.968 0.032
64 64 (0) 2 : 0.969 0.031
65 65 (0) 2 : 0.729 0.271
66 66 (0) 2 : 0.975 0.025
67 67 (0) 2 : 0.963 0.037
68 68 (0) 2 : 0.978 0.022
69 69 (0) 2 : 0.951 0.049
70 70 (1) 2 : 0.984 0.016
71 71 (0) 3 : 0.110 0.890
72 72 (0) 3 : 0.012 0.988
73 73 (0) 3 : 0.017 0.983
74 74 (0) 3 : 0.103 0.897
75 75 (0) 3 : 0.070 0.930
76 76 (0) 3 : 0.023 0.977
77 77 (0) 3 : 0.019 0.981
78 78 (0) 3 : 0.058 0.942
79 79 (0) 3 : 0.090 0.910
80 80 (8) 3 : 0.016 0.984
81 81 (0) 3 : 0.065 0.935
82 82 (0) 3 : 0.719 0.281
83 83 (0) 3 : 0.183 0.817
84 84 (0) 3 : 0.031 0.969
85 85 (0) 3 : 0.239 0.761
86 86 (0) 3 : 0.052 0.948
87 87 (0) 3 : 0.018 0.982
88 88 (0) 3 : 0.139 0.861
89 89 (0) 3 : 0.109 0.891
90 90 (0) 3 : 0.022 0.978
91 91 (0) 3 : 0.081 0.919
92 92 (0) 3 : 0.049 0.951
93 93 (0) 3 : 0.274 0.726
94 94 (0) 3 : 0.133 0.867
95 95 (0) 3 : 0.060 0.940
96 96 (0) 3 : 0.031 0.969
97 97 (0) 3 : 0.011 0.989
98 98 (0) 3 : 0.448 0.552
99 99 (0) 3 : 0.142 0.858
100 100 (0) 3 : 0.018 0.982
101 101 (0) 3 : 0.048 0.952
102 102 (0) 3 : 0.051 0.949
103 103 (0) 3 : 0.038 0.962
104 104 (0) 3 : 0.077 0.923
105 105 (0) 3 : 0.037 0.963
106 106 (0) 3 : 0.058 0.942
107 107 (0) 3 : 0.094 0.906
108 108 (0) 3 : 0.017 0.983
109 109 (0) 3 : 0.665 0.335
110 110 (0) 3 : 0.051 0.949
111 111 (0) 3 : 0.072 0.928
112 112 (0) 3 : 0.305 0.695
113 113 (0) 3 : 0.058 0.942
114 114 (0) 3 : 0.030 0.970
115 115 (0) 3 : 0.152 0.848
116 116 (0) 3 : 0.029 0.971
117 117 (0) 3 : 0.083 0.917
118 118 (0) 3 : 0.028 0.972
119 119 (0) 3 : 0.051 0.949
120 120 (7) 4 : 0.069 0.931
121 121 (12) 4 : 0.031 0.969
122 122 (12) 4 : 0.068 0.932
123 123 (3) 4 : 0.045 0.955
124 124 (12) 4 : 0.133 0.867
125 125 (13) 4 : 0.040 0.960
126 126 (0) 4 : 0.762 0.238
127 127 (3) 4 : 0.098 0.902
128 128 (0) 4 : 0.046 0.954
129 129 (0) 4 : 0.021 0.979
130 130 (9) 4 : 0.012 0.988
131 131 (9) 4 : 0.021 0.979
132 132 (12) 4 : 0.040 0.960
133 133 (0) 5 : 0.949 0.051
134 134 (0) 5 : 0.029 0.971
135 135 (0) 5 : 0.945 0.055
136 136 (0) 6 : 0.025 0.975
137 137 (0) 6 : 0.009 0.991
138 138 (9) 6 : 0.017 0.983
139 139 (0) 6 : 0.013 0.987
140 140 (0) 6 : 0.021 0.979
141 141 (0) 6 : 0.035 0.965
142 142 (0) 6 : 0.030 0.970
143 143 (0) 6 : 0.058 0.942
144 144 (11) 6 : 0.080 0.920
145 145 (0) 6 : 0.103 0.897
146 146 (0) 6 : 0.310 0.690
147 147 (0) 6 : 0.102 0.898
148 148 (4) 6 : 0.057 0.943
149 149 (0) 6 : 0.059 0.941
150 150 (0) 6 : 0.180 0.820
151 151 (0) 6 : 0.020 0.980
152 152 (0) 6 : 0.171 0.829
153 153 (4) 6 : 0.016 0.984
154 154 (5) 6 : 0.025 0.975
155 155 (0) 6 : 0.019 0.981
156 156 (5) 6 : 0.026 0.974
157 157 (0) 6 : 0.026 0.974
158 158 (0) 6 : 0.090 0.910
159 159 (10) 6 : 0.040 0.960
160 160 (0) 6 : 0.029 0.971
161 161 (0) 6 : 0.016 0.984
162 162 (0) 6 : 0.044 0.956
163 163 (5) 6 : 0.080 0.920
164 164 (0) 6 : 0.312 0.688
165 165 (0) 6 : 0.065 0.935
166 166 (0) 6 : 0.119 0.881
167 167 (10) 6 : 0.069 0.931
168 168 (0) 6 : 0.076 0.924
169 169 (0) 6 : 0.014 0.986
170 170 (0) 6 : 0.033 0.967
171 171 (0) 6 : 0.035 0.965
172 172 (0) 6 : 0.025 0.975
173 173 (0) 6 : 0.025 0.975
174 174 (0) 6 : 0.044 0.956
175 175 (0) 6 : 0.024 0.976
176 176 (0) 6 : 0.085 0.915
177 177 (0) 6 : 0.069 0.931
178 178 (2) 6 : 0.029 0.971
179 179 (0) 6 : 0.130 0.870
180 180 (0) 6 : 0.027 0.973
181 181 (0) 6 : 0.042 0.958
182 182 (0) 6 : 0.086 0.914
183 183 (7) 6 : 0.025 0.975
184 184 (0) 6 : 0.046 0.954
185 185 (10) 6 : 0.182 0.818
186 186 (0) 6 : 0.896 0.104
187 187 (8) 6 : 0.028 0.972
188 188 (0) 6 : 0.018 0.982
189 189 (7) 6 : 0.042 0.958
190 190 (0) 6 : 0.012 0.988
191 191 (0) 6 : 0.038 0.962
192 192 (0) 6 : 0.123 0.877
193 193 (0) 6 : 0.019 0.981
194 194 (2) 6 : 0.050 0.950
195 195 (0) 6 : 0.133 0.867
196 196 (0) 6 : 0.217 0.783
197 197 (3) 6 : 0.073 0.927
198 198 (0) 6 : 0.054 0.946
199 199 (0) 6 : 0.015 0.985
200 200 (0) 6 : 0.690 0.310
201 201 (0) 6 : 0.032 0.968
202 202 (0) 6 : 0.163 0.837
203 203 (0) 6 : 0.095 0.905
204 204 (13) 6 : 0.069 0.931
205 205 (0) 6 : 0.037 0.963
206 206 (12) 6 : 0.173 0.827
207 207 (0) 6 : 0.094 0.906
208 208 (0) 6 : 0.015 0.985
209 209 (8) 6 : 0.020 0.980
210 210 (0) 6 : 0.058 0.942
211 211 (0) 6 : 0.026 0.974
212 212 (0) 6 : 0.090 0.910
213 213 (0) 6 : 0.051 0.949
214 214 (0) 6 : 0.053 0.947
215 215 (14) 6 : 0.028 0.972
216 216 (0) 6 : 0.340 0.660
217 217 (0) 6 : 0.026 0.974
218 218 (0) 6 : 0.018 0.982
219 219 (14) 6 : 0.028 0.972
220 220 (0) 6 : 0.171 0.829
221 221 (7) 6 : 0.059 0.941
222 222 (0) 6 : 0.032 0.968
223 223 (0) 6 : 0.107 0.893
224 224 (0) 6 : 0.025 0.975
225 225 (5) 6 : 0.043 0.957
226 226 (0) 6 : 0.308 0.692
227 227 (0) 2 : 0.956 0.044
228 228 (0) 2 : 0.987 0.013
229 229 (0) 2 : 0.953 0.047
230 230 (0) 2 : 0.948 0.052
231 231 (0) 2 : 0.965 0.035
232 232 (0) 2 : 0.990 0.010
233 233 (0) 2 : 0.813 0.187
234 234 (0) 2 : 0.993 0.007
235 235 (0) 2 : 0.901 0.099
1 1 (0) 1 : 0.015 0.985
2 2 (1) 1 : 0.105 0.895
3 3 (0) 1 : 0.081 0.919
4 4 (13) 2 : 0.979 0.021
5 5 (0) 2 : 0.992 0.008
6 6 (13) 2 : 0.977 0.023
7 7 (0) 2 : 0.981 0.019
8 8 (0) 2 : 0.975 0.025
9 9 (10) 2 : 0.967 0.033
10 10 (9) 2 : 0.955 0.045
11 11 (0) 2 : 0.950 0.050
12 12 (0) 2 : 0.912 0.088
13 13 (0) 2 : 0.023 0.977
14 14 (0) 2 : 0.918 0.082
15 15 (0) 2 : 0.971 0.029
16 16 (0) 2 : 0.989 0.011
17 17 (0) 2 : 0.909 0.091
18 18 (0) 2 : 0.986 0.014
19 19 (0) 2 : 0.980 0.020
20 20 (0) 2 : 0.932 0.068
21 21 (0) 2 : 0.976 0.024
22 22 (0) 2 : 0.957 0.043
23 23 (0) 2 : 0.774 0.226
24 24 (0) 2 : 0.985 0.015
25 25 (0) 2 : 0.959 0.041
26 26 (0) 2 : 0.963 0.037
27 27 (0) 2 : 0.970 0.030
28 28 (0) 2 : 0.853 0.147
29 29 (9) 2 : 0.934 0.066
30 30 (0) 2 : 0.360 0.640
31 31 (0) 2 : 0.959 0.041
32 32 (0) 2 : 0.982 0.018
33 33 (0) 2 : 0.810 0.190
34 34 (0) 2 : 0.967 0.033
35 35 (0) 2 : 0.967 0.033
36 36 (0) 2 : 0.987 0.013
37 37 (0) 2 : 0.970 0.030
38 38 (0) 2 : 0.458 0.542
39 39 (0) 2 : 0.983 0.017
40 40 (0) 2 : 0.981 0.019
41 41 (0) 2 : 0.968 0.032
42 42 (0) 2 : 0.907 0.093
43 43 (0) 2 : 0.979 0.021
44 44 (5) 2 : 0.983 0.017
45 45 (0) 2 : 0.982 0.018
46 46 (0) 2 : 0.942 0.058
47 47 (0) 2 : 0.981 0.019
48 48 (0) 2 : 0.984 0.016
49 49 (0) 2 : 0.444 0.556
50 50 (0) 2 : 0.966 0.034
51 51 (0) 2 : 0.955 0.045
52 52 (0) 2 : 0.956 0.044
53 53 (0) 2 : 0.869 0.131
54 54 (0) 2 : 0.988 0.012
55 55 (4) 2 : 0.498 0.502
56 56 (0) 2 : 0.806 0.194
57 57 (1) 2 : 0.343 0.657
58 58 (0) 2 : 0.960 0.040
59 59 (0) 2 : 0.984 0.016
60 60 (0) 2 : 0.982 0.018
61 61 (0) 2 : 0.860 0.140
62 62 (0) 2 : 0.989 0.011
63 63 (0) 2 : 0.967 0.033
64 64 (0) 2 : 0.975 0.025
65 65 (0) 2 : 0.710 0.290
66 66 (0) 2 : 0.979 0.021
67 67 (0) 2 : 0.967 0.033
68 68 (0) 2 : 0.982 0.018
69 69 (0) 2 : 0.948 0.052
70 70 (1) 2 : 0.986 0.014
71 71 (0) 3 : 0.110 0.890
72 72 (0) 3 : 0.011 0.989
73 73 (0) 3 : 0.013 0.987
74 74 (0) 3 : 0.102 0.898
75 75 (0) 3 : 0.067 0.933
76 76 (0) 3 : 0.026 0.974
77 77 (0) 3 : 0.020 0.980
78 78 (0) 3 : 0.058 0.942
79 79 (0) 3 : 0.100 0.900
80 80 (8) 3 : 0.014 0.986
81 81 (0) 3 : 0.068 0.932
82 82 (0) 3 : 0.704 0.296
83 83 (0) 3 : 0.188 0.812
84 84 (0) 3 : 0.028 0.972
85 85 (0) 3 : 0.244 0.756
86 86 (0) 3 : 0.044 0.956
87 87 (0) 3 : 0.018 0.982
88 88 (0) 3 : 0.130 0.870
89 89 (0) 3 : 0.114 0.886
90 90 (0) 3 : 0.028 0.972
91 91 (0) 3 : 0.082 0.918
92 92 (0) 3 : 0.057 0.943
93 93 (0) 3 : 0.259 0.741
94 94 (0) 3 : 0.123 0.877
95 95 (0) 3 : 0.053 0.947
96 96 (0) 3 : 0.028 0.972
97 97 (0) 3 : 0.012 0.988
98 98 (0) 3 : 0.446 0.554
99 99 (0) 3 : 0.142 0.858
100 100 (0) 3 : 0.017 0.983
101 101 (0) 3 : 0.055 0.945
102 102 (0) 3 : 0.050 0.950
103 103 (0) 3 : 0.037 0.963
104 104 (0) 3 : 0.075 0.925
105 105 (0) 3 : 0.039 0.961
106 106 (0) 3 : 0.047 0.953
107 107 (0) 3 : 0.086 0.914
108 108 (0) 3 : 0.013 0.987
109 109 (0) 3 : 0.646 0.354
110 110 (0) 3 : 0.050 0.950
111 111 (0) 3 : 0.074 0.926
112 112 (0) 3 : 0.311 0.689
113 113 (0) 3 : 0.054 0.946
114 114 (0) 3 : 0.033 0.967
115 115 (0) 3 : 0.135 0.865
116 116 (0) 3 : 0.028 0.972
117 117 (0) 3 : 0.095 0.905
118 118 (0) 3 : 0.027 0.973
119 119 (0) 3 : 0.052 0.948
120 120 (7) 4 : 0.076 0.924
121 121 (12) 4 : 0.030 0.970
122 122 (12) 4 : 0.072 0.928
123 123 (3) 4 : 0.039 0.961
124 124 (12) 4 : 0.146 0.854
125 125 (13) 4 : 0.034 0.966
126 126 (0) 4 : 0.744 0.256
127 127 (3) 4 : 0.100 0.900
128 128 (0) 4 : 0.035 0.965
129 129 (0) 4 : 0.020 0.980
130 130 (9) 4 : 0.011 0.989
131 131 (9) 4 : 0.023 0.977
132 132 (12) 4 : 0.038 0.962
133 133 (0) 5 : 0.949 0.051
134 134 (0) 5 : 0.027 0.973
135 135 (0) 5 : 0.943 0.057
136 136 (0) 6 : 0.030 0.970
137 137 (0) 6 : 0.009 0.991
138 138 (9) 6 : 0.014 0.986
139 139 (0) 6 : 0.012 0.988
140 140 (0) 6 : 0.020 0.980
141 141 (0) 6 : 0.035 0.965
142 142 (0) 6 : 0.031 0.969
143 143 (0) 6 : 0.053 0.947
144 144 (11) 6 : 0.072 0.928
145 145 (0) 6 : 0.105 0.895
146 146 (0) 6 : 0.302 0.698
147 147 (0) 6 : 0.091 0.909
148 148 (4) 6 : 0.061 0.939
149 149 (0) 6 : 0.061 0.939
150 150 (0) 6 : 0.187 0.813
151 151 (0) 6 : 0.015 0.985
152 152 (0) 6 : 0.181 0.819
153 153 (4) 6 : 0.016 0.984
154 154 (5) 6 : 0.025 0.975
155 155 (0) 6 : 0.018 0.982
156 156 (5) 6 : 0.023 0.977
157 157 (0) 6 : 0.021 0.979
158 158 (0) 6 : 0.070 0.930
159 159 (10) 6 : 0.035 0.965
160 160 (0) 6 : 0.024 0.976
161 161 (0) 6 : 0.016 0.984
162 162 (0) 6 : 0.035 0.965
163 163 (5) 6 : 0.070 0.930
164 164 (0) 6 : 0.299 0.701
165 165 (0) 6 : 0.063 0.937
166 166 (0) 6 : 0.116 0.884
167 167 (10) 6 : 0.062 0.938
168 168 (0) 6 : 0.062 0.938
169 169 (0) 6 : 0.009 0.991
170 170 (0) 6 : 0.028 0.972
171 171 (0) 6 : 0.035 0.965
172 172 (0) 6 : 0.021 0.979
173 173 (0) 6 : 0.024 0.976
174 174 (0) 6 : 0.042 0.958
175 175 (0) 6 : 0.022 0.978
176 176 (0) 6 : 0.069 0.931
177 177 (0) 6 : 0.067 0.933
178 178 (2) 6 : 0.028 0.972
179 179 (0) 6 : 0.141 0.859
180 180 (0) 6 : 0.025 0.975
181 181 (0) 6 : 0.042 0.958
182 182 (0) 6 : 0.077 0.923
183 183 (7) 6 : 0.021 0.979
184 184 (0) 6 : 0.046 0.954
185 185 (10) 6 : 0.169 0.831
186 186 (0) 6 : 0.892 0.108
187 187 (8) 6 : 0.026 0.974
188 188 (0) 6 : 0.018 0.982
189 189 (7) 6 : 0.037 0.963
190 190 (0) 6 : 0.012 0.988
191 191 (0) 6 : 0.041 0.959
192 192 (0) 6 : 0.122 0.878
193 193 (0) 6 : 0.018 0.982
194 194 (2) 6 : 0.048 0.952
195 195 (0) 6 : 0.114 0.886
196 196 (0) 6 : 0.231 0.769
197 197 (3) 6 : 0.060 0.940
198 198 (0) 6 : 0.052 0.948
199 199 (0) 6 : 0.015 0.985
200 200 (0) 6 : 0.669 0.331
201 201 (0) 6 : 0.030 0.970
202 202 (0) 6 : 0.164 0.836
203 203 (0) 6 : 0.087 0.913
204 204 (13) 6 : 0.056 0.944
205 205 (0) 6 : 0.041 0.959
206 206 (12) 6 : 0.157 0.843
207 207 (0) 6 : 0.088 0.912
208 208 (0) 6 : 0.016 0.984
209 209 (8) 6 : 0.020 0.980
210 210 (0) 6 : 0.053 0.947
211 211 (0) 6 : 0.021 0.979
212 212 (0) 6 : 0.090 0.910
213 213 (0) 6 : 0.048 0.952
214 214 (0) 6 : 0.041 0.959
215 215 (14) 6 : 0.022 0.978
216 216 (0) 6 : 0.356 0.644
217 217 (0) 6 : 0.027 0.973
218 218 (0) 6 : 0.015 0.985
219 219 (14) 6 : 0.025 0.975
220 220 (0) 6 : 0.167 0.833
221 221 (7) 6 : 0.058 0.942
222 222 (0) 6 : 0.032 0.968
223 223 (0) 6 : 0.095 0.905
224 224 (0) 6 : 0.022 0.978
225 225 (5) 6 : 0.044 0.956
226 226 (0) 6 : 0.306 0.694
227 227 (0) 2 : 0.957 0.043
228 228 (0) 2 : 0.988 0.012
229 229 (0) 2 : 0.964 0.036
230 230 (0) 2 : 0.950 0.050
231 231 (0) 2 : 0.965 0.035
232 232 (0) 2 : 0.989 0.011
233 233 (0) 2 : 0.774 0.226
234 234 (0) 2 : 0.993 0.007
235 235 (0) 2 : 0.910 0.090
1 1 (0) 1 : 0.015 0.985
2 2 (1) 1 : 0.082 0.918
3 3 (0) 1 : 0.073 0.927
4 4 (13) 2 : 0.980 0.020
5 5 (0) 2 : 0.993 0.007
6 6 (13) 2 : 0.981 0.019
7 7 (0) 2 : 0.985 0.015
8 8 (0) 2 : 0.982 0.018
9 9 (10) 2 : 0.973 0.027
10 10 (9) 2 : 0.957 0.043
11 11 (0) 2 : 0.965 0.035
12 12 (0) 2 : 0.926 0.074
13 13 (0) 2 : 0.018 0.982
14 14 (0) 2 : 0.916 0.084
15 15 (0) 2 : 0.977 0.023
16 16 (0) 2 : 0.989 0.011
17 17 (0) 2 : 0.911 0.089
18 18 (0) 2 : 0.988 0.012
19 19 (0) 2 : 0.984 0.016
20 20 (0) 2 : 0.937 0.063
21 21 (0) 2 : 0.976 0.024
22 22 (0) 2 : 0.962 0.038
23 23 (0) 2 : 0.783 0.217
24 24 (0) 2 : 0.986 0.014
25 25 (0) 2 : 0.959 0.041
26 26 (0) 2 : 0.974 0.026
27 27 (0) 2 : 0.970 0.030
28 28 (0) 2 : 0.874 0.126
29 29 (9) 2 : 0.943 0.057
30 30 (0) 2 : 0.349 0.651
31 31 (0) 2 : 0.962 0.038
32 32 (0) 2 : 0.981 0.019
33 33 (0) 2 : 0.780 0.220
34 34 (0) 2 : 0.977 0.023
35 35 (0) 2 : 0.970 0.030
36 36 (0) 2 : 0.991 0.009
37 37 (0) 2 : 0.974 0.026
38 38 (0) 2 : 0.441 0.559
39 39 (0) 2 : 0.985 0.015
40 40 (0) 2 : 0.984 0.016
41 41 (0) 2 : 0.968 0.032
42 42 (0) 2 : 0.928 0.072
43 43 (0) 2 : 0.981 0.019
44 44 (5) 2 : 0.984 0.016
45 45 (0) 2 : 0.985 0.015
46 46 (0) 2 : 0.950 0.050
47 47 (0) 2 : 0.982 0.018
48 48 (0) 2 : 0.984 0.016
49 49 (0) 2 : 0.431 0.569
50 50 (0) 2 : 0.968 0.032
51 51 (0) 2 : 0.964 0.036
52 52 (0) 2 : 0.962 0.038
53 53 (0) 2 : 0.883 0.117
54 54 (0) 2 : 0.990 0.010
55 55 (4) 2 : 0.472 0.528
56 56 (0) 2 : 0.827 0.173
57 57 (1) 2 : 0.334 0.666
58 58 (0) 2 : 0.967 0.033
59 59 (0) 2 : 0.986 0.014
60 60 (0) 2 : 0.982 0.018
61 61 (0) 2 : 0.863 0.137
62 62 (0) 2 : 0.989 0.011
63 63 (0) 2 : 0.980 0.020
64 64 (0) 2 : 0.974 0.026
65 65 (0) 2 : 0.713 0.287
66 66 (0) 2 : 0.981 0.019
67 67 (0) 2 : 0.971 0.029
68 68 (0) 2 : 0.981 0.019
69 69 (0) 2 : 0.952 0.048
70 70 (1) 2 : 0.988 0.012
71 71 (0) 3 : 0.105 0.895
72 72 (0) 3 : 0.008 0.992
73 73 (0) 3 : 0.011 0.989
74 74 (0) 3 : 0.074 0.926
75 75 (0) 3 : 0.059 0.941
76 76 (0) 3 : 0.021 0.979
77 77 (0) 3 : 0.019 0.981
78 78 (0) 3 : 0.052 0.948
79 79 (0) 3 : 0.076 0.924
80 80 (8) 3 : 0.014 0.986
81 81 (0) 3 : 0.066 0.934
82 82 (0) 3 : 0.648 0.352
83 83 (0) 3 : 0.170 0.830
84 84 (0) 3 : 0.025 0.975
85 85 (0) 3 : 0.216 0.784
86 86 (0) 3 : 0.043 0.957
87 87 (0) 3 : 0.015 0.985
88 88 (0) 3 : 0.125 0.875
89 89 (0) 3 : 0.089 0.911
90 90 (0) 3 : 0.020 0.980
91 91 (0) 3 : 0.070 0.930
92 92 (0) 3 : 0.043 0.957
93 93 (0) 3 : 0.241 0.759
94 94 (0) 3 : 0.126 0.874
95 95 (0) 3 : 0.054 0.946
96 96 (0) 3 : 0.022 0.978
97 97 (0) 3 : 0.011 0.989
98 98 (0) 3 : 0.477 0.523
99 99 (0) 3 : 0.126 0.874
100 100 (0) 3 : 0.018 0.982
101 101 (0) 3 : 0.034 0.966
102 102 (0) 3 : 0.051 0.949
103 103 (0) 3 : 0.032 0.968
104 104 (0) 3 : 0.067 0.933
105 105 (0) 3 : 0.035 0.965
106 106 (0) 3 : 0.041 0.959
107 107 (0) 3 : 0.071 0.929
108 108 (0) 3 : 0.010 0.990
109 109 (0) 3 : 0.671 0.329
110 110 (0) 3 : 0.041 0.959
111 111 (0) 3 : 0.064 0.936
112 112 (0) 3 : 0.298 0.702
113 113 (0) 3 : 0.049 0.951
114 114 (0) 3 : 0.027 0.973
115 115 (0) 3 : 0.135 0.865
116 116 (0) 3 : 0.030 0.970
117 117 (0) 3 : 0.079 0.921
118 118 (0) 3 : 0.023 0.977
119 119 (0) 3 : 0.055 0.945
120 120 (7) 4 : 0.064 0.936
121 121 (12) 4 : 0.023 0.977
122 122 (12) 4 : 0.050 0.950
123 123 (3) 4 : 0.040 0.960
124 124 (12) 4 : 0.119 0.881
125 125 (13) 4 : 0.029 0.971
126 126 (0) 4 : 0.762 0.238
127 127 (3) 4 : 0.082 0.918
128 128 (0) 4 : 0.035 0.965
129 129 (0) 4 : 0.018 0.982
130 130 (9) 4 : 0.009 0.991
131 131 (9) 4 : 0.019 0.981
132 132 (12) 4 : 0.030 0.970
133 133 (0) 5 : 0.960 0.040
134 134 (0) 5 : 0.026 0.974
135 135 (0) 5 : 0.953 0.047
136 136 (0) 6 : 0.024 0.976
137 137 (0) 6 : 0.008 0.992
138 138 (9) 6 : 0.014 0.986
139 139 (0) 6 : 0.011 0.989
140 140 (0) 6 : 0.022 0.978
141 141 (0) 6 : 0.031 0.969
142 142 (0) 6 : 0.026 0.974
143 143 (0) 6 : 0.048 0.952
144 144 (11) 6 : 0.069 0.931
145 145 (0) 6 : 0.092 0.908
146 146 (0) 6 : 0.303 0.697
147 147 (0) 6 : 0.085 0.915
148 148 (4) 6 : 0.045 0.955
149 149 (0) 6 : 0.052 0.948
150 150 (0) 6 : 0.147 0.853
151 151 (0) 6 : 0.015 0.985
152 152 (0) 6 : 0.189 0.811
153 153 (4) 6 : 0.010 0.990
154 154 (5) 6 : 0.018 0.982
155 155 (0) 6 : 0.017 0.983
156 156 (5) 6 : 0.023 0.977
157 157 (0) 6 : 0.021 0.979
158 158 (0) 6 : 0.070 0.930
159 159 (10) 6 : 0.030 0.970
160 160 (0) 6 : 0.023 0.977
161 161 (0) 6 : 0.015 0.985
162 162 (0) 6 : 0.043 0.957
163 163 (5) 6 : 0.073 0.927
164 164 (0) 6 : 0.298 0.702
165 165 (0) 6 : 0.051 0.949
166 166 (0) 6 : 0.118 0.882
167 167 (10) 6 : 0.047 0.953
168 168 (0) 6 : 0.046 0.954
169 169 (0) 6 : 0.009 0.991
170 170 (0) 6 : 0.026 0.974
171 171 (0) 6 : 0.026 0.974
172 172 (0) 6 : 0.022 0.978
173 173 (0) 6 : 0.019 0.981
174 174 (0) 6 : 0.036 0.964
175 175 (0) 6 : 0.018 0.982
176 176 (0) 6 : 0.072 0.928
177 177 (0) 6 : 0.055 0.945
178 178 (2) 6 : 0.025 0.975
179 179 (0) 6 : 0.112 0.888
180 180 (0) 6 : 0.021 0.979
181 181 (0) 6 : 0.039 0.961
182 182 (0) 6 : 0.065 0.935
183 183 (7) 6 : 0.019 0.981
184 184 (0) 6 : 0.035 0.965
185 185 (10) 6 : 0.136 0.864
186 186 (0) 6 : 0.887 0.113
187 187 (8) 6 : 0.022 0.978
188 188 (0) 6 : 0.013 0.987
189 189 (7) 6 : 0.034 0.966
190 190 (0) 6 : 0.011 0.989
191 191 (0) 6 : 0.036 0.964
192 192 (0) 6 : 0.115 0.885
193 193 (0) 6 : 0.017 0.983
194 194 (2) 6 : 0.046 0.954
195 195 (0) 6 : 0.112 0.888
196 196 (0) 6 : 0.208 0.792
197 197 (3) 6 : 0.058 0.942
198 198 (0) 6 : 0.035 0.965
199 199 (0) 6 : 0.014 0.986
200 200 (0) 6 : 0.689 0.311
201 201 (0) 6 : 0.028 0.972
202 202 (0) 6 : 0.144 0.856
203 203 (0) 6 : 0.080 0.920
204 204 (13) 6 : 0.051 0.949
205 205 (0) 6 : 0.035 0.965
206 206 (12) 6 : 0.135 0.865
207 207 (0) 6 : 0.077 0.923
208 208 (0) 6 : 0.013 0.987
209 209 (8) 6 : 0.017 0.983
210 210 (0) 6 : 0.047 0.953
211 211 (0) 6 : 0.019 0.981
212 212 (0) 6 : 0.083 0.917
213 213 (0) 6 : 0.036 0.964
214 214 (0) 6 : 0.041 0.959
215 215 (14) 6 : 0.024 0.976
216 216 (0) 6 : 0.330 0.670
217 217 (0) 6 : 0.024 0.976
218 218 (0) 6 : 0.014 0.986
219 219 (14) 6 : 0.019 0.981
220 220 (0) 6 : 0.135 0.865
221 221 (7) 6 : 0.051 0.949
222 222 (0) 6 : 0.027 0.973
223 223 (0) 6 : 0.089 0.911
224 224 (0) 6 : 0.021 0.979
225 225 (5) 6 : 0.037 0.963
226 226 (0) 6 : 0.290 0.710
227 227 (0) 2 : 0.962 0.038
228 228 (0) 2 : 0.989 0.011
229 229 (0) 2 : 0.965 0.035
230 230 (0) 2 : 0.950 0.050
231 231 (0) 2 : 0.971 0.029
232 232 (0) 2 : 0.990 0.010
233 233 (0) 2 : 0.816 0.184
234 234 (0) 2 : 0.994 0.006
235 235 (0) 2 : 0.901 0.099
1 1 (0) 1 : 0.985 0.015
2 2 (1) 1 : 0.909 0.091
3 3 (0) 1 : 0.911 0.089
4 4 (13) 2 : 0.023 0.977
5 5 (0) 2 : 0.008 0.992
6 6 (13) 2 : 0.024 0.976
7 7 (0) 2 : 0.019 0.981
8 8 (0) 2 : 0.023 0.977
9 9 (10) 2 : 0.035 0.965
10 10 (9) 2 : 0.044 0.956
11 11 (0) 2 : 0.047 0.953
12 12 (0) 2 : 0.080 0.920
13 13 (0) 2 : 0.978 0.022
14 14 (0) 2 : 0.080 0.920
15 15 (0) 2 : 0.031 0.969
16 16 (0) 2 : 0.011 0.989
17 17 (0) 2 : 0.097 0.903
18 18 (0) 2 : 0.016 0.984
19 19 (0) 2 : 0.021 0.979
20 20 (0) 2 : 0.073 0.927
21 21 (0) 2 : 0.024 0.976
22 22 (0) 2 : 0.043 0.957
23 23 (0) 2 : 0.233 0.767
24 24 (0) 2 : 0.016 0.984
25 25 (0) 2 : 0.044 0.956
26 26 (0) 2 : 0.035 0.965
27 27 (0) 2 : 0.040 0.960
28 28 (0) 2 : 0.145 0.855
29 29 (9) 2 : 0.069 0.931
30 30 (0) 2 : 0.642 0.358
31 31 (0) 2 : 0.037 0.963
32 32 (0) 2 : 0.018 0.982
33 33 (0) 2 : 0.209 0.791
34 34 (0) 2 : 0.032 0.968
35 35 (0) 2 : 0.037 0.963
36 36 (0) 2 : 0.011 0.989
37 37 (0) 2 : 0.027 0.973
38 38 (0) 2 : 0.547 0.453
39 39 (0) 2 : 0.016 0.984
40 40 (0) 2 : 0.018 0.982
41 41 (0) 2 : 0.037 0.963
42 42 (0) 2 : 0.090 0.910
43 43 (0) 2 : 0.028 0.972
44 44 (5) 2 : 0.024 0.976
45 45 (0) 2 : 0.016 0.984
46 46 (0) 2 : 0.055 0.945
47 47 (0) 2 : 0.019 0.981
48 48 (0) 2 : 0.017 0.983
49 49 (0) 2 : 0.594 0.406
50 50 (0) 2 : 0.036 0.964
51 51 (0) 2 : 0.042 0.958
52 52 (0) 2 : 0.042 0.958
53 53 (0) 2 : 0.129 0.871
54 54 (0) 2 : 0.015 0.985
55 55 (4) 2 : 0.516 0.484
56 56 (0) 2 : 0.182 0.818
57 57 (1) 2 : 0.683 0.317
58 58 (0) 2 : 0.038 0.962
59 59 (0) 2 : 0.017 0.983
60 60 (0) 2 : 0.021 0.979
61 61 (0) 2 : 0.143 0.857
62 62 (0) 2 : 0.013 0.987
63 63 (0) 2 : 0.033 0.967
64 64 (0) 2 : 0.029 0.971
65 65 (0) 2 : 0.296 0.704
66 66 (0) 2 : 0.023 0.977
67 67 (0) 2 : 0.035 0.965
68 68 (0) 2 : 0.018 0.982
69 69 (0) 2 : 0.052 0.948
70 70 (1) 2 : 0.015 0.985
71 71 (0) 3 : 0.906 0.094
72 72 (0) 3 : 0.989 0.011
73 73 (0) 3 : 0.986 0.014
74 74 (0) 3 : 0.897 0.103
75 75 (0) 3 : 0.933 0.067
76 76 (0) 3 : 0.975 0.025
77 77 (0) 3 : 0.976 0.024
78 78 (0) 3 : 0.949 0.051
79 79 (0) 3 : 0.913 0.087
80 80 (8) 3 : 0.983 0.017
81 81 (0) 3 : 0.942 0.058
82 82 (0) 3 : 0.308 0.692
83 83 (0) 3 : 0.811 0.189
84 84 (0) 3 : 0.972 0.028
85 85 (0) 3 : 0.772 0.228
86 86 (0) 3 : 0.959 0.041
87 87 (0) 3 : 0.983 0.017
88 88 (0) 3 : 0.871 0.129
89 89 (0) 3 : 0.882 0.118
90 90 (0) 3 : 0.977 0.023
91 91 (0) 3 : 0.924 0.076
92 92 (0) 3 : 0.954 0.046
93 93 (0) 3 : 0.739 0.261
94 94 (0) 3 : 0.862 0.138
95 95 (0) 3 : 0.947 0.053
96 96 (0) 3 : 0.970 0.030
97 97 (0) 3 : 0.989 0.011
98 98 (0) 3 : 0.562 0.438
99 99 (0) 3 : 0.867 0.133
100 100 (0) 3 : 0.983 0.017
101 101 (0) 3 : 0.949 0.051
102 102 (0) 3 : 0.951 0.049
103 103 (0) 3 : 0.963 0.037
104 104 (0) 3 : 0.913 0.087
105 105 (0) 3 : 0.963 0.037
106 106 (0) 3 : 0.942 0.058
107 107 (0) 3 : 0.904 0.096
108 108 (0) 3 : 0.987 0.013
109 109 (0) 3 : 0.361 0.639
110 110 (0) 3 : 0.954 0.046
111 111 (0) 3 : 0.924 0.076
112 112 (0) 3 : 0.697 0.303
113 113 (0) 3 : 0.947 0.053
114 114 (0) 3 : 0.970 0.030
115 115 (0) 3 : 0.863 0.137
116 116 (0) 3 : 0.968 0.032
117 117 (0) 3 : 0.921 0.079
118 118 (0) 3 : 0.977 0.023
119 119 (0) 3 : 0.950 0.050
120 120 (7) 4 : 0.932 0.068
121 121 (12) 4 : 0.969 0.031
122 122 (12) 4 : 0.932 0.068
123 123 (3) 4 : 0.952 0.048
124 124 (12) 4 : 0.864 0.136
125 125 (13) 4 : 0.963 0.037
126 126 (0) 4 : 0.259 0.741
127 127 (3) 4 : 0.907 0.093
128 128 (0) 4 : 0.964 0.036
129 129 (0) 4 : 0.979 0.021
130 130 (9) 4 : 0.989 0.011
131 131 (9) 4 : 0.976 0.024
132 132 (12) 4 : 0.961 0.039
133 133 (0) 5 : 0.043 0.957
134 134 (0) 5 : 0.969 0.031
135 135 (0) 5 : 0.058 0.942
136 136 (0) 6 : 0.975 0.025
137 137 (0) 6 : 0.990 0.010
138 138 (9) 6 : 0.986 0.014
139 139 (0) 6 : 0.988 0.012
140 140 (0) 6 : 0.978 0.022
141 141 (0) 6 : 0.967 0.033
142 142 (0) 6 : 0.974 0.026
143 143 (0) 6 : 0.947 0.053
144 144 (11) 6 : 0.930 0.070
145 145 (0) 6 : 0.905 0.095
146 146 (0) 6 : 0.718 0.282
147 147 (0) 6 : 0.907 0.093
148 148 (4) 6 : 0.947 0.053
149 149 (0) 6 : 0.943 0.057
150 150 (0) 6 : 0.820 0.180
151 151 (0) 6 : 0.979 0.021
152 152 (0) 6 : 0.809 0.191
153 153 (4) 6 : 0.986 0.014
154 154 (5) 6 : 0.977 0.023
155 155 (0) 6 : 0.980 0.020
156 156 (5) 6 : 0.975 0.025
157 157 (0) 6 : 0.976 0.024
158 158 (0) 6 : 0.923 0.077
159 159 (10) 6 : 0.961 0.039
160 160 (0) 6 : 0.975 0.025
161 161 (0) 6 : 0.984 0.016
162 162 (0) 6 : 0.959 0.041
163 163 (5) 6 : 0.924 0.076
164 164 (0) 6 : 0.709 0.291
165 165 (0) 6 : 0.937 0.063
166 166 (0) 6 : 0.877 0.123
167 167 (10) 6 : 0.940 0.060
168 168 (0) 6 : 0.937 0.063
169 169 (0) 6 : 0.990 0.010
170 170 (0) 6 : 0.974 0.026
171 171 (0) 6 : 0.967 0.033
172 172 (0) 6 : 0.976 0.024
173 173 (0) 6 : 0.971 0.029
174 174 (0) 6 : 0.961 0.039
175 175 (0) 6 : 0.979 0.021
176 176 (0) 6 : 0.922 0.078
177 177 (0) 6 : 0.928 0.072
178 178 (2) 6 : 0.969 0.031
179 179 (0) 6 : 0.874 0.126
180 180 (0) 6 : 0.973 0.027
181 181 (0) 6 : 0.960 0.040
182 182 (0) 6 : 0.913 0.087
183 183 (7) 6 : 0.978 0.022
184 184 (0) 6 : 0.957 0.043
185 185 (10) 6 : 0.843 0.157
186 186 (0) 6 : 0.108 0.892
187 187 (8) 6 : 0.977 0.023
188 188 (0) 6 : 0.986 0.014
189 189 (7) 6 : 0.963 0.037
190 190 (0) 6 : 0.988 0.012
191 191 (0) 6 : 0.966 0.034
192 192 (0) 6 : 0.880 0.120
193 193 (0) 6 : 0.986 0.014
194 194 (2) 6 : 0.952 0.048
195 195 (0) 6 : 0.866 0.134
196 196 (0) 6 : 0.770 0.230
197 197 (3) 6 : 0.937 0.063
198 198 (0) 6 : 0.954 0.046
199 199 (0) 6 : 0.985 0.015
200 200 (0) 6 : 0.313 0.687
201 201 (0) 6 : 0.970 0.030
202 202 (0) 6 : 0.841 0.159
203 203 (0) 6 : 0.912 0.088
204 204 (13) 6 : 0.936 0.064
205 205 (0) 6 : 0.960 0.040
206 206 (12) 6 : 0.842 0.158
207 207 (0) 6 : 0.903 0.097
208 208 (0) 6 : 0.986 0.014
209 209 (8) 6 : 0.984 0.016
210 210 (0) 6 : 0.943 0.057
211 211 (0) 6 : 0.980 0.020
212 212 (0) 6 : 0.911 0.089
213 213 (0) 6 : 0.953 0.047
214 214 (0) 6 : 0.951 0.049
215 215 (14) 6 : 0.974 0.026
216 216 (0) 6 : 0.676 0.324
217 217 (0) 6 : 0.974 0.026
218 218 (0) 6 : 0.982 0.018
219 219 (14) 6 : 0.978 0.022
220 220 (0) 6 : 0.835 0.165
221 221 (7) 6 : 0.933 0.067
222 222 (0) 6 : 0.968 0.032
223 223 (0) 6 : 0.904 0.096
224 224 (0) 6 : 0.973 0.027
225 225 (5) 6 : 0.958 0.042
226 226 (0) 6 : 0.696 0.304
227 227 (0) 2 : 0.039 0.961
228 228 (0) 2 : 0.012 0.988
229 229 (0) 2 : 0.037 0.963
230 230 (0) 2 : 0.050 0.950
231 231 (0) 2 : 0.030 0.970
232 232 (0) 2 : 0.013 0.987
233 233 (0) 2 : 0.191 0.809
234 234 (0) 2 : 0.006 0.994
235 235 (0) 2 : 0.106 0.894
1 1 (0) 1 : 0.016 0.984
2 2 (1) 1 : 0.099 0.901
3 3 (0) 1 : 0.094 0.906
4 4 (13) 2 : 0.977 0.023
5 5 (0) 2 : 0.990 0.010
6 6 (13) 2 : 0.973 0.027
7 7 (0) 2 : 0.976 0.024
8 8 (0) 2 : 0.973 0.027
9 9 (10) 2 : 0.963 0.037
10 10 (9) 2 : 0.953 0.047
11 11 (0) 2 : 0.958 0.042
12 12 (0) 2 : 0.919 0.081
13 13 (0) 2 : 0.024 0.976
14 14 (0) 2 : 0.912 0.088
15 15 (0) 2 : 0.970 0.030
16 16 (0) 2 : 0.989 0.011
17 17 (0) 2 : 0.909 0.091
18 18 (0) 2 : 0.985 0.015
19 19 (0) 2 : 0.978 0.022
20 20 (0) 2 : 0.922 0.078
21 21 (0) 2 : 0.973 0.027
22 22 (0) 2 : 0.956 0.044
23 23 (0) 2 : 0.774 0.226
24 24 (0) 2 : 0.984 0.016
25 25 (0) 2 : 0.952 0.048
26 26 (0) 2 : 0.965 0.035
27 27 (0) 2 : 0.964 0.036
28 28 (0) 2 : 0.853 0.147
29 29 (9) 2 : 0.921 0.079
30 30 (0) 2 : 0.362 0.638
31 31 (0) 2 : 0.950 0.050
32 32 (0) 2 : 0.981 0.019
33 33 (0) 2 : 0.793 0.207
34 34 (0) 2 : 0.970 0.030
35 35 (0) 2 : 0.961 0.039
36 36 (0) 2 : 0.988 0.012
37 37 (0) 2 : 0.967 0.033
38 38 (0) 2 : 0.457 0.543
39 39 (0) 2 : 0.979 0.021
40 40 (0) 2 : 0.980 0.020
41 41 (0) 2 : 0.962 0.038
42 42 (0) 2 : 0.913 0.087
43 43 (0) 2 : 0.974 0.026
44 44 (5) 2 : 0.980 0.020
45 45 (0) 2 : 0.985 0.015
46 46 (0) 2 : 0.946 0.054
47 47 (0) 2 : 0.980 0.020
48 48 (0) 2 : 0.983 0.017
49 49 (0) 2 : 0.453 0.547
50 50 (0) 2 : 0.962 0.038
51 51 (0) 2 : 0.952 0.048
52 52 (0) 2 : 0.952 0.048
53 53 (0) 2 : 0.867 0.133
54 54 (0) 2 : 0.986 0.014
55 55 (4) 2 : 0.480 0.520
56 56 (0) 2 : 0.828 0.172
57 57 (1) 2 : 0.352 0.648
58 58 (0) 2 : 0.962 0.038
59 59 (0) 2 : 0.986 0.014
60 60 (0) 2 : 0.979 0.021
61 61 (0) 2 : 0.863 0.137
62 62 (0) 2 : 0.988 0.012
63 63 (0) 2 : 0.970 0.030
64 64 (0) 2 : 0.969 0.031
65 65 (0) 2 : 0.720 0.280
66 66 (0) 2 : 0.974 0.026
67 67 (0) 2 : 0.965 0.035
68 68 (0) 2 : 0.980 0.020
69 69 (0) 2 : 0.943 0.057
70 70 (1) 2 : 0.983 0.017
71 71 (0) 3 : 0.112 0.888
72 72 (0) 3 : 0.011 0.989
73 73 (0) 3 : 0.020 0.980
74 74 (0) 3 : 0.102 0.898
75 75 (0) 3 : 0.068 0.932
76 76 (0) 3 : 0.024 0.976
77 77 (0) 3 : 0.028 0.972
78 78 (0) 3 : 0.066 0.934
79 79 (0) 3 : 0.086 0.914
80 80 (8) 3 : 0.018 0.982
81 81 (0) 3 : 0.069 0.931
82 82 (0) 3 : 0.659 0.341
83 83 (0) 3 : 0.202 0.798
84 84 (0) 3 : 0.038 0.962
85 85 (0) 3 : 0.259 0.741
86 86 (0) 3 : 0.050 0.950
87 87 (0) 3 : 0.020 0.980
88 88 (0) 3 : 0.154 0.846
89 89 (0) 3 : 0.119 0.881
90 90 (0) 3 : 0.028 0.972
91 91 (0) 3 : 0.087 0.913
92 92 (0) 3 : 0.059 0.941
93 93 (0) 3 : 0.253 0.747
94 94 (0) 3 : 0.149 0.851
95 95 (0) 3 : 0.065 0.935
96 96 (0) 3 : 0.029 0.971
97 97 (0) 3 : 0.009 0.991
98 98 (0) 3 : 0.489 0.511
99 99 (0) 3 : 0.159 0.841
100 100 (0) 3 : 0.020 0.980
101 101 (0) 3 : 0.053 0.947
102 102 (0) 3 : 0.054 0.946
103 103 (0) 3 : 0.042 0.958
104 104 (0) 3 : 0.085 0.915
105 105 (0) 3 : 0.041 0.959
106 106 (0) 3 : 0.060 0.940
107 107 (0) 3 : 0.090 0.910
108 108 (0) 3 : 0.013 0.987
109 109 (0) 3 : 0.671 0.329
110 110 (0) 3 : 0.050 0.950
111 111 (0) 3 : 0.081 0.919
112 112 (0) 3 : 0.312 0.688
113 113 (0) 3 : 0.063 0.937
114 114 (0) 3 : 0.031 0.969
115 115 (0) 3 : 0.154 0.846
116 116 (0) 3 : 0.038 0.962
117 117 (0) 3 : 0.092 0.908
118 118 (0) 3 : 0.027 0.973
119 119 (0) 3 : 0.056 0.944
120 120 (7) 4 : 0.080 0.920
121 121 (12) 4 : 0.033 0.967
122 122 (12) 4 : 0.071 0.929
123 123 (3) 4 : 0.048 0.952
124 124 (12) 4 : 0.128 0.872
125 125 (13) 4 : 0.037 0.963
126 126 (0) 4 : 0.763 0.237
127 127 (3) 4 : 0.097 0.903
128 128 (0) 4 : 0.041 0.959
129 129 (0) 4 : 0.027 0.973
130 130 (9) 4 : 0.011 0.989
131 131 (9) 4 : 0.023 0.977
132 132 (12) 4 : 0.041 0.959
133 133 (0) 5 : 0.953 0.047
134 134 (0) 5 : 0.031 0.969
135 135 (0) 5 : 0.946 0.054
136 136 (0) 6 : 0.024 0.976
137 137 (0) 6 : 0.009 0.991
138 138 (9) 6 : 0.016 0.984
139 139 (0) 6 : 0.016 0.984
140 140 (0) 6 : 0.023 0.977
141 141 (0) 6 : 0.038 0.962
142 142 (0) 6 : 0.036 0.964
143 143 (0) 6 : 0.067 0.933
144 144 (11) 6 : 0.079 0.921
145 145 (0) 6 : 0.122 0.878
146 146 (0) 6 : 0.307 0.693
147 147 (0) 6 : 0.100 0.900
148 148 (4) 6 : 0.059 0.941
149 149 (0) 6 : 0.070 0.930
150 150 (0) 6 : 0.180 0.820
151 151 (0) 6 : 0.017 0.983
152 152 (0) 6 : 0.188 0.812
153 153 (4) 6 : 0.014 0.986
154 154 (5) 6 : 0.023 0.977
155 155 (0) 6 : 0.019 0.981
156 156 (5) 6 : 0.024 0.976
157 157 (0) 6 : 0.027 0.973
158 158 (0) 6 : 0.094 0.906
159 159 (10) 6 : 0.036 0.964
160 160 (0) 6 : 0.031 0.969
161 161 (0) 6 : 0.017 0.983
162 162 (0) 6 : 0.049 0.951
163 163 (5) 6 : 0.089 0.911
164 164 (0) 6 : 0.314 0.686
165 165 (0) 6 : 0.071 0.929
166 166 (0) 6 : 0.123 0.877
167 167 (10) 6 : 0.060 0.940
168 168 (0) 6 : 0.070 0.930
169 169 (0) 6 : 0.012 0.988
170 170 (0) 6 : 0.031 0.969
171 171 (0) 6 : 0.035 0.965
172 172 (0) 6 : 0.025 0.975
173 173 (0) 6 : 0.028 0.972
174 174 (0) 6 : 0.043 0.957
175 175 (0) 6 : 0.026 0.974
176 176 (0) 6 : 0.092 0.908
177 177 (0) 6 : 0.070 0.930
178 178 (2) 6 : 0.033 0.967
179 179 (0) 6 : 0.151 0.849
180 180 (0) 6 : 0.027 0.973
181 181 (0) 6 : 0.049 0.951
182 182 (0) 6 : 0.084 0.916
183 183 (7) 6 : 0.029 0.971
184 184 (0) 6 : 0.049 0.951
185 185 (10) 6 : 0.164 0.836
186 186 (0) 6 : 0.899 0.101
187 187 (8) 6 : 0.027 0.973
188 188 (0) 6 : 0.017 0.983
189 189 (7) 6 : 0.043 0.957
190 190 (0) 6 : 0.012 0.988
191 191 (0) 6 : 0.041 0.959
192 192 (0) 6 : 0.118 0.882
193 193 (0) 6 : 0.018 0.982
194 194 (2) 6 : 0.061 0.939
195 195 (0) 6 : 0.148 0.852
196 196 (0) 6 : 0.250 0.750
197 197 (3) 6 : 0.057 0.943
198 198 (0) 6 : 0.064 0.936
199 199 (0) 6 : 0.015 0.985
200 200 (0) 6 : 0.701 0.299
201 201 (0) 6 : 0.038 0.962
202 202 (0) 6 : 0.182 0.818
203 203 (0) 6 : 0.101 0.899
204 204 (13) 6 : 0.066 0.934
205 205 (0) 6 : 0.044 0.956
206 206 (12) 6 : 0.165 0.835
207 207 (0) 6 : 0.101 0.899
208 208 (0) 6 : 0.017 0.983
209 209 (8) 6 : 0.024 0.976
210 210 (0) 6 : 0.064 0.936
211 211 (0) 6 : 0.024 0.976
212 212 (0) 6 : 0.098 0.902
213 213 (0) 6 : 0.052 0.948
214 214 (0) 6 : 0.046 0.954
215 215 (14) 6 : 0.025 0.975
216 216 (0) 6 : 0.329 0.671
217 217 (0) 6 : 0.027 0.973
218 218 (0) 6 : 0.017 0.983
219 219 (14) 6 : 0.027 0.973
220 220 (0) 6 : 0.161 0.839
221 221 (7) 6 : 0.073 0.927
222 222 (0) 6 : 0.032 0.968
223 223 (0) 6 : 0.117 0.883
224 224 (0) 6 : 0.027 0.973
225 225 (5) 6 : 0.047 0.953
226 226 (0) 6 : 0.303 0.697
227 227 (0) 2 : 0.962 0.038
228 228 (0) 2 : 0.987 0.013
229 229 (0) 2 : 0.968 0.032
230 230 (0) 2 : 0.948 0.052
231 231 (0) 2 : 0.968 0.032
232 232 (0) 2 : 0.988 0.012
233 233 (0) 2 : 0.806 0.194
234 234 (0) 2 : 0.991 0.009
235 235 (0) 2 : 0.900 0.100
1 1 (0) 1 : 0.986 0.014
2 2 (1) 1 : 0.906 0.094
3 3 (0) 1 : 0.921 0.079
4 4 (13) 2 : 0.021 0.979
5 5 (0) 2 : 0.009 0.991
6 6 (13) 2 : 0.022 0.978
7 7 (0) 2 : 0.017 0.983
8 8 (0) 2 : 0.018 0.982
9 9 (10) 2 : 0.029 0.971
10 10 (9) 2 : 0.040 0.960
11 11 (0) 2 : 0.039 0.961
12 12 (0) 2 : 0.083 0.917
13 13 (0) 2 : 0.982 0.018
14 14 (0) 2 : 0.076 0.924
15 15 (0) 2 : 0.029 0.971
16 16 (0) 2 : 0.010 0.990
17 17 (0) 2 : 0.083 0.917
18 18 (0) 2 : 0.013 0.987
19 19 (0) 2 : 0.015 0.985
20 20 (0) 2 : 0.062 0.938
21 21 (0) 2 : 0.024 0.976
22 22 (0) 2 : 0.035 0.965
23 23 (0) 2 : 0.239 0.761
24 24 (0) 2 : 0.013 0.987
25 25 (0) 2 : 0.037 0.963
26 26 (0) 2 : 0.029 0.971
27 27 (0) 2 : 0.033 0.967
28 28 (0) 2 : 0.116 0.884
29 29 (9) 2 : 0.067 0.933
30 30 (0) 2 : 0.615 0.385
31 31 (0) 2 : 0.036 0.964
32 32 (0) 2 : 0.018 0.982
33 33 (0) 2 : 0.214 0.786
34 34 (0) 2 : 0.034 0.966
35 35 (0) 2 : 0.032 0.968
36 36 (0) 2 : 0.010 0.990
37 37 (0) 2 : 0.025 0.975
38 38 (0) 2 : 0.572 0.428
39 39 (0) 2 : 0.016 0.984
40 40 (0) 2 : 0.015 0.985
41 41 (0) 2 : 0.029 0.971
42 42 (0) 2 : 0.085 0.915
43 43 (0) 2 : 0.021 0.979
44 44 (5) 2 : 0.016 0.984
45 45 (0) 2 : 0.015 0.985
46 46 (0) 2 : 0.047 0.953
47 47 (0) 2 : 0.015 0.985
48 48 (0) 2 : 0.014 0.986
49 49 (0) 2 : 0.587 0.413
50 50 (0) 2 : 0.032 0.968
51 51 (0) 2 : 0.035 0.965
52 52 (0) 2 : 0.042 0.958
53 53 (0) 2 : 0.111 0.889
54 54 (0) 2 : 0.011 0.989
55 55 (4) 2 : 0.508 0.492
56 56 (0) 2 : 0.196 0.804
57 57 (1) 2 : 0.684 0.316
58 58 (0) 2 : 0.031 0.969
59 59 (0) 2 : 0.015 0.985
60 60 (0) 2 : 0.018 0.982
61 61 (0) 2 : 0.136 0.864
62 62 (0) 2 : 0.009 0.991
63 63 (0) 2 : 0.022 0.978
64 64 (0) 2 : 0.027 0.973
65 65 (0) 2 : 0.286 0.714
66 66 (0) 2 : 0.022 0.978
67 67 (0) 2 : 0.030 0.970
68 68 (0) 2 : 0.019 0.981
69 69 (0) 2 : 0.049 0.951
70 70 (1) 2 : 0.013 0.987
71 71 (0) 3 : 0.897 0.103
72 72 (0) 3 : 0.990 0.010
73 73 (0) 3 : 0.986 0.014
74 74 (0) 3 : 0.909 0.091
75 75 (0) 3 : 0.940 0.060
76 76 (0) 3 : 0.980 0.020
77 77 (0) 3 : 0.979 0.021
78 78 (0) 3 : 0.946 0.054
79 79 (0) 3 : 0.921 0.079
80 80 (8) 3 : 0.987 0.013
81 81 (0) 3 : 0.940 0.060
82 82 (0) 3 : 0.327 0.673
83 83 (0) 3 : 0.830 0.170
84 84 (0) 3 : 0.975 0.025
85 85 (0) 3 : 0.785 0.215
86 86 (0) 3 : 0.950 0.050
87 87 (0) 3 : 0.983 0.017
88 88 (0) 3 : 0.883 0.117
89 89 (0) 3 : 0.895 0.105
90 90 (0) 3 : 0.982 0.018
91 91 (0) 3 : 0.920 0.080
92 92 (0) 3 : 0.959 0.041
93 93 (0) 3 : 0.738 0.262
94 94 (0) 3 : 0.880 0.120
95 95 (0) 3 : 0.946 0.054
96 96 (0) 3 : 0.976 0.024
97 97 (0) 3 : 0.989 0.011
98 98 (0) 3 : 0.558 0.442
99 99 (0) 3 : 0.890 0.110
100 100 (0) 3 : 0.982 0.018
101 101 (0) 3 : 0.954 0.046
102 102 (0) 3 : 0.951 0.049
103 103 (0) 3 : 0.963 0.037
104 104 (0) 3 : 0.930 0.070
105 105 (0) 3 : 0.963 0.037
106 106 (0) 3 : 0.958 0.042
107 107 (0) 3 : 0.921 0.079
108 108 (0) 3 : 0.988 0.012
109 109 (0) 3 : 0.305 0.695
110 110 (0) 3 : 0.961 0.039
111 111 (0) 3 : 0.924 0.076
112 112 (0) 3 : 0.704 0.296
113 113 (0) 3 : 0.949 0.051
114 114 (0) 3 : 0.970 0.030
115 115 (0) 3 : 0.883 0.117
116 116 (0) 3 : 0.968 0.032
117 117 (0) 3 : 0.912 0.088
118 118 (0) 3 : 0.979 0.021
119 119 (0) 3 : 0.944 0.056
120 120 (7) 4 : 0.930 0.070
121 121 (12) 4 : 0.974 0.026
122 122 (12) 4 : 0.940 0.060
123 123 (3) 4 : 0.957 0.043
124 124 (12) 4 : 0.872 0.128
125 125 (13) 4 : 0.967 0.033
126 126 (0) 4 : 0.263 0.737
127 127 (3) 4 : 0.900 0.100
128 128 (0) 4 : 0.969 0.031
129 129 (0) 4 : 0.978 0.022
130 130 (9) 4 : 0.991 0.009
131 131 (9) 4 : 0.979 0.021
132 132 (12) 4 : 0.965 0.035
133 133 (0) 5 : 0.043 0.957
134 134 (0) 5 : 0.976 0.024
135 135 (0) 5 : 0.049 0.951
136 136 (0) 6 : 0.977 0.023
137 137 (0) 6 : 0.991 0.009
138 138 (9) 6 : 0.987 0.013
139 139 (0) 6 : 0.989 0.011
140 140 (0) 6 : 0.982 0.018
141 141 (0) 6 : 0.964 0.036
142 142 (0) 6 : 0.975 0.025
143 143 (0) 6 : 0.956 0.044
144 144 (11) 6 : 0.934 0.066
145 145 (0) 6 : 0.904 0.096
146 146 (0) 6 : 0.700 0.300
147 147 (0) 6 : 0.915 0.085
148 148 (4) 6 : 0.950 0.050
149 149 (0) 6 : 0.948 0.052
150 150 (0) 6 : 0.841 0.159
151 151 (0) 6 : 0.985 0.015
152 152 (0) 6 : 0.804 0.196
153 153 (4) 6 : 0.987 0.013
154 154 (5) 6 : 0.977 0.023
155 155 (0) 6 : 0.982 0.018
156 156 (5) 6 : 0.976 0.024
157 157 (0) 6 : 0.976 0.024
158 158 (0) 6 : 0.925 0.075
159 159 (10) 6 : 0.971 0.029
160 160 (0) 6 : 0.974 0.026
161 161 (0) 6 : 0.988 0.012
162 162 (0) 6 : 0.963 0.037
163 163 (5) 6 : 0.926 0.074
164 164 (0) 6 : 0.705 0.295
165 165 (0) 6 : 0.946 0.054
166 166 (0) 6 : 0.901 0.099
167 167 (10) 6 : 0.944 0.056
168 168 (0) 6 : 0.946 0.054
169 169 (0) 6 : 0.989 0.011
170 170 (0) 6 : 0.975 0.025
171 171 (0) 6 : 0.968 0.032
172 172 (0) 6 : 0.978 0.022
173 173 (0) 6 : 0.974 0.026
174 174 (0) 6 : 0.965 0.035
175 175 (0) 6 : 0.980 0.020
176 176 (0) 6 : 0.935 0.065
177 177 (0) 6 : 0.930 0.070
178 178 (2) 6 : 0.971 0.029
179 179 (0) 6 : 0.896 0.104
180 180 (0) 6 : 0.979 0.021
181 181 (0) 6 : 0.967 0.033
182 182 (0) 6 : 0.928 0.072
183 183 (7) 6 : 0.977 0.023
184 184 (0) 6 : 0.957 0.043
185 185 (10) 6 : 0.862 0.138
186 186 (0) 6 : 0.096 0.904
187 187 (8) 6 : 0.980 0.020
188 188 (0) 6 : 0.986 0.014
189 189 (7) 6 : 0.966 0.034
190 190 (0) 6 : 0.990 0.010
191 191 (0) 6 : 0.964 0.036
192 192 (0) 6 : 0.893 0.107
193 193 (0) 6 : 0.982 0.018
194 194 (2) 6 : 0.956 0.044
195 195 (0) 6 : 0.877 0.123
196 196 (0) 6 : 0.769 0.231
197 197 (3) 6 : 0.942 0.058
198 198 (0) 6 : 0.955 0.045
199 199 (0) 6 : 0.986 0.014
200 200 (0) 6 : 0.334 0.666
201 201 (0) 6 : 0.969 0.031
202 202 (0) 6 : 0.850 0.150
203 203 (0) 6 : 0.918 0.082
204 204 (13) 6 : 0.943 0.057
205 205 (0) 6 : 0.958 0.042
206 206 (12) 6 : 0.868 0.132
207 207 (0) 6 : 0.911 0.089
208 208 (0) 6 : 0.986 0.014
209 209 (8) 6 : 0.983 0.017
210 210 (0) 6 : 0.952 0.048
211 211 (0) 6 : 0.981 0.019
212 212 (0) 6 : 0.920 0.080
213 213 (0) 6 : 0.954 0.046
214 214 (0) 6 : 0.959 0.041
215 215 (14) 6 : 0.978 0.022
216 216 (0) 6 : 0.682 0.318
217 217 (0) 6 : 0.982 0.018
218 218 (0) 6 : 0.987 0.013
219 219 (14) 6 : 0.976 0.024
220 220 (0) 6 : 0.840 0.160
221 221 (7) 6 : 0.939 0.061
222 222 (0) 6 : 0.970 0.030
223 223 (0) 6 : 0.910 0.090
224 224 (0) 6 : 0.978 0.022
225 225 (5) 6 : 0.957 0.043
226 226 (0) 6 : 0.692 0.308
227 227 (0) 2 : 0.035 0.965
228 228 (0) 2 : 0.014 0.986
229 229 (0) 2 : 0.035 0.965
230 230 (0) 2 : 0.051 0.949
231 231 (0) 2 : 0.032 0.968
232 232 (0) 2 : 0.011 0.989
233 233 (0) 2 : 0.184 0.816
234 234 (0) 2 : 0.006 0.994
235 235 (0) 2 : 0.101 0.899
1 1 (0) 1 : 0.015 0.985
2 2 (1) 1 : 0.090 0.910
3 3 (0) 1 : 0.072 0.928
4 4 (13) 2 : 0.976 0.024
5 5 (0) 2 : 0.992 0.008
6 6 (13) 2 : 0.978 0.022
7 7 (0) 2 : 0.982 0.018
8 8 (0) 2 : 0.976 0.024
9 9 (10) 2 : 0.966 0.034
10 10 (9) 2 : 0.961 0.039
11 11 (0) 2 : 0.952 0.048
12 12 (0) 2 : 0.930 0.070
13 13 (0) 2 : 0.022 0.978
14 14 (0) 2 : 0.916 0.084
15 15 (0) 2 : 0.977 0.023
16 16 (0) 2 : 0.991 0.009
17 17 (0) 2 : 0.906 0.094
18 18 (0) 2 : 0.988 0.012
19 19 (0) 2 : 0.980 0.020
20 20 (0) 2 : 0.944 0.056
21 21 (0) 2 : 0.975 0.025
22 22 (0) 2 : 0.961 0.039
23 23 (0) 2 : 0.784 0.216
24 24 (0) 2 : 0.988 0.012
25 25 (0) 2 : 0.964 0.036
26 26 (0) 2 : 0.966 0.034
27 27 (0) 2 : 0.961 0.039
28 28 (0) 2 : 0.870 0.130
29 29 (9) 2 : 0.943 0.057
30 30 (0) 2 : 0.372 0.628
31 31 (0) 2 : 0.957 0.043
32 32 (0) 2 : 0.984 0.016
33 33 (0) 2 : 0.795 0.205
34 34 (0) 2 : 0.975 0.025
35 35 (0) 2 : 0.966 0.034
36 36 (0) 2 : 0.991 0.009
37 37 (0) 2 : 0.972 0.028
38 38 (0) 2 : 0.443 0.557
39 39 (0) 2 : 0.984 0.016
40 40 (0) 2 : 0.983 0.017
41 41 (0) 2 : 0.962 0.038
42 42 (0) 2 : 0.907 0.093
43 43 (0) 2 : 0.981 0.019
44 44 (5) 2 : 0.983 0.017
45 45 (0) 2 : 0.985 0.015
46 46 (0) 2 : 0.950 0.050
47 47 (0) 2 : 0.979 0.021
48 48 (0) 2 : 0.987 0.013
49 49 (0) 2 : 0.447 0.553
50 50 (0) 2 : 0.971 0.029
51 51 (0) 2 : 0.960 0.040
52 52 (0) 2 : 0.954 0.046
53 53 (0) 2 : 0.887 0.113
54 54 (0) 2 : 0.987 0.013
55 55 (4) 2 : 0.524 0.476
56 56 (0) 2 : 0.815 0.185
57 57 (1) 2 : 0.327 0.673
58 58 (0) 2 : 0.963 0.037
59 59 (0) 2 : 0.985 0.015
60 60 (0) 2 : 0.983 0.017
61 61 (0) 2 : 0.869 0.131
62 62 (0) 2 : 0.989 0.011
63 63 (0) 2 : 0.975 0.025
64 64 (0) 2 : 0.974 0.026
65 65 (0) 2 : 0.715 0.285
66 66 (0) 2 : 0.978 0.022
67 67 (0) 2 : 0.969 0.031
68 68 (0) 2 : 0.980 0.020
69 69 (0) 2 : 0.949 0.051
70 70 (1) 2 : 0.988 0.012
71 71 (0) 3 : 0.120 0.880
72 72 (0) 3 : 0.009 0.991
73 73 (0) 3 : 0.011 0.989
74 74 (0) 3 : 0.108 0.892
75 75 (0) 3 : 0.054 0.946
76 76 (0) 3 : 0.021 0.979
77 77 (0) 3 : 0.019 0.981
78 78 (0) 3 : 0.051 0.949
79 79 (0) 3 : 0.092 0.908
80 80 (8) 3 : 0.015 0.985
81 81 (0) 3 : 0.059 0.941
82 82 (0) 3 : 0.673 0.327
83 83 (0) 3 : 0.183 0.817
84 84 (0) 3 : 0.025 0.975
85 85 (0) 3 : 0.214 0.786
86 86 (0) 3 : 0.043 0.957
87 87 (0) 3 : 0.019 0.981
88 88 (0) 3 : 0.121 0.879
89 89 (0) 3 : 0.100 0.900
90 90 (0) 3 : 0.021 0.979
91 91 (0) 3 : 0.079 0.921
92 92 (0) 3 : 0.052 0.948
93 93 (0) 3 : 0.246 0.754
94 94 (0) 3 : 0.114 0.886
95 95 (0) 3 : 0.052 0.948
96 96 (0) 3 : 0.023 0.977
97 97 (0) 3 : 0.010 0.990
98 98 (0) 3 : 0.457 0.543
99 99 (0) 3 : 0.125 0.875
100 100 (0) 3 : 0.016 0.984
101 101 (0) 3 : 0.043 0.957
102 102 (0) 3 : 0.058 0.942
103 103 (0) 3 : 0.032 0.968
104 104 (0) 3 : 0.071 0.929
105 105 (0) 3 : 0.035 0.965
106 106 (0) 3 : 0.051 0.949
107 107 (0) 3 : 0.077 0.923
108 108 (0) 3 : 0.013 0.987
109 109 (0) 3 : 0.664 0.336
110 110 (0) 3 : 0.041 0.959
111 111 (0) 3 : 0.068 0.932
112 112 (0) 3 : 0.307 0.693
113 113 (0) 3 : 0.053 0.947
114 114 (0) 3 : 0.025 0.975
115 115 (0) 3 : 0.126 0.874
116 116 (0) 3 : 0.034 0.966
117 117 (0) 3 : 0.087 0.913
118 118 (0) 3 : 0.025 0.975
119 119 (0) 3 : 0.055 0.945
120 120 (7) 4 : 0.077 0.923
121 121 (12) 4 : 0.021 0.979
122 122 (12) 4 : 0.064 0.936
123 123 (3) 4 : 0.040 0.960
124 124 (12) 4 : 0.127 0.873
125 125 (13) 4 : 0.033 0.967
126 126 (0) 4 : 0.747 0.253
127 127 (3) 4 : 0.081 0.919
128 128 (0) 4 : 0.038 0.962
129 129 (0) 4 : 0.018 0.982
130 130 (9) 4 : 0.011 0.989
131 131 (9) 4 : 0.023 0.977
132 132 (12) 4 : 0.032 0.968
133 133 (0) 5 : 0.963 0.037
134 134 (0) 5 : 0.026 0.974
135 135 (0) 5 : 0.950 0.050
136 136 (0) 6 : 0.026 0.974
137 137 (0) 6 : 0.009 0.991
138 138 (9) 6 : 0.012 0.988
139 139 (0) 6 : 0.012 0.988
140 140 (0) 6 : 0.019 0.981
141 141 (0) 6 : 0.034 0.966
142 142 (0) 6 : 0.031 0.969
143 143 (0) 6 : 0.050 0.950
144 144 (11) 6 : 0.073 0.927
145 145 (0) 6 : 0.103 0.897
146 146 (0) 6 : 0.319 0.681
147 147 (0) 6 : 0.081 0.919
148 148 (4) 6 : 0.050 0.950
149 149 (0) 6 : 0.050 0.950
150 150 (0) 6 : 0.177 0.823
151 151 (0) 6 : 0.016 0.984
152 152 (0) 6 : 0.188 0.812
153 153 (4) 6 : 0.013 0.987
154 154 (5) 6 : 0.022 0.978
155 155 (0) 6 : 0.017 0.983
156 156 (5) 6 : 0.024 0.976
157 157 (0) 6 : 0.022 0.978
158 158 (0) 6 : 0.072 0.928
159 159 (10) 6 : 0.033 0.967
160 160 (0) 6 : 0.027 0.973
161 161 (0) 6 : 0.015 0.985
162 162 (0) 6 : 0.035 0.965
163 163 (5) 6 : 0.071 0.929
164 164 (0) 6 : 0.295 0.705
165 165 (0) 6 : 0.049 0.951
166 166 (0) 6 : 0.109 0.891
167 167 (10) 6 : 0.054 0.946
168 168 (0) 6 : 0.055 0.945
169 169 (0) 6 : 0.010 0.990
170 170 (0) 6 : 0.025 0.975
171 171 (0) 6 : 0.036 0.964
172 172 (0) 6 : 0.022 0.978
173 173 (0) 6 : 0.022 0.978
174 174 (0) 6 : 0.038 0.962
175 175 (0) 6 : 0.020 0.980
176 176 (0) 6 : 0.069 0.931
177 177 (0) 6 : 0.064 0.936
178 178 (2) 6 : 0.027 0.973
179 179 (0) 6 : 0.104 0.896
180 180 (0) 6 : 0.024 0.976
181 181 (0) 6 : 0.043 0.957
182 182 (0) 6 : 0.085 0.915
183 183 (7) 6 : 0.022 0.978
184 184 (0) 6 : 0.039 0.961
185 185 (10) 6 : 0.153 0.847
186 186 (0) 6 : 0.903 0.097
187 187 (8) 6 : 0.023 0.977
188 188 (0) 6 : 0.016 0.984
189 189 (7) 6 : 0.036 0.964
190 190 (0) 6 : 0.011 0.989
191 191 (0) 6 : 0.033 0.967
192 192 (0) 6 : 0.095 0.905
193 193 (0) 6 : 0.017 0.983
194 194 (2) 6 : 0.042 0.958
195 195 (0) 6 : 0.116 0.884
196 196 (0) 6 : 0.225 0.775
197 197 (3) 6 : 0.061 0.939
198 198 (0) 6 : 0.051 0.949
199 199 (0) 6 : 0.012 0.988
200 200 (0) 6 : 0.676 0.324
201 201 (0) 6 : 0.031 0.969
202 202 (0) 6 : 0.133 0.867
203 203 (0) 6 : 0.093 0.907
204 204 (13) 6 : 0.057 0.943
205 205 (0) 6 : 0.038 0.962
206 206 (12) 6 : 0.147 0.853
207 207 (0) 6 : 0.094 0.906
208 208 (0) 6 : 0.013 0.987
209 209 (8) 6 : 0.017 0.983
210 210 (0) 6 : 0.049 0.951
211 211 (0) 6 : 0.022 0.978
212 212 (0) 6 : 0.075 0.925
213 213 (0) 6 : 0.041 0.959
214 214 (0) 6 : 0.049 0.951
215 215 (14) 6 : 0.025 0.975
216 216 (0) 6 : 0.330 0.670
217 217 (0) 6 : 0.023 0.977
218 218 (0) 6 : 0.015 0.985
219 219 (14) 6 : 0.020 0.980
220 220 (0) 6 : 0.161 0.839
221 221 (7) 6 : 0.057 0.943
222 222 (0) 6 : 0.030 0.970
223 223 (0) 6 : 0.089 0.911
224 224 (0) 6 : 0.025 0.975
225 225 (5) 6 : 0.040 0.960
226 226 (0) 6 : 0.295 0.705
227 227 (0) 2 : 0.960 0.040
228 228 (0) 2 : 0.989 0.011
229 229 (0) 2 : 0.962 0.038
230 230 (0) 2 : 0.951 0.049
231 231 (0) 2 : 0.974 0.026
232 232 (0) 2 : 0.990 0.010
233 233 (0) 2 : 0.819 0.181
234 234 (0) 2 : 0.994 0.006
235 235 (0) 2 : 0.906 0.094
1 1 (0) 1 : 0.980 0.020
2 2 (1) 1 : 0.888 0.112
3 3 (0) 1 : 0.912 0.088
4 4 (13) 2 : 0.023 0.977
5 5 (0) 2 : 0.010 0.990
6 6 (13) 2 : 0.030 0.970
7 7 (0) 2 : 0.024 0.976
8 8 (0) 2 : 0.028 0.972
9 9 (10) 2 : 0.048 0.952
10 10 (9) 2 : 0.055 0.945
11 11 (0) 2 : 0.050 0.950
12 12 (0) 2 : 0.104 0.896
13 13 (0) 2 : 0.973 0.027
14 14 (0) 2 : 0.094 0.906
15 15 (0) 2 : 0.037 0.963
16 16 (0) 2 : 0.013 0.987
17 17 (0) 2 : 0.108 0.892
18 18 (0) 2 : 0.017 0.983
19 19 (0) 2 : 0.023 0.977
20 20 (0) 2 : 0.090 0.910
21 21 (0) 2 : 0.029 0.971
22 22 (0) 2 : 0.055 0.945
23 23 (0) 2 : 0.246 0.754
24 24 (0) 2 : 0.015 0.985
25 25 (0) 2 : 0.045 0.955
26 26 (0) 2 : 0.041 0.959
27 27 (0) 2 : 0.041 0.959
28 28 (0) 2 : 0.167 0.833
29 29 (9) 2 : 0.084 0.916
30 30 (0) 2 : 0.615 0.385
31 31 (0) 2 : 0.051 0.949
32 32 (0) 2 : 0.025 0.975
33 33 (0) 2 : 0.223 0.777
34 34 (0) 2 : 0.039 0.961
35 35 (0) 2 : 0.037 0.963
36 36 (0) 2 : 0.014 0.986
37 37 (0) 2 : 0.039 0.961
38 38 (0) 2 : 0.542 0.458
39 39 (0) 2 : 0.019 0.981
40 40 (0) 2 : 0.022 0.978
41 41 (0) 2 : 0.043 0.957
42 42 (0) 2 : 0.099 0.901
43 43 (0) 2 : 0.023 0.977
44 44 (5) 2 : 0.023 0.977
45 45 (0) 2 : 0.020 0.980
46 46 (0) 2 : 0.063 0.937
47 47 (0) 2 : 0.024 0.976
48 48 (0) 2 : 0.021 0.979
49 49 (0) 2 : 0.543 0.457
50 50 (0) 2 : 0.042 0.958
51 51 (0) 2 : 0.046 0.954
52 52 (0) 2 : 0.060 0.940
53 53 (0) 2 : 0.134 0.866
54 54 (0) 2 : 0.017 0.983
55 55 (4) 2 : 0.509 0.491
56 56 (0) 2 : 0.199 0.801
57 57 (1) 2 : 0.666 0.334
58 58 (0) 2 : 0.046 0.954
59 59 (0) 2 : 0.019 0.981
60 60 (0) 2 : 0.023 0.977
61 61 (0) 2 : 0.152 0.848
62 62 (0) 2 : 0.015 0.985
63 63 (0) 2 : 0.040 0.960
64 64 (0) 2 : 0.034 0.966
65 65 (0) 2 : 0.329 0.671
66 66 (0) 2 : 0.027 0.973
67 67 (0) 2 : 0.039 0.961
68 68 (0) 2 : 0.027 0.973
69 69 (0) 2 : 0.067 0.933
70 70 (1) 2 : 0.022 0.978
71 71 (0) 3 : 0.878 0.122
72 72 (0) 3 : 0.988 0.012
73 73 (0) 3 : 0.980 0.020
74 74 (0) 3 : 0.891 0.109
75 75 (0) 3 : 0.925 0.075
76 76 (0) 3 : 0.971 0.029
77 77 (0) 3 : 0.974 0.026
78 78 (0) 3 : 0.927 0.073
79 79 (0) 3 : 0.909 0.091
80 80 (8) 3 : 0.981 0.019
81 81 (0) 3 : 0.918 0.082
82 82 (0) 3 : 0.336 0.664
83 83 (0) 3 : 0.785 0.215
84 84 (0) 3 : 0.965 0.035
85 85 (0) 3 : 0.747 0.253
86 86 (0) 3 : 0.942 0.058
87 87 (0) 3 : 0.976 0.024
88 88 (0) 3 : 0.846 0.154
89 89 (0) 3 : 0.868 0.132
90 90 (0) 3 : 0.970 0.030
91 91 (0) 3 : 0.908 0.092
92 92 (0) 3 : 0.935 0.065
93 93 (0) 3 : 0.699 0.301
94 94 (0) 3 : 0.855 0.145
95 95 (0) 3 : 0.936 0.064
96 96 (0) 3 : 0.963 0.037
97 97 (0) 3 : 0.986 0.014
98 98 (0) 3 : 0.521 0.479
99 99 (0) 3 : 0.830 0.170
100 100 (0) 3 : 0.977 0.023
101 101 (0) 3 : 0.941 0.059
102 102 (0) 3 : 0.937 0.063
103 103 (0) 3 : 0.953 0.047
104 104 (0) 3 : 0.913 0.087
105 105 (0) 3 : 0.953 0.047
106 106 (0) 3 : 0.932 0.068
107 107 (0) 3 : 0.888 0.112
108 108 (0) 3 : 0.981 0.019
109 109 (0) 3 : 0.356 0.644
110 110 (0) 3 : 0.947 0.053
111 111 (0) 3 : 0.902 0.098
112 112 (0) 3 : 0.687 0.313
113 113 (0) 3 : 0.933 0.067
114 114 (0) 3 : 0.964 0.036
115 115 (0) 3 : 0.841 0.159
116 116 (0) 3 : 0.962 0.038
117 117 (0) 3 : 0.894 0.106
118 118 (0) 3 : 0.969 0.031
119 119 (0) 3 : 0.934 0.066
120 120 (7) 4 : 0.911 0.089
121 121 (12) 4 : 0.964 0.036
122 122 (12) 4 : 0.922 0.078
123 123 (3) 4 : 0.941 0.059
124 124 (12) 4 : 0.856 0.144
125 125 (13) 4 : 0.953 0.047
126 126 (0) 4 : 0.241 0.759
127 127 (3) 4 : 0.903 0.097
128 128 (0) 4 : 0.955 0.045
129 129 (0) 4 : 0.971 0.029
130 130 (9) 4 : 0.988 0.012
131 131 (9) 4 : 0.971 0.029
132 132 (12) 4 : 0.954 0.046
133 133 (0) 5 : 0.057 0.943
134 134 (0) 5 : 0.959 0.041
135 135 (0) 5 : 0.067 0.933
136 136 (0) 6 : 0.970 0.030
137 137 (0) 6 : 0.989 0.011
138 138 (9) 6 : 0.983 0.017
139 139 (0) 6 : 0.982 0.018
140 140 (0) 6 : 0.974 0.026
141 141 (0) 6 : 0.960 0.040
142 142 (0) 6 : 0.961 0.039
143 143 (0) 6 : 0.941 0.059
144 144 (11) 6 : 0.923 0.077
145 145 (0) 6 : 0.874 0.126
146 146 (0) 6 : 0.693 0.307
147 147 (0) 6 : 0.886 0.114
148 148 (4) 6 : 0.937 0.063
149 149 (0) 6 : 0.929 0.071
150 150 (0) 6 : 0.809 0.191
151 151 (0) 6 : 0.978 0.022
152 152 (0) 6 : 0.802 0.198
153 153 (4) 6 : 0.982 0.018
154 154 (5) 6 : 0.971 0.029
155 155 (0) 6 : 0.979 0.021
156 156 (5) 6 : 0.970 0.030
157 157 (0) 6 : 0.970 0.030
158 158 (0) 6 : 0.919 0.081
159 159 (10) 6 : 0.954 0.046
160 160 (0) 6 : 0.963 0.037
161 161 (0) 6 : 0.981 0.019
162 162 (0) 6 : 0.949 0.051
163 163 (5) 6 : 0.911 0.089
164 164 (0) 6 : 0.695 0.305
165 165 (0) 6 : 0.926 0.074
166 166 (0) 6 : 0.848 0.152
167 167 (10) 6 : 0.925 0.075
168 168 (0) 6 : 0.923 0.077
169 169 (0) 6 : 0.987 0.013
170 170 (0) 6 : 0.962 0.038
171 171 (0) 6 : 0.957 0.043
172 172 (0) 6 : 0.969 0.031
173 173 (0) 6 : 0.967 0.033
174 174 (0) 6 : 0.954 0.046
175 175 (0) 6 : 0.970 0.030
176 176 (0) 6 : 0.909 0.091
177 177 (0) 6 : 0.912 0.088
178 178 (2) 6 : 0.960 0.040
179 179 (0) 6 : 0.845 0.155
180 180 (0) 6 : 0.966 0.034
181 181 (0) 6 : 0.950 0.050
182 182 (0) 6 : 0.906 0.094
183 183 (7) 6 : 0.972 0.028
184 184 (0) 6 : 0.950 0.050
185 185 (10) 6 : 0.811 0.189
186 186 (0) 6 : 0.122 0.878
187 187 (8) 6 : 0.971 0.029
188 188 (0) 6 : 0.978 0.022
189 189 (7) 6 : 0.949 0.051
190 190 (0) 6 : 0.984 0.016
191 191 (0) 6 : 0.948 0.052
192 192 (0) 6 : 0.859 0.141
193 193 (0) 6 : 0.975 0.025
194 194 (2) 6 : 0.941 0.059
195 195 (0) 6 : 0.851 0.149
196 196 (0) 6 : 0.749 0.251
197 197 (3) 6 : 0.916 0.084
198 198 (0) 6 : 0.932 0.068
199 199 (0) 6 : 0.983 0.017
200 200 (0) 6 : 0.334 0.666
201 201 (0) 6 : 0.963 0.037
202 202 (0) 6 : 0.835 0.165
203 203 (0) 6 : 0.888 0.112
204 204 (13) 6 : 0.925 0.075
205 205 (0) 6 : 0.946 0.054
206 206 (12) 6 : 0.816 0.184
207 207 (0) 6 : 0.887 0.113
208 208 (0) 6 : 0.983 0.017
209 209 (8) 6 : 0.978 0.022
210 210 (0) 6 : 0.937 0.063
211 211 (0) 6 : 0.973 0.027
212 212 (0) 6 : 0.899 0.101
213 213 (0) 6 : 0.951 0.049
214 214 (0) 6 : 0.947 0.053
215 215 (14) 6 : 0.969 0.031
216 216 (0) 6 : 0.639 0.361
217 217 (0) 6 : 0.970 0.030
218 218 (0) 6 : 0.979 0.021
219 219 (14) 6 : 0.968 0.032
220 220 (0) 6 : 0.805 0.195
221 221 (7) 6 : 0.930 0.070
222 222 (0) 6 : 0.962 0.038
223 223 (0) 6 : 0.881 0.119
224 224 (0) 6 : 0.971 0.029
225 225 (5) 6 : 0.947 0.053
226 226 (0) 6 : 0.713 0.287
227 227 (0) 2 : 0.051 0.949
228 228 (0) 2 : 0.017 0.983
229 229 (0) 2 : 0.049 0.951
230 230 (0) 2 : 0.058 0.942
231 231 (0) 2 : 0.044 0.956
232 232 (0) 2 : 0.013 0.987
233 233 (0) 2 : 0.201 0.799
234 234 (0) 2 : 0.010 0.990
235 235 (0) 2 : 0.113 0.887
1 1 (0) 1 : 0.022 0.978
2 2 (1) 1 : 0.109 0.891
3 3 (0) 1 : 0.097 0.903
4 4 (13) 2 : 0.971 0.029
5 5 (0) 2 : 0.988 0.012
6 6 (13) 2 : 0.967 0.033
7 7 (0) 2 : 0.971 0.029
8 8 (0) 2 : 0.972 0.028
9 9 (10) 2 : 0.955 0.045
10 10 (9) 2 : 0.949 0.051
11 11 (0) 2 : 0.952 0.048
12 12 (0) 2 : 0.907 0.093
13 13 (0) 2 : 0.026 0.974
14 14 (0) 2 : 0.908 0.092
15 15 (0) 2 : 0.967 0.033
16 16 (0) 2 : 0.989 0.011
17 17 (0) 2 : 0.901 0.099
18 18 (0) 2 : 0.984 0.016
19 19 (0) 2 : 0.974 0.026
20 20 (0) 2 : 0.918 0.082
21 21 (0) 2 : 0.971 0.029
22 22 (0) 2 : 0.954 0.046
23 23 (0) 2 : 0.739 0.261
24 24 (0) 2 : 0.984 0.016
25 25 (0) 2 : 0.943 0.057
26 26 (0) 2 : 0.959 0.041
27 27 (0) 2 : 0.960 0.040
28 28 (0) 2 : 0.858 0.142
29 29 (9) 2 : 0.918 0.082
30 30 (0) 2 : 0.368 0.632
31 31 (0) 2 : 0.948 0.052
32 32 (0) 2 : 0.978 0.022
33 33 (0) 2 : 0.783 0.217
34 34 (0) 2 : 0.967 0.033
35 35 (0) 2 : 0.957 0.043
36 36 (0) 2 : 0.986 0.014
37 37 (0) 2 : 0.968 0.032
38 38 (0) 2 : 0.448 0.552
39 39 (0) 2 : 0.977 0.023
40 40 (0) 2 : 0.977 0.023
41 41 (0) 2 : 0.960 0.040
42 42 (0) 2 : 0.898 0.102
43 43 (0) 2 : 0.971 0.029
44 44 (5) 2 : 0.978 0.022
45 45 (0) 2 : 0.981 0.019
46 46 (0) 2 : 0.928 0.072
47 47 (0) 2 : 0.977 0.023
48 48 (0) 2 : 0.980 0.020
49 49 (0) 2 : 0.443 0.557
50 50 (0) 2 : 0.958 0.042
51 51 (0) 2 : 0.953 0.047
52 52 (0) 2 : 0.947 0.053
53 53 (0) 2 : 0.856 0.144
54 54 (0) 2 : 0.982 0.018
55 55 (4) 2 : 0.505 0.495
56 56 (0) 2 : 0.802 0.198
57 57 (1) 2 : 0.338 0.662
58 58 (0) 2 : 0.958 0.042
59 59 (0) 2 : 0.982 0.018
60 60 (0) 2 : 0.977 0.023
61 61 (0) 2 : 0.856 0.144
62 62 (0) 2 : 0.987 0.013
63 63 (0) 2 : 0.965 0.035
64 64 (0) 2 : 0.966 0.034
65 65 (0) 2 : 0.686 0.314
66 66 (0) 2 : 0.970 0.030
67 67 (0) 2 : 0.963 0.037
68 68 (0) 2 : 0.970 0.030
69 69 (0) 2 : 0.937 0.063
70 70 (1) 2 : 0.983 0.017
71 71 (0) 3 : 0.121 0.879
72 72 (0) 3 : 0.014 0.986
73 73 (0) 3 : 0.016 0.984
74 74 (0) 3 : 0.124 0.876
75 75 (0) 3 : 0.081 0.919
76 76 (0) 3 : 0.035 0.965
77 77 (0) 3 : 0.031 0.969
78 78 (0) 3 : 0.069 0.931
79 79 (0) 3 : 0.092 0.908
80 80 (8) 3 : 0.021 0.979
81 81 (0) 3 : 0.075 0.925
82 82 (0) 3 : 0.719 0.281
83 83 (0) 3 : 0.200 0.800
84 84 (0) 3 : 0.034 0.966
85 85 (0) 3 : 0.276 0.724
86 86 (0) 3 : 0.058 0.942
87 87 (0) 3 : 0.023 0.977
88 88 (0) 3 : 0.133 0.867
89 89 (0) 3 : 0.125 0.875
90 90 (0) 3 : 0.027 0.973
91 91 (0) 3 : 0.096 0.904
92 92 (0) 3 : 0.071 0.929
93 93 (0) 3 : 0.309 0.691
94 94 (0) 3 : 0.149 0.851
95 95 (0) 3 : 0.079 0.921
96 96 (0) 3 : 0.035 0.965
97 97 (0) 3 : 0.012 0.988
98 98 (0) 3 : 0.473 0.527
99 99 (0) 3 : 0.151 0.849
100 100 (0) 3 : 0.025 0.975
101 101 (0) 3 : 0.059 0.941
102 102 (0) 3 : 0.067 0.933
103 103 (0) 3 : 0.050 0.950
104 104 (0) 3 : 0.091 0.909
105 105 (0) 3 : 0.050 0.950
106 106 (0) 3 : 0.061 0.939
107 107 (0) 3 : 0.105 0.895
108 108 (0) 3 : 0.015 0.985
109 109 (0) 3 : 0.681 0.319
110 110 (0) 3 : 0.055 0.945
111 111 (0) 3 : 0.095 0.905
112 112 (0) 3 : 0.296 0.704
113 113 (0) 3 : 0.069 0.931
114 114 (0) 3 : 0.040 0.960
115 115 (0) 3 : 0.167 0.833
116 116 (0) 3 : 0.040 0.960
117 117 (0) 3 : 0.122 0.878
118 118 (0) 3 : 0.034 0.966
119 119 (0) 3 : 0.067 0.933
120 120 (7) 4 : 0.105 0.895
121 121 (12) 4 : 0.041 0.959
122 122 (12) 4 : 0.083 0.917
123 123 (3) 4 : 0.054 0.946
124 124 (12) 4 : 0.155 0.845
125 125 (13) 4 : 0.045 0.955
126 126 (0) 4 : 0.746 0.254
127 127 (3) 4 : 0.106 0.894
128 128 (0) 4 : 0.051 0.949
129 129 (0) 4 : 0.026 0.974
130 130 (9) 4 : 0.014 0.986
131 131 (9) 4 : 0.029 0.971
132 132 (12) 4 : 0.052 0.948
133 133 (0) 5 : 0.946 0.054
134 134 (0) 5 : 0.042 0.958
135 135 (0) 5 : 0.943 0.057
136 136 (0) 6 : 0.035 0.965
137 137 (0) 6 : 0.012 0.988
138 138 (9) 6 : 0.020 0.980
139 139 (0) 6 : 0.017 0.983
140 140 (0) 6 : 0.026 0.974
141 141 (0) 6 : 0.048 0.952
142 142 (0) 6 : 0.041 0.959
143 143 (0) 6 : 0.071 0.929
144 144 (11) 6 : 0.094 0.906
145 145 (0) 6 : 0.114 0.886
146 146 (0) 6 : 0.289 0.711
147 147 (0) 6 : 0.114 0.886
148 148 (4) 6 : 0.062 0.938
149 149 (0) 6 : 0.069 0.931
150 150 (0) 6 : 0.212 0.788
151 151 (0) 6 : 0.021 0.979
152 152 (0) 6 : 0.184 0.816
153 153 (4) 6 : 0.018 0.982
154 154 (5) 6 : 0.030 0.970
155 155 (0) 6 : 0.019 0.981
156 156 (5) 6 : 0.030 0.970
157 157 (0) 6 : 0.030 0.970
158 158 (0) 6 : 0.085 0.915
159 159 (10) 6 : 0.037 0.963
160 160 (0) 6 : 0.030 0.970
161 161 (0) 6 : 0.016 0.984
162 162 (0) 6 : 0.046 0.954
163 163 (5) 6 : 0.087 0.913
164 164 (0) 6 : 0.325 0.675
165 165 (0) 6 : 0.076 0.924
166 166 (0) 6 : 0.141 0.859
167 167 (10) 6 : 0.074 0.926
168 168 (0) 6 : 0.080 0.920
169 169 (0) 6 : 0.013 0.987
170 170 (0) 6 : 0.033 0.967
171 171 (0) 6 : 0.036 0.964
172 172 (0) 6 : 0.031 0.969
173 173 (0) 6 : 0.027 0.973
174 174 (0) 6 : 0.048 0.952
175 175 (0) 6 : 0.027 0.973
176 176 (0) 6 : 0.089 0.911
177 177 (0) 6 : 0.088 0.912
178 178 (2) 6 : 0.035 0.965
179 179 (0) 6 : 0.147 0.853
180 180 (0) 6 : 0.033 0.967
181 181 (0) 6 : 0.051 0.949
182 182 (0) 6 : 0.094 0.906
183 183 (7) 6 : 0.028 0.972
184 184 (0) 6 : 0.056 0.944
185 185 (10) 6 : 0.177 0.823
186 186 (0) 6 : 0.890 0.110
187 187 (8) 6 : 0.034 0.966
188 188 (0) 6 : 0.020 0.980
189 189 (7) 6 : 0.054 0.946
190 190 (0) 6 : 0.014 0.986
191 191 (0) 6 : 0.049 0.951
192 192 (0) 6 : 0.136 0.864
193 193 (0) 6 : 0.026 0.974
194 194 (2) 6 : 0.064 0.936
195 195 (0) 6 : 0.139 0.861
196 196 (0) 6 : 0.243 0.757
197 197 (3) 6 : 0.077 0.923
198 198 (0) 6 : 0.067 0.933
199 199 (0) 6 : 0.021 0.979
200 200 (0) 6 : 0.681 0.319
201 201 (0) 6 : 0.040 0.960
202 202 (0) 6 : 0.177 0.823
203 203 (0) 6 : 0.104 0.896
204 204 (13) 6 : 0.070 0.930
205 205 (0) 6 : 0.048 0.952
206 206 (12) 6 : 0.181 0.819
207 207 (0) 6 : 0.110 0.890
208 208 (0) 6 : 0.019 0.981
209 209 (8) 6 : 0.027 0.973
210 210 (0) 6 : 0.077 0.923
211 211 (0) 6 : 0.026 0.974
212 212 (0) 6 : 0.109 0.891
213 213 (0) 6 : 0.058 0.942
214 214 (0) 6 : 0.062 0.938
215 215 (14) 6 : 0.028 0.972
216 216 (0) 6 : 0.363 0.637
217 217 (0) 6 : 0.033 0.967
218 218 (0) 6 : 0.019 0.981
219 219 (14) 6 : 0.029 0.971
220 220 (0) 6 : 0.197 0.803
221 221 (7) 6 : 0.073 0.927
222 222 (0) 6 : 0.040 0.960
223 223 (0) 6 : 0.115 0.885
224 224 (0) 6 : 0.031 0.969
225 225 (5) 6 : 0.057 0.943
226 226 (0) 6 : 0.335 0.665
227 227 (0) 2 : 0.953 0.047
228 228 (0) 2 : 0.986 0.014
229 229 (0) 2 : 0.957 0.043
230 230 (0) 2 : 0.937 0.063
231 231 (0) 2 : 0.964 0.036
232 232 (0) 2 : 0.987 0.013
233 233 (0) 2 : 0.805 0.195
234 234 (0) 2 : 0.991 0.009
235 235 (0) 2 : 0.886 0.114
