1.0000	0.8823	0.8501	0.8546	0.9392	0.8302	0.8683	0.8941	0.8407	0.9065
0.8823	1.0000	0.8676	0.8286	0.8788	0.8304	0.9024	0.9103	0.8779	0.8659
0.8501	0.8676	1.0000	0.8849	0.8348	0.8706	0.8524	0.8619	0.8535	0.8466
0.8546	0.8286	0.8849	1.0000	0.8304	0.9081	0.8279	0.8236	0.8145	0.8435
0.9392	0.8788	0.8348	0.8304	1.0000	0.8132	0.8599	0.8892	0.8416	0.8874
0.8302	0.8304	0.8706	0.9081	0.8132	1.0000	0.8332	0.8229	0.8219	0.8169
0.8683	0.9024	0.8524	0.8279	0.8599	0.8332	1.0000	0.9055	0.8947	0.8607
0.8941	0.9103	0.8619	0.8236	0.8892	0.8229	0.9055	1.0000	0.8894	0.8708
0.8407	0.8779	0.8535	0.8145	0.8416	0.8219	0.8947	0.8894	1.0000	0.8268
0.9065	0.8659	0.8466	0.8435	0.8874	0.8169	0.8607	0.8708	0.8268	1.0000
