-------------------------------------------------------------------------------
 L       Percentage of nodes in the largest component
 D       Percentage of nodes in components of size at most 3 [-div option]
 R       Percentage of nodes not in L or D: 100 - L -D
 S       Percentage of nodes that are singletons
 E       Fraction of edges retained (input graph has 90)
 cce     Expected size of component, nodewise [ sum(sz^2) / sum^2(sz) ]
 EW      Edge weight traits (mean, median and IQR)
 ND      Node degree traits [mean, median and IQR]
 CCF     Clustering coefficient (scale 1-100)
 eff     Induced component efficiency relative to start graph (scale 1-1000)
Total number of nodes: 10
----------------------------------------------------------------------------------------------
  L   D   R   S     E     cce  EWmean   EWmed   EWiqr  NDmean   NDmed  NDiqr CCF  eff  Cutoff 
----------------------------------------------------------------------------------------------
100   0   0   0 1.000      10    0.86    0.86    0.05     9.0     9.5    0.5   -    -     0.50
100   0   0   0 1.000      10    0.86    0.86    0.05     9.0     9.5    0.5   -    -     0.51
100   0   0   0 1.000      10    0.86    0.86    0.05     9.0     9.5    0.5   -    -     0.52
100   0   0   0 1.000      10    0.86    0.86    0.05     9.0     9.5    0.5   -    -     0.53
100   0   0   0 1.000      10    0.86    0.86    0.05     9.0     9.5    0.5   -    -     0.54
100   0   0   0 1.000      10    0.86    0.86    0.05     9.0     9.5    0.5   -    -     0.55
100   0   0   0 1.000      10    0.86    0.86    0.05     9.0     9.5    0.5   -    -     0.56
100   0   0   0 1.000      10    0.86    0.86    0.05     9.0     9.5    0.5   -    -     0.57
100   0   0   0 1.000      10    0.86    0.86    0.05     9.0     9.5    0.5   -    -     0.58
100   0   0   0 1.000      10    0.86    0.86    0.05     9.0     9.5    0.5   -    -     0.59
100   0   0   0 1.000      10    0.86    0.86    0.05     9.0     9.5    0.5   -    -     0.60
100   0   0   0 1.000      10    0.86    0.86    0.05     9.0     9.5    0.5   -    -     0.61
100   0   0   0 1.000      10    0.86    0.86    0.05     9.0     9.5    0.5   -    -     0.62
100   0   0   0 1.000      10    0.86    0.86    0.05     9.0     9.5    0.5   -    -     0.63
100   0   0   0 1.000      10    0.86    0.86    0.05     9.0     9.5    0.5   -    -     0.64
100   0   0   0 1.000      10    0.86    0.86    0.05     9.0     9.5    0.5   -    -     0.65
100   0   0   0 1.000      10    0.86    0.86    0.05     9.0     9.5    0.5   -    -     0.66
100   0   0   0 1.000      10    0.86    0.86    0.05     9.0     9.5    0.5   -    -     0.67
100   0   0   0 1.000      10    0.86    0.86    0.05     9.0     9.5    0.5   -    -     0.68
100   0   0   0 1.000      10    0.86    0.86    0.05     9.0     9.5    0.5   -    -     0.69
100   0   0   0 1.000      10    0.86    0.86    0.05     9.0     9.5    0.5   -    -     0.70
100   0   0   0 1.000      10    0.86    0.86    0.05     9.0     9.5    0.5   -    -     0.71
100   0   0   0 1.000      10    0.86    0.86    0.05     9.0     9.5    0.5   -    -     0.72
100   0   0   0 1.000      10    0.86    0.86    0.05     9.0     9.5    0.5   -    -     0.73
100   0   0   0 1.000      10    0.86    0.86    0.05     9.0     9.5    0.5   -    -     0.74
100   0   0   0 1.000      10    0.86    0.86    0.05     9.0     9.5    0.5   -    -     0.75
100   0   0   0 1.000      10    0.86    0.86    0.05     9.0     9.5    0.5   -    -     0.76
100   0   0   0 1.000      10    0.86    0.86    0.05     9.0     9.5    0.5   -    -     0.77
100   0   0   0 1.000      10    0.86    0.86    0.05     9.0     9.5    0.5   -    -     0.78
100   0   0   0 1.000      10    0.86    0.86    0.05     9.0     9.5    0.5   -    -     0.79
100   0   0   0 1.000      10    0.86    0.86    0.05     9.0     9.5    0.5   -    -     0.80
100   0   0   0 1.000      10    0.86    0.86    0.05     9.0     9.5    0.5   -    -     0.81
100   0   0   0 0.933      10    0.86    0.86    0.05     8.4     8.5    1.5   -    -     0.82
100   0   0   0 0.800      10    0.87    0.87    0.04     7.2     7.5    2.0   -    -     0.83
100   0   0   0 0.689      10    0.88    0.87    0.03     6.2     7.5    1.5   -    -     0.84
100   0   0   0 0.600      10    0.88    0.88    0.03     5.4     6.5    3.0   -    -     0.85
100   0   0   0 0.489      10    0.89    0.89    0.03     4.4     4.5    2.0   -    -     0.86
 70  30   0   0 0.378       6    0.89    0.89    0.02     3.4     3.5    2.0   -    -     0.87
 70  30   0   0 0.289       6    0.90    0.89    0.02     2.6     2.5    1.5   -    -     0.88
 70  30   0  10 0.178       5    0.91    0.91    0.01     1.6     1.5    2.0   -    -     0.89
  0 100   0  20 0.133       2    0.91    0.91    0.00     1.2     1.5    1.5   -    -     0.90
  0 100   0  60 0.044       1    0.92    0.92    0.03     0.4     0.5    1.5   -    -     0.91
  0 100   0  80 0.022       1    0.94    0.94    0.00     0.2     0.5    0.5   -    -     0.92
  0 100   0  80 0.022       1    0.94    0.94    0.00     0.2     0.5    0.5   -    -     0.93
  0 100   0 100 0.000       1    0.00    0.00    0.00     0.0     0.5    0.5   -    -     0.94
  0 100   0 100 0.000       1    0.00    0.00    0.00     0.0     0.5    0.5   -    -     0.95
  0 100   0 100 0.000       1    0.00    0.00    0.00     0.0     0.5    0.5   -    -     0.96
  0 100   0 100 0.000       1    0.00    0.00    0.00     0.0     0.5    0.5   -    -     0.97
  0 100   0 100 0.000       1    0.00    0.00    0.00     0.0     0.5    0.5   -    -     0.98
  0 100   0 100 0.000       1    0.00    0.00    0.00     0.0     0.5    0.5   -    -     0.99
---------------------------------------------------------------------------------------------
