1 1 (0) 1 : 0.892 0.009 0.099
2 2 (1) 1 : 0.697 0.065 0.238
3 3 (0) 1 : 0.736 0.054 0.210
4 4 (13) 2 : 0.023 0.958 0.019
5 5 (0) 2 : 0.008 0.984 0.008
6 6 (13) 2 : 0.020 0.962 0.019
7 7 (0) 2 : 0.018 0.966 0.016
8 8 (0) 2 : 0.019 0.953 0.028
9 9 (10) 2 : 0.024 0.939 0.037
10 10 (9) 2 : 0.045 0.930 0.025
11 11 (0) 2 : 0.044 0.928 0.028
12 12 (0) 2 : 0.092 0.863 0.045
13 13 (0) 2 : 0.542 0.012 0.446
14 14 (0) 2 : 0.138 0.807 0.055
15 15 (0) 2 : 0.030 0.948 0.022
16 16 (0) 2 : 0.007 0.986 0.007
17 17 (0) 2 : 0.071 0.855 0.074
18 18 (0) 2 : 0.013 0.977 0.010
19 19 (0) 2 : 0.017 0.967 0.016
20 20 (0) 2 : 0.076 0.883 0.041
21 21 (0) 2 : 0.022 0.957 0.021
22 22 (0) 2 : 0.038 0.928 0.034
23 23 (0) 2 : 0.256 0.603 0.141
24 24 (0) 2 : 0.010 0.978 0.012
25 25 (0) 2 : 0.045 0.916 0.038
26 26 (0) 2 : 0.030 0.939 0.030
27 27 (0) 2 : 0.035 0.944 0.022
28 28 (0) 2 : 0.176 0.740 0.085
29 29 (9) 2 : 0.067 0.887 0.046
30 30 (0) 2 : 0.451 0.226 0.323
31 31 (0) 2 : 0.053 0.929 0.017
32 32 (0) 2 : 0.017 0.970 0.013
33 33 (0) 2 : 0.284 0.601 0.115
34 34 (0) 2 : 0.029 0.940 0.031
35 35 (0) 2 : 0.044 0.931 0.025
36 36 (0) 2 : 0.010 0.982 0.008
37 37 (0) 2 : 0.029 0.942 0.029
38 38 (0) 2 : 0.214 0.362 0.424
39 39 (0) 2 : 0.015 0.970 0.014
40 40 (0) 2 : 0.015 0.972 0.013
41 41 (0) 2 : 0.031 0.937 0.033
42 42 (0) 2 : 0.095 0.852 0.053
43 43 (0) 2 : 0.023 0.962 0.015
44 44 (5) 2 : 0.018 0.963 0.019
45 45 (0) 2 : 0.017 0.972 0.011
46 46 (0) 2 : 0.037 0.917 0.046
47 47 (0) 2 : 0.018 0.967 0.015
48 48 (0) 2 : 0.014 0.974 0.011
49 49 (0) 2 : 0.443 0.266 0.291
50 50 (0) 2 : 0.032 0.942 0.026
51 51 (0) 2 : 0.031 0.942 0.026
52 52 (0) 2 : 0.047 0.923 0.030
53 53 (0) 2 : 0.084 0.811 0.105
54 54 (0) 2 : 0.010 0.981 0.009
55 55 (4) 2 : 0.371 0.401 0.228
56 56 (0) 2 : 0.286 0.597 0.117
57 57 (1) 2 : 0.191 0.212 0.598
58 58 (0) 2 : 0.049 0.925 0.026
59 59 (0) 2 : 0.013 0.977 0.011
60 60 (0) 2 : 0.025 0.958 0.018
61 61 (0) 2 : 0.115 0.757 0.128
62 62 (0) 2 : 0.009 0.981 0.010
63 63 (0) 2 : 0.028 0.950 0.022
64 64 (0) 2 : 0.031 0.949 0.020
65 65 (0) 2 : 0.284 0.492 0.224
66 66 (0) 2 : 0.022 0.962 0.016
67 67 (0) 2 : 0.026 0.948 0.026
68 68 (0) 2 : 0.015 0.969 0.017
69 69 (0) 2 : 0.064 0.905 0.031
70 70 (1) 2 : 0.015 0.973 0.011
71 71 (0) 3 : 0.789 0.051 0.160
72 72 (0) 3 : 0.325 0.008 0.668
73 73 (0) 3 : 0.454 0.011 0.534
74 74 (0) 3 : 0.809 0.059 0.132
75 75 (0) 3 : 0.565 0.045 0.389
76 76 (0) 3 : 0.243 0.018 0.739
77 77 (0) 3 : 0.154 0.015 0.830
78 78 (0) 3 : 0.160 0.034 0.806
79 79 (0) 3 : 0.398 0.062 0.540
80 80 (8) 3 : 0.329 0.010 0.660
81 81 (0) 3 : 0.627 0.039 0.334
82 82 (0) 3 : 0.421 0.496 0.083
83 83 (0) 3 : 0.316 0.116 0.567
84 84 (0) 3 : 0.662 0.020 0.318
85 85 (0) 3 : 0.223 0.128 0.649
86 86 (0) 3 : 0.313 0.028 0.659
87 87 (0) 3 : 0.297 0.012 0.690
88 88 (0) 3 : 0.432 0.077 0.491
89 89 (0) 3 : 0.518 0.070 0.412
90 90 (0) 3 : 0.212 0.017 0.771
91 91 (0) 3 : 0.743 0.045 0.211
92 92 (0) 3 : 0.464 0.052 0.483
93 93 (0) 3 : 0.377 0.179 0.444
94 94 (0) 3 : 0.334 0.086 0.580
95 95 (0) 3 : 0.606 0.039 0.354
96 96 (0) 3 : 0.310 0.021 0.670
97 97 (0) 3 : 0.376 0.008 0.615
98 98 (0) 3 : 0.394 0.331 0.275
99 99 (0) 3 : 0.592 0.091 0.318
100 100 (0) 3 : 0.285 0.014 0.701
101 101 (0) 3 : 0.576 0.029 0.396
102 102 (0) 3 : 0.541 0.040 0.419
103 103 (0) 3 : 0.268 0.027 0.705
104 104 (0) 3 : 0.294 0.050 0.656
105 105 (0) 3 : 0.450 0.024 0.526
106 106 (0) 3 : 0.264 0.034 0.702
107 107 (0) 3 : 0.832 0.045 0.122
108 108 (0) 3 : 0.359 0.009 0.632
109 109 (0) 3 : 0.292 0.492 0.216
110 110 (0) 3 : 0.731 0.031 0.237
111 111 (0) 3 : 0.256 0.040 0.704
112 112 (0) 3 : 0.305 0.190 0.505
113 113 (0) 3 : 0.363 0.033 0.605
114 114 (0) 3 : 0.699 0.019 0.282
115 115 (0) 3 : 0.553 0.078 0.368
116 116 (0) 3 : 0.286 0.028 0.686
117 117 (0) 3 : 0.559 0.037 0.404
118 118 (0) 3 : 0.457 0.017 0.526
119 119 (0) 3 : 0.444 0.030 0.526
120 120 (7) 4 : 0.550 0.036 0.414
121 121 (12) 4 : 0.325 0.020 0.655
122 122 (12) 4 : 0.585 0.035 0.380
123 123 (3) 4 : 0.207 0.030 0.763
124 124 (12) 4 : 0.383 0.102 0.515
125 125 (13) 4 : 0.407 0.022 0.571
126 126 (0) 4 : 0.168 0.638 0.193
127 127 (3) 4 : 0.321 0.047 0.632
128 128 (0) 4 : 0.513 0.029 0.458
129 129 (0) 4 : 0.175 0.017 0.808
130 130 (9) 4 : 0.288 0.008 0.704
131 131 (9) 4 : 0.221 0.013 0.765
132 132 (12) 4 : 0.424 0.029 0.547
133 133 (0) 5 : 0.035 0.928 0.038
134 134 (0) 5 : 0.314 0.022 0.664
135 135 (0) 5 : 0.056 0.913 0.031
136 136 (0) 6 : 0.408 0.020 0.572
137 137 (0) 6 : 0.236 0.007 0.758
138 138 (9) 6 : 0.266 0.010 0.724
139 139 (0) 6 : 0.541 0.009 0.450
140 140 (0) 6 : 0.161 0.015 0.825
141 141 (0) 6 : 0.772 0.022 0.205
142 142 (0) 6 : 0.383 0.024 0.592
143 143 (0) 6 : 0.774 0.032 0.194
144 144 (11) 6 : 0.743 0.035 0.222
145 145 (0) 6 : 0.464 0.063 0.473
146 146 (0) 6 : 0.594 0.158 0.249
147 147 (0) 6 : 0.604 0.057 0.338
148 148 (4) 6 : 0.562 0.038 0.399
149 149 (0) 6 : 0.712 0.033 0.255
150 150 (0) 6 : 0.698 0.112 0.191
151 151 (0) 6 : 0.227 0.013 0.760
152 152 (0) 6 : 0.253 0.102 0.645
153 153 (4) 6 : 0.233 0.009 0.758
154 154 (5) 6 : 0.439 0.019 0.542
155 155 (0) 6 : 0.224 0.014 0.762
156 156 (5) 6 : 0.467 0.014 0.519
157 157 (0) 6 : 0.723 0.015 0.263
158 158 (0) 6 : 0.689 0.045 0.266
159 159 (10) 6 : 0.685 0.027 0.289
160 160 (0) 6 : 0.263 0.020 0.717
161 161 (0) 6 : 0.274 0.010 0.717
162 162 (0) 6 : 0.490 0.028 0.482
163 163 (5) 6 : 0.391 0.051 0.558
164 164 (0) 6 : 0.740 0.144 0.117
165 165 (0) 6 : 0.718 0.041 0.241
166 166 (0) 6 : 0.639 0.063 0.299
167 167 (10) 6 : 0.790 0.029 0.181
168 168 (0) 6 : 0.744 0.036 0.220
169 169 (0) 6 : 0.173 0.007 0.820
170 170 (0) 6 : 0.589 0.025 0.386
171 171 (0) 6 : 0.456 0.024 0.520
172 172 (0) 6 : 0.098 0.012 0.890
173 173 (0) 6 : 0.112 0.013 0.876
174 174 (0) 6 : 0.424 0.026 0.550
175 175 (0) 6 : 0.253 0.015 0.732
176 176 (0) 6 : 0.563 0.058 0.379
177 177 (0) 6 : 0.426 0.043 0.531
178 178 (2) 6 : 0.447 0.024 0.530
179 179 (0) 6 : 0.202 0.073 0.725
180 180 (0) 6 : 0.328 0.021 0.651
181 181 (0) 6 : 0.397 0.026 0.577
182 182 (0) 6 : 0.569 0.055 0.376
183 183 (7) 6 : 0.407 0.020 0.573
184 184 (0) 6 : 0.449 0.036 0.515
185 185 (10) 6 : 0.723 0.093 0.184
186 186 (0) 6 : 0.096 0.821 0.083
187 187 (8) 6 : 0.585 0.019 0.396
188 188 (0) 6 : 0.534 0.012 0.454
189 189 (7) 6 : 0.754 0.026 0.220
190 190 (0) 6 : 0.144 0.010 0.846
191 191 (0) 6 : 0.152 0.025 0.823
192 192 (0) 6 : 0.436 0.088 0.477
193 193 (0) 6 : 0.707 0.014 0.280
194 194 (2) 6 : 0.262 0.031 0.707
195 195 (0) 6 : 0.195 0.062 0.742
196 196 (0) 6 : 0.424 0.154 0.422
197 197 (3) 6 : 0.428 0.047 0.525
198 198 (0) 6 : 0.495 0.038 0.467
199 199 (0) 6 : 0.332 0.012 0.656
200 200 (0) 6 : 0.422 0.471 0.108
201 201 (0) 6 : 0.633 0.027 0.340
202 202 (0) 6 : 0.528 0.098 0.374
203 203 (0) 6 : 0.437 0.063 0.500
204 204 (13) 6 : 0.854 0.033 0.114
205 205 (0) 6 : 0.518 0.030 0.453
206 206 (12) 6 : 0.723 0.090 0.188
207 207 (0) 6 : 0.586 0.061 0.354
208 208 (0) 6 : 0.616 0.009 0.375
209 209 (8) 6 : 0.823 0.010 0.167
210 210 (0) 6 : 0.829 0.028 0.143
211 211 (0) 6 : 0.754 0.012 0.234
212 212 (0) 6 : 0.656 0.066 0.278
213 213 (0) 6 : 0.685 0.037 0.278
214 214 (0) 6 : 0.308 0.034 0.658
215 215 (14) 6 : 0.392 0.018 0.590
216 216 (0) 6 : 0.502 0.226 0.272
217 217 (0) 6 : 0.461 0.019 0.520
218 218 (0) 6 : 0.354 0.012 0.634
219 219 (14) 6 : 0.550 0.020 0.430
220 220 (0) 6 : 0.647 0.094 0.259
221 221 (7) 6 : 0.877 0.031 0.091
222 222 (0) 6 : 0.821 0.017 0.162
223 223 (0) 6 : 0.243 0.058 0.699
224 224 (0) 6 : 0.718 0.015 0.267
225 225 (5) 6 : 0.724 0.024 0.252
226 226 (0) 6 : 0.602 0.177 0.221
227 227 (0) 2 : 0.034 0.939 0.028
228 228 (0) 2 : 0.011 0.980 0.008
229 229 (0) 2 : 0.034 0.936 0.030
230 230 (0) 2 : 0.038 0.919 0.043
231 231 (0) 2 : 0.032 0.941 0.028
232 232 (0) 2 : 0.008 0.979 0.013
233 233 (0) 2 : 0.229 0.636 0.135
234 234 (0) 2 : 0.005 0.989 0.007
235 235 (0) 2 : 0.064 0.865 0.070
1 1 (0) 1 : 0.142 0.849 0.008
2 2 (1) 1 : 0.251 0.689 0.061
3 3 (0) 1 : 0.241 0.707 0.052
4 4 (13) 2 : 0.016 0.019 0.966
5 5 (0) 2 : 0.007 0.009 0.984
6 6 (13) 2 : 0.017 0.022 0.961
7 7 (0) 2 : 0.015 0.019 0.966
8 8 (0) 2 : 0.022 0.019 0.959
9 9 (10) 2 : 0.038 0.028 0.933
10 10 (9) 2 : 0.030 0.041 0.929
11 11 (0) 2 : 0.026 0.043 0.930
12 12 (0) 2 : 0.038 0.083 0.879
13 13 (0) 2 : 0.462 0.519 0.018
14 14 (0) 2 : 0.057 0.117 0.825
15 15 (0) 2 : 0.023 0.027 0.949
16 16 (0) 2 : 0.009 0.009 0.982
17 17 (0) 2 : 0.090 0.064 0.846
18 18 (0) 2 : 0.010 0.012 0.978
19 19 (0) 2 : 0.016 0.019 0.966
20 20 (0) 2 : 0.043 0.073 0.884
21 21 (0) 2 : 0.023 0.024 0.952
22 22 (0) 2 : 0.035 0.039 0.926
23 23 (0) 2 : 0.143 0.242 0.615
24 24 (0) 2 : 0.012 0.009 0.979
25 25 (0) 2 : 0.034 0.033 0.933
26 26 (0) 2 : 0.029 0.027 0.945
27 27 (0) 2 : 0.024 0.038 0.938
28 28 (0) 2 : 0.102 0.146 0.752
29 29 (9) 2 : 0.048 0.053 0.899
30 30 (0) 2 : 0.296 0.453 0.251
31 31 (0) 2 : 0.025 0.058 0.916
32 32 (0) 2 : 0.013 0.020 0.967
33 33 (0) 2 : 0.139 0.195 0.666
34 34 (0) 2 : 0.029 0.027 0.944
35 35 (0) 2 : 0.031 0.050 0.920
36 36 (0) 2 : 0.008 0.010 0.982
37 37 (0) 2 : 0.028 0.033 0.939
38 38 (0) 2 : 0.474 0.196 0.330
39 39 (0) 2 : 0.011 0.015 0.974
40 40 (0) 2 : 0.015 0.017 0.968
41 41 (0) 2 : 0.029 0.034 0.937
42 42 (0) 2 : 0.060 0.090 0.850
43 43 (0) 2 : 0.015 0.023 0.961
44 44 (5) 2 : 0.020 0.014 0.966
45 45 (0) 2 : 0.012 0.014 0.975
46 46 (0) 2 : 0.036 0.039 0.926
47 47 (0) 2 : 0.017 0.013 0.969
48 48 (0) 2 : 0.010 0.016 0.975
49 49 (0) 2 : 0.286 0.445 0.269
50 50 (0) 2 : 0.026 0.033 0.941
51 51 (0) 2 : 0.029 0.036 0.935
52 52 (0) 2 : 0.030 0.053 0.917
53 53 (0) 2 : 0.079 0.134 0.787
54 54 (0) 2 : 0.009 0.013 0.977
55 55 (4) 2 : 0.212 0.365 0.423
56 56 (0) 2 : 0.121 0.328 0.551
57 57 (1) 2 : 0.524 0.232 0.244
58 58 (0) 2 : 0.031 0.050 0.919
59 59 (0) 2 : 0.011 0.012 0.978
60 60 (0) 2 : 0.019 0.019 0.963
61 61 (0) 2 : 0.110 0.135 0.755
62 62 (0) 2 : 0.008 0.010 0.981
63 63 (0) 2 : 0.022 0.033 0.945
64 64 (0) 2 : 0.020 0.026 0.953
65 65 (0) 2 : 0.234 0.250 0.516
66 66 (0) 2 : 0.019 0.020 0.960
67 67 (0) 2 : 0.026 0.029 0.945
68 68 (0) 2 : 0.015 0.017 0.968
69 69 (0) 2 : 0.032 0.056 0.912
70 70 (1) 2 : 0.010 0.014 0.975
71 71 (0) 3 : 0.305 0.636 0.058
72 72 (0) 3 : 0.691 0.301 0.008
73 73 (0) 3 : 0.584 0.407 0.010
74 74 (0) 3 : 0.151 0.788 0.062
75 75 (0) 3 : 0.461 0.495 0.044
76 76 (0) 3 : 0.755 0.227 0.018
77 77 (0) 3 : 0.768 0.219 0.013
78 78 (0) 3 : 0.739 0.228 0.033
79 79 (0) 3 : 0.650 0.289 0.061
80 80 (8) 3 : 0.631 0.360 0.009
81 81 (0) 3 : 0.336 0.627 0.037
82 82 (0) 3 : 0.127 0.355 0.518
83 83 (0) 3 : 0.606 0.271 0.123
84 84 (0) 3 : 0.365 0.619 0.016
85 85 (0) 3 : 0.619 0.249 0.133
86 86 (0) 3 : 0.715 0.256 0.029
87 87 (0) 3 : 0.586 0.401 0.013
88 88 (0) 3 : 0.524 0.395 0.081
89 89 (0) 3 : 0.480 0.435 0.085
90 90 (0) 3 : 0.744 0.242 0.014
91 91 (0) 3 : 0.178 0.776 0.045
92 92 (0) 3 : 0.502 0.457 0.041
93 93 (0) 3 : 0.388 0.430 0.183
94 94 (0) 3 : 0.555 0.360 0.086
95 95 (0) 3 : 0.352 0.608 0.041
96 96 (0) 3 : 0.511 0.471 0.018
97 97 (0) 3 : 0.616 0.376 0.008
98 98 (0) 3 : 0.366 0.289 0.345
99 99 (0) 3 : 0.405 0.510 0.085
100 100 (0) 3 : 0.677 0.310 0.014
101 101 (0) 3 : 0.381 0.581 0.037
102 102 (0) 3 : 0.438 0.525 0.037
103 103 (0) 3 : 0.729 0.245 0.026
104 104 (0) 3 : 0.525 0.427 0.048
105 105 (0) 3 : 0.519 0.450 0.031
106 106 (0) 3 : 0.655 0.306 0.039
107 107 (0) 3 : 0.164 0.791 0.045
108 108 (0) 3 : 0.630 0.360 0.010
109 109 (0) 3 : 0.279 0.269 0.452
110 110 (0) 3 : 0.356 0.609 0.035
111 111 (0) 3 : 0.744 0.213 0.043
112 112 (0) 3 : 0.500 0.288 0.212
113 113 (0) 3 : 0.487 0.476 0.037
114 114 (0) 3 : 0.327 0.653 0.020
115 115 (0) 3 : 0.459 0.449 0.092
116 116 (0) 3 : 0.668 0.309 0.022
117 117 (0) 3 : 0.547 0.420 0.033
118 118 (0) 3 : 0.651 0.330 0.019
119 119 (0) 3 : 0.492 0.473 0.035
120 120 (7) 4 : 0.555 0.413 0.032
121 121 (12) 4 : 0.723 0.258 0.019
122 122 (12) 4 : 0.518 0.447 0.035
123 123 (3) 4 : 0.656 0.311 0.033
124 124 (12) 4 : 0.443 0.467 0.090
125 125 (13) 4 : 0.497 0.481 0.022
126 126 (0) 4 : 0.196 0.197 0.606
127 127 (3) 4 : 0.549 0.402 0.049
128 128 (0) 4 : 0.350 0.623 0.027
129 129 (0) 4 : 0.751 0.234 0.015
130 130 (9) 4 : 0.669 0.324 0.007
131 131 (9) 4 : 0.588 0.396 0.016
132 132 (12) 4 : 0.623 0.350 0.026
133 133 (0) 5 : 0.035 0.031 0.934
134 134 (0) 5 : 0.482 0.498 0.020
135 135 (0) 5 : 0.041 0.054 0.905
136 136 (0) 6 : 0.474 0.504 0.021
137 137 (0) 6 : 0.730 0.264 0.006
138 138 (9) 6 : 0.713 0.276 0.012
139 139 (0) 6 : 0.544 0.447 0.009
140 140 (0) 6 : 0.763 0.223 0.014
141 141 (0) 6 : 0.336 0.644 0.021
142 142 (0) 6 : 0.582 0.397 0.022
143 143 (0) 6 : 0.323 0.639 0.038
144 144 (11) 6 : 0.287 0.678 0.035
145 145 (0) 6 : 0.431 0.487 0.082
146 146 (0) 6 : 0.309 0.538 0.153
147 147 (0) 6 : 0.344 0.608 0.048
148 148 (4) 6 : 0.497 0.469 0.034
149 149 (0) 6 : 0.361 0.597 0.041
150 150 (0) 6 : 0.270 0.620 0.111
151 151 (0) 6 : 0.544 0.446 0.010
152 152 (0) 6 : 0.618 0.275 0.107
153 153 (4) 6 : 0.565 0.427 0.008
154 154 (5) 6 : 0.409 0.575 0.016
155 155 (0) 6 : 0.707 0.281 0.012
156 156 (5) 6 : 0.596 0.383 0.021
157 157 (0) 6 : 0.277 0.707 0.016
158 158 (0) 6 : 0.413 0.545 0.042
159 159 (10) 6 : 0.286 0.690 0.024
160 160 (0) 6 : 0.646 0.336 0.018
161 161 (0) 6 : 0.532 0.457 0.011
162 162 (0) 6 : 0.433 0.539 0.028
163 163 (5) 6 : 0.586 0.357 0.057
164 164 (0) 6 : 0.136 0.731 0.134
165 165 (0) 6 : 0.266 0.698 0.036
166 166 (0) 6 : 0.244 0.692 0.064
167 167 (10) 6 : 0.161 0.808 0.031
168 168 (0) 6 : 0.206 0.760 0.034
169 169 (0) 6 : 0.781 0.211 0.008
170 170 (0) 6 : 0.519 0.462 0.019
171 171 (0) 6 : 0.485 0.492 0.022
172 172 (0) 6 : 0.826 0.158 0.015
173 173 (0) 6 : 0.814 0.171 0.015
174 174 (0) 6 : 0.484 0.493 0.023
175 175 (0) 6 : 0.679 0.306 0.015
176 176 (0) 6 : 0.380 0.565 0.055
177 177 (0) 6 : 0.489 0.464 0.047
178 178 (2) 6 : 0.542 0.435 0.023
179 179 (0) 6 : 0.689 0.227 0.085
180 180 (0) 6 : 0.710 0.271 0.019
181 181 (0) 6 : 0.537 0.436 0.027
182 182 (0) 6 : 0.410 0.527 0.063
183 183 (7) 6 : 0.616 0.367 0.018
184 184 (0) 6 : 0.647 0.320 0.032
185 185 (10) 6 : 0.193 0.708 0.099
186 186 (0) 6 : 0.086 0.104 0.810
187 187 (8) 6 : 0.388 0.593 0.019
188 188 (0) 6 : 0.434 0.555 0.010
189 189 (7) 6 : 0.185 0.792 0.023
190 190 (0) 6 : 0.848 0.145 0.007
191 191 (0) 6 : 0.748 0.226 0.026
192 192 (0) 6 : 0.488 0.431 0.081
193 193 (0) 6 : 0.478 0.509 0.013
194 194 (2) 6 : 0.722 0.246 0.033
195 195 (0) 6 : 0.666 0.273 0.061
196 196 (0) 6 : 0.348 0.484 0.168
197 197 (3) 6 : 0.518 0.446 0.035
198 198 (0) 6 : 0.570 0.392 0.038
199 199 (0) 6 : 0.697 0.293 0.010
200 200 (0) 6 : 0.130 0.398 0.472
201 201 (0) 6 : 0.474 0.505 0.021
202 202 (0) 6 : 0.432 0.465 0.103
203 203 (0) 6 : 0.508 0.415 0.077
204 204 (13) 6 : 0.251 0.714 0.035
205 205 (0) 6 : 0.406 0.566 0.028
206 206 (12) 6 : 0.214 0.686 0.100
207 207 (0) 6 : 0.340 0.590 0.070
208 208 (0) 6 : 0.412 0.577 0.011
209 209 (8) 6 : 0.296 0.690 0.014
210 210 (0) 6 : 0.280 0.692 0.028
211 211 (0) 6 : 0.168 0.819 0.013
212 212 (0) 6 : 0.243 0.699 0.058
213 213 (0) 6 : 0.384 0.583 0.033
214 214 (0) 6 : 0.627 0.341 0.032
215 215 (14) 6 : 0.624 0.357 0.019
216 216 (0) 6 : 0.354 0.437 0.209
217 217 (0) 6 : 0.543 0.442 0.015
218 218 (0) 6 : 0.680 0.308 0.012
219 219 (14) 6 : 0.538 0.443 0.019
220 220 (0) 6 : 0.255 0.634 0.111
221 221 (7) 6 : 0.216 0.749 0.035
222 222 (0) 6 : 0.156 0.828 0.017
223 223 (0) 6 : 0.672 0.269 0.059
224 224 (0) 6 : 0.159 0.827 0.013
225 225 (5) 6 : 0.160 0.818 0.022
226 226 (0) 6 : 0.220 0.598 0.182
227 227 (0) 2 : 0.030 0.030 0.940
228 228 (0) 2 : 0.010 0.009 0.981
229 229 (0) 2 : 0.026 0.027 0.947
230 230 (0) 2 : 0.036 0.047 0.917
231 231 (0) 2 : 0.025 0.028 0.947
232 232 (0) 2 : 0.009 0.009 0.983
233 233 (0) 2 : 0.111 0.246 0.643
234 234 (0) 2 : 0.005 0.006 0.990
235 235 (0) 2 : 0.085 0.076 0.839
1 1 (0) 1 : 0.116 0.873 0.011
2 2 (1) 1 : 0.239 0.703 0.057
3 3 (0) 1 : 0.194 0.758 0.048
4 4 (13) 2 : 0.020 0.020 0.960
5 5 (0) 2 : 0.006 0.008 0.986
6 6 (13) 2 : 0.019 0.021 0.960
7 7 (0) 2 : 0.017 0.017 0.967
8 8 (0) 2 : 0.022 0.020 0.959
9 9 (10) 2 : 0.036 0.032 0.932
10 10 (9) 2 : 0.028 0.041 0.931
11 11 (0) 2 : 0.031 0.045 0.924
12 12 (0) 2 : 0.054 0.091 0.855
13 13 (0) 2 : 0.441 0.543 0.017
14 14 (0) 2 : 0.062 0.132 0.806
15 15 (0) 2 : 0.022 0.029 0.949
16 16 (0) 2 : 0.009 0.010 0.981
17 17 (0) 2 : 0.081 0.068 0.851
18 18 (0) 2 : 0.011 0.014 0.975
19 19 (0) 2 : 0.016 0.020 0.964
20 20 (0) 2 : 0.047 0.090 0.863
21 21 (0) 2 : 0.022 0.020 0.958
22 22 (0) 2 : 0.033 0.039 0.929
23 23 (0) 2 : 0.144 0.225 0.631
24 24 (0) 2 : 0.012 0.009 0.979
25 25 (0) 2 : 0.041 0.038 0.921
26 26 (0) 2 : 0.030 0.034 0.936
27 27 (0) 2 : 0.026 0.030 0.944
28 28 (0) 2 : 0.104 0.182 0.714
29 29 (9) 2 : 0.045 0.068 0.887
30 30 (0) 2 : 0.304 0.451 0.244
31 31 (0) 2 : 0.021 0.066 0.913
32 32 (0) 2 : 0.014 0.021 0.965
33 33 (0) 2 : 0.147 0.221 0.632
34 34 (0) 2 : 0.029 0.031 0.939
35 35 (0) 2 : 0.029 0.046 0.925
36 36 (0) 2 : 0.008 0.010 0.982
37 37 (0) 2 : 0.032 0.030 0.938
38 38 (0) 2 : 0.441 0.199 0.360
39 39 (0) 2 : 0.012 0.011 0.977
40 40 (0) 2 : 0.011 0.016 0.973
41 41 (0) 2 : 0.035 0.028 0.937
42 42 (0) 2 : 0.066 0.078 0.856
43 43 (0) 2 : 0.014 0.018 0.968
44 44 (5) 2 : 0.017 0.018 0.964
45 45 (0) 2 : 0.017 0.014 0.968
46 46 (0) 2 : 0.047 0.048 0.904
47 47 (0) 2 : 0.021 0.017 0.962
48 48 (0) 2 : 0.013 0.018 0.969
49 49 (0) 2 : 0.277 0.451 0.272
50 50 (0) 2 : 0.029 0.033 0.938
51 51 (0) 2 : 0.031 0.032 0.936
52 52 (0) 2 : 0.031 0.051 0.918
53 53 (0) 2 : 0.102 0.112 0.785
54 54 (0) 2 : 0.009 0.013 0.978
55 55 (4) 2 : 0.229 0.397 0.374
56 56 (0) 2 : 0.139 0.285 0.576
57 57 (1) 2 : 0.588 0.204 0.208
58 58 (0) 2 : 0.032 0.037 0.930
59 59 (0) 2 : 0.016 0.016 0.968
60 60 (0) 2 : 0.016 0.019 0.965
61 61 (0) 2 : 0.134 0.122 0.743
62 62 (0) 2 : 0.012 0.007 0.981
63 63 (0) 2 : 0.029 0.029 0.942
64 64 (0) 2 : 0.017 0.032 0.951
65 65 (0) 2 : 0.260 0.247 0.493
66 66 (0) 2 : 0.016 0.025 0.959
67 67 (0) 2 : 0.033 0.026 0.941
68 68 (0) 2 : 0.015 0.021 0.964
69 69 (0) 2 : 0.029 0.061 0.909
70 70 (1) 2 : 0.010 0.011 0.979
71 71 (0) 3 : 0.239 0.707 0.054
72 72 (0) 3 : 0.685 0.306 0.009
73 73 (0) 3 : 0.547 0.441 0.012
74 74 (0) 3 : 0.083 0.848 0.068
75 75 (0) 3 : 0.423 0.527 0.051
76 76 (0) 3 : 0.736 0.248 0.015
77 77 (0) 3 : 0.797 0.189 0.014
78 78 (0) 3 : 0.806 0.165 0.030
79 79 (0) 3 : 0.561 0.380 0.058
80 80 (8) 3 : 0.687 0.303 0.011
81 81 (0) 3 : 0.349 0.605 0.046
82 82 (0) 3 : 0.102 0.388 0.510
83 83 (0) 3 : 0.569 0.316 0.116
84 84 (0) 3 : 0.325 0.653 0.022
85 85 (0) 3 : 0.662 0.198 0.140
86 86 (0) 3 : 0.736 0.241 0.023
87 87 (0) 3 : 0.620 0.367 0.013
88 88 (0) 3 : 0.529 0.386 0.085
89 89 (0) 3 : 0.472 0.462 0.067
90 90 (0) 3 : 0.761 0.222 0.017
91 91 (0) 3 : 0.191 0.754 0.055
92 92 (0) 3 : 0.519 0.435 0.046
93 93 (0) 3 : 0.423 0.379 0.198
94 94 (0) 3 : 0.603 0.316 0.081
95 95 (0) 3 : 0.325 0.635 0.040
96 96 (0) 3 : 0.615 0.367 0.017
97 97 (0) 3 : 0.608 0.385 0.007
98 98 (0) 3 : 0.285 0.343 0.372
99 99 (0) 3 : 0.401 0.511 0.088
100 100 (0) 3 : 0.728 0.259 0.013
101 101 (0) 3 : 0.422 0.542 0.036
102 102 (0) 3 : 0.427 0.529 0.044
103 103 (0) 3 : 0.671 0.305 0.024
104 104 (0) 3 : 0.636 0.322 0.042
105 105 (0) 3 : 0.484 0.483 0.033
106 106 (0) 3 : 0.654 0.311 0.035
107 107 (0) 3 : 0.145 0.805 0.050
108 108 (0) 3 : 0.669 0.322 0.009
109 109 (0) 3 : 0.273 0.288 0.439
110 110 (0) 3 : 0.293 0.678 0.029
111 111 (0) 3 : 0.760 0.196 0.043
112 112 (0) 3 : 0.536 0.283 0.180
113 113 (0) 3 : 0.573 0.395 0.032
114 114 (0) 3 : 0.276 0.705 0.020
115 115 (0) 3 : 0.490 0.412 0.098
116 116 (0) 3 : 0.638 0.341 0.021
117 117 (0) 3 : 0.491 0.475 0.034
118 118 (0) 3 : 0.583 0.397 0.020
119 119 (0) 3 : 0.519 0.450 0.031
120 120 (7) 4 : 0.501 0.475 0.024
121 121 (12) 4 : 0.729 0.252 0.019
122 122 (12) 4 : 0.472 0.490 0.038
123 123 (3) 4 : 0.732 0.236 0.032
124 124 (12) 4 : 0.482 0.425 0.092
125 125 (13) 4 : 0.571 0.405 0.023
126 126 (0) 4 : 0.184 0.178 0.638
127 127 (3) 4 : 0.617 0.326 0.056
128 128 (0) 4 : 0.441 0.538 0.021
129 129 (0) 4 : 0.748 0.238 0.014
130 130 (9) 4 : 0.576 0.415 0.009
131 131 (9) 4 : 0.703 0.282 0.015
132 132 (12) 4 : 0.585 0.387 0.028
133 133 (0) 5 : 0.032 0.028 0.940
134 134 (0) 5 : 0.620 0.360 0.020
135 135 (0) 5 : 0.038 0.047 0.915
136 136 (0) 6 : 0.556 0.424 0.020
137 137 (0) 6 : 0.642 0.352 0.006
138 138 (9) 6 : 0.672 0.317 0.011
139 139 (0) 6 : 0.422 0.569 0.009
140 140 (0) 6 : 0.749 0.236 0.015
141 141 (0) 6 : 0.198 0.780 0.022
142 142 (0) 6 : 0.572 0.399 0.029
143 143 (0) 6 : 0.257 0.706 0.037
144 144 (11) 6 : 0.239 0.721 0.040
145 145 (0) 6 : 0.493 0.447 0.061
146 146 (0) 6 : 0.271 0.567 0.161
147 147 (0) 6 : 0.375 0.576 0.050
148 148 (4) 6 : 0.461 0.501 0.039
149 149 (0) 6 : 0.309 0.659 0.031
150 150 (0) 6 : 0.228 0.648 0.123
151 151 (0) 6 : 0.618 0.372 0.010
152 152 (0) 6 : 0.618 0.283 0.099
153 153 (4) 6 : 0.622 0.368 0.010
154 154 (5) 6 : 0.466 0.516 0.018
155 155 (0) 6 : 0.727 0.261 0.012
156 156 (5) 6 : 0.483 0.498 0.020
157 157 (0) 6 : 0.236 0.751 0.013
158 158 (0) 6 : 0.347 0.615 0.038
159 159 (10) 6 : 0.259 0.715 0.026
160 160 (0) 6 : 0.651 0.332 0.017
161 161 (0) 6 : 0.662 0.329 0.009
162 162 (0) 6 : 0.418 0.554 0.028
163 163 (5) 6 : 0.564 0.377 0.059
164 164 (0) 6 : 0.131 0.722 0.147
165 165 (0) 6 : 0.242 0.720 0.037
166 166 (0) 6 : 0.303 0.631 0.066
167 167 (10) 6 : 0.200 0.767 0.032
168 168 (0) 6 : 0.238 0.727 0.035
169 169 (0) 6 : 0.788 0.203 0.009
170 170 (0) 6 : 0.380 0.596 0.024
171 171 (0) 6 : 0.514 0.457 0.029
172 172 (0) 6 : 0.903 0.084 0.013
173 173 (0) 6 : 0.898 0.085 0.017
174 174 (0) 6 : 0.538 0.435 0.027
175 175 (0) 6 : 0.652 0.332 0.016
176 176 (0) 6 : 0.333 0.611 0.056
177 177 (0) 6 : 0.541 0.410 0.049
178 178 (2) 6 : 0.517 0.462 0.021
179 179 (0) 6 : 0.702 0.217 0.082
180 180 (0) 6 : 0.636 0.347 0.017
181 181 (0) 6 : 0.532 0.439 0.029
182 182 (0) 6 : 0.393 0.545 0.062
183 183 (7) 6 : 0.556 0.423 0.021
184 184 (0) 6 : 0.591 0.381 0.028
185 185 (10) 6 : 0.198 0.683 0.119
186 186 (0) 6 : 0.085 0.112 0.803
187 187 (8) 6 : 0.458 0.522 0.020
188 188 (0) 6 : 0.437 0.552 0.012
189 189 (7) 6 : 0.184 0.789 0.027
190 190 (0) 6 : 0.846 0.147 0.007
191 191 (0) 6 : 0.789 0.185 0.026
192 192 (0) 6 : 0.491 0.412 0.097
193 193 (0) 6 : 0.321 0.667 0.012
194 194 (2) 6 : 0.721 0.250 0.030
195 195 (0) 6 : 0.702 0.230 0.067
196 196 (0) 6 : 0.379 0.465 0.156
197 197 (3) 6 : 0.532 0.429 0.039
198 198 (0) 6 : 0.513 0.443 0.045
199 199 (0) 6 : 0.617 0.374 0.009
200 200 (0) 6 : 0.108 0.363 0.528
201 201 (0) 6 : 0.369 0.612 0.019
202 202 (0) 6 : 0.357 0.549 0.094
203 203 (0) 6 : 0.524 0.398 0.078
204 204 (13) 6 : 0.182 0.781 0.037
205 205 (0) 6 : 0.447 0.519 0.034
206 206 (12) 6 : 0.210 0.695 0.095
207 207 (0) 6 : 0.369 0.571 0.060
208 208 (0) 6 : 0.372 0.616 0.011
209 209 (8) 6 : 0.215 0.773 0.012
210 210 (0) 6 : 0.209 0.760 0.031
211 211 (0) 6 : 0.196 0.791 0.013
212 212 (0) 6 : 0.228 0.707 0.064
213 213 (0) 6 : 0.338 0.626 0.036
214 214 (0) 6 : 0.632 0.338 0.030
215 215 (14) 6 : 0.613 0.369 0.018
216 216 (0) 6 : 0.278 0.511 0.212
217 217 (0) 6 : 0.485 0.499 0.015
218 218 (0) 6 : 0.592 0.397 0.010
219 219 (14) 6 : 0.385 0.596 0.019
220 220 (0) 6 : 0.255 0.638 0.107
221 221 (7) 6 : 0.152 0.811 0.037
222 222 (0) 6 : 0.108 0.877 0.015
223 223 (0) 6 : 0.665 0.275 0.060
224 224 (0) 6 : 0.179 0.806 0.015
225 225 (5) 6 : 0.176 0.800 0.024
226 226 (0) 6 : 0.224 0.618 0.159
227 227 (0) 2 : 0.027 0.032 0.942
228 228 (0) 2 : 0.008 0.010 0.982
229 229 (0) 2 : 0.028 0.033 0.939
230 230 (0) 2 : 0.052 0.047 0.901
231 231 (0) 2 : 0.030 0.031 0.939
232 232 (0) 2 : 0.010 0.010 0.980
233 233 (0) 2 : 0.129 0.235 0.636
234 234 (0) 2 : 0.005 0.006 0.989
235 235 (0) 2 : 0.079 0.080 0.842
1 1 (0) 1 : 0.010 0.146 0.844
2 2 (1) 1 : 0.052 0.222 0.725
3 3 (0) 1 : 0.047 0.164 0.789
4 4 (13) 2 : 0.958 0.021 0.021
5 5 (0) 2 : 0.985 0.008 0.008
6 6 (13) 2 : 0.957 0.019 0.023
7 7 (0) 2 : 0.970 0.014 0.015
8 8 (0) 2 : 0.956 0.027 0.017
9 9 (10) 2 : 0.940 0.033 0.027
10 10 (9) 2 : 0.933 0.027 0.041
11 11 (0) 2 : 0.925 0.031 0.044
12 12 (0) 2 : 0.884 0.047 0.069
13 13 (0) 2 : 0.016 0.500 0.484
14 14 (0) 2 : 0.802 0.057 0.141
15 15 (0) 2 : 0.952 0.020 0.028
16 16 (0) 2 : 0.985 0.007 0.008
17 17 (0) 2 : 0.864 0.079 0.057
18 18 (0) 2 : 0.976 0.010 0.014
19 19 (0) 2 : 0.964 0.016 0.020
20 20 (0) 2 : 0.870 0.039 0.091
21 21 (0) 2 : 0.952 0.026 0.022
22 22 (0) 2 : 0.928 0.035 0.036
23 23 (0) 2 : 0.592 0.167 0.241
24 24 (0) 2 : 0.977 0.013 0.010
25 25 (0) 2 : 0.923 0.037 0.040
26 26 (0) 2 : 0.948 0.026 0.026
27 27 (0) 2 : 0.940 0.024 0.036
28 28 (0) 2 : 0.721 0.083 0.196
29 29 (9) 2 : 0.893 0.043 0.064
30 30 (0) 2 : 0.234 0.347 0.419
31 31 (0) 2 : 0.921 0.020 0.058
32 32 (0) 2 : 0.967 0.014 0.019
33 33 (0) 2 : 0.588 0.121 0.291
34 34 (0) 2 : 0.937 0.032 0.030
35 35 (0) 2 : 0.927 0.026 0.046
36 36 (0) 2 : 0.983 0.009 0.008
37 37 (0) 2 : 0.935 0.034 0.031
38 38 (0) 2 : 0.347 0.463 0.190
39 39 (0) 2 : 0.971 0.013 0.016
40 40 (0) 2 : 0.964 0.012 0.025
41 41 (0) 2 : 0.932 0.033 0.036
42 42 (0) 2 : 0.829 0.070 0.101
43 43 (0) 2 : 0.956 0.017 0.027
44 44 (5) 2 : 0.969 0.016 0.015
45 45 (0) 2 : 0.970 0.014 0.016
46 46 (0) 2 : 0.915 0.047 0.037
47 47 (0) 2 : 0.967 0.017 0.015
48 48 (0) 2 : 0.976 0.011 0.013
49 49 (0) 2 : 0.223 0.299 0.478
50 50 (0) 2 : 0.940 0.030 0.030
51 51 (0) 2 : 0.933 0.037 0.029
52 52 (0) 2 : 0.914 0.031 0.056
53 53 (0) 2 : 0.786 0.101 0.113
54 54 (0) 2 : 0.980 0.010 0.010
55 55 (4) 2 : 0.418 0.231 0.351
56 56 (0) 2 : 0.553 0.159 0.287
57 57 (1) 2 : 0.188 0.646 0.166
58 58 (0) 2 : 0.936 0.029 0.035
59 59 (0) 2 : 0.974 0.013 0.013
60 60 (0) 2 : 0.959 0.020 0.021
61 61 (0) 2 : 0.757 0.134 0.109
62 62 (0) 2 : 0.982 0.009 0.009
63 63 (0) 2 : 0.951 0.027 0.022
64 64 (0) 2 : 0.950 0.020 0.030
65 65 (0) 2 : 0.506 0.263 0.231
66 66 (0) 2 : 0.961 0.017 0.022
67 67 (0) 2 : 0.939 0.031 0.031
68 68 (0) 2 : 0.964 0.018 0.017
69 69 (0) 2 : 0.905 0.036 0.059
70 70 (1) 2 : 0.972 0.015 0.013
71 71 (0) 3 : 0.046 0.181 0.773
72 72 (0) 3 : 0.008 0.726 0.266
73 73 (0) 3 : 0.012 0.498 0.490
74 74 (0) 3 : 0.063 0.100 0.837
75 75 (0) 3 : 0.045 0.412 0.543
76 76 (0) 3 : 0.021 0.721 0.259
77 77 (0) 3 : 0.010 0.846 0.143
78 78 (0) 3 : 0.033 0.840 0.127
79 79 (0) 3 : 0.058 0.549 0.393
80 80 (8) 3 : 0.011 0.651 0.338
81 81 (0) 3 : 0.039 0.351 0.610
82 82 (0) 3 : 0.505 0.092 0.403
83 83 (0) 3 : 0.112 0.551 0.337
84 84 (0) 3 : 0.018 0.342 0.640
85 85 (0) 3 : 0.147 0.665 0.188
86 86 (0) 3 : 0.031 0.701 0.268
87 87 (0) 3 : 0.012 0.595 0.393
88 88 (0) 3 : 0.081 0.512 0.407
89 89 (0) 3 : 0.069 0.405 0.526
90 90 (0) 3 : 0.018 0.802 0.180
91 91 (0) 3 : 0.058 0.242 0.700
92 92 (0) 3 : 0.038 0.497 0.465
93 93 (0) 3 : 0.176 0.439 0.385
94 94 (0) 3 : 0.099 0.561 0.340
95 95 (0) 3 : 0.043 0.359 0.598
96 96 (0) 3 : 0.022 0.749 0.230
97 97 (0) 3 : 0.008 0.590 0.402
98 98 (0) 3 : 0.303 0.238 0.459
99 99 (0) 3 : 0.087 0.350 0.563
100 100 (0) 3 : 0.015 0.748 0.237
101 101 (0) 3 : 0.032 0.472 0.495
102 102 (0) 3 : 0.042 0.388 0.570
103 103 (0) 3 : 0.025 0.728 0.247
104 104 (0) 3 : 0.041 0.688 0.271
105 105 (0) 3 : 0.023 0.556 0.420
106 106 (0) 3 : 0.031 0.705 0.264
107 107 (0) 3 : 0.047 0.103 0.850
108 108 (0) 3 : 0.009 0.705 0.285
109 109 (0) 3 : 0.480 0.199 0.320
110 110 (0) 3 : 0.030 0.218 0.753
111 111 (0) 3 : 0.037 0.740 0.223
112 112 (0) 3 : 0.182 0.587 0.231
113 113 (0) 3 : 0.031 0.670 0.298
114 114 (0) 3 : 0.021 0.275 0.704
115 115 (0) 3 : 0.085 0.414 0.501
116 116 (0) 3 : 0.022 0.630 0.349
117 117 (0) 3 : 0.037 0.274 0.689
118 118 (0) 3 : 0.019 0.489 0.492
119 119 (0) 3 : 0.029 0.519 0.452
120 120 (7) 4 : 0.033 0.274 0.694
121 121 (12) 4 : 0.018 0.728 0.254
122 122 (12) 4 : 0.033 0.289 0.678
123 123 (3) 4 : 0.028 0.780 0.192
124 124 (12) 4 : 0.098 0.578 0.324
125 125 (13) 4 : 0.018 0.649 0.332
126 126 (0) 4 : 0.613 0.197 0.190
127 127 (3) 4 : 0.052 0.693 0.255
128 128 (0) 4 : 0.025 0.525 0.450
129 129 (0) 4 : 0.014 0.839 0.147
130 130 (9) 4 : 0.008 0.594 0.398
131 131 (9) 4 : 0.014 0.812 0.174
132 132 (12) 4 : 0.027 0.559 0.414
133 133 (0) 5 : 0.926 0.039 0.036
134 134 (0) 5 : 0.017 0.738 0.246
135 135 (0) 5 : 0.920 0.033 0.047
136 136 (0) 6 : 0.019 0.618 0.364
137 137 (0) 6 : 0.007 0.663 0.331
138 138 (9) 6 : 0.010 0.641 0.349
139 139 (0) 6 : 0.009 0.362 0.629
140 140 (0) 6 : 0.015 0.796 0.189
141 141 (0) 6 : 0.017 0.147 0.836
142 142 (0) 6 : 0.023 0.554 0.422
143 143 (0) 6 : 0.037 0.179 0.785
144 144 (11) 6 : 0.034 0.215 0.751
145 145 (0) 6 : 0.071 0.481 0.448
146 146 (0) 6 : 0.142 0.301 0.558
147 147 (0) 6 : 0.048 0.448 0.503
148 148 (4) 6 : 0.038 0.397 0.564
149 149 (0) 6 : 0.032 0.290 0.678
150 150 (0) 6 : 0.106 0.193 0.701
151 151 (0) 6 : 0.011 0.799 0.190
152 152 (0) 6 : 0.120 0.613 0.268
153 153 (4) 6 : 0.011 0.814 0.175
154 154 (5) 6 : 0.020 0.572 0.408
155 155 (0) 6 : 0.013 0.691 0.296
156 156 (5) 6 : 0.014 0.470 0.515
157 157 (0) 6 : 0.016 0.190 0.793
158 158 (0) 6 : 0.038 0.288 0.674
159 159 (10) 6 : 0.026 0.236 0.738
160 160 (0) 6 : 0.019 0.706 0.275
161 161 (0) 6 : 0.009 0.756 0.235
162 162 (0) 6 : 0.030 0.473 0.497
163 163 (5) 6 : 0.060 0.555 0.385
164 164 (0) 6 : 0.173 0.127 0.700
165 165 (0) 6 : 0.040 0.329 0.632
166 166 (0) 6 : 0.061 0.343 0.596
167 167 (10) 6 : 0.031 0.146 0.822
168 168 (0) 6 : 0.039 0.179 0.782
169 169 (0) 6 : 0.007 0.826 0.166
170 170 (0) 6 : 0.021 0.355 0.624
171 171 (0) 6 : 0.025 0.536 0.439
172 172 (0) 6 : 0.016 0.884 0.100
173 173 (0) 6 : 0.013 0.887 0.100
174 174 (0) 6 : 0.027 0.543 0.430
175 175 (0) 6 : 0.017 0.640 0.343
176 176 (0) 6 : 0.063 0.320 0.617
177 177 (0) 6 : 0.050 0.538 0.411
178 178 (2) 6 : 0.020 0.491 0.489
179 179 (0) 6 : 0.084 0.713 0.202
180 180 (0) 6 : 0.020 0.659 0.321
181 181 (0) 6 : 0.027 0.622 0.351
182 182 (0) 6 : 0.060 0.380 0.560
183 183 (7) 6 : 0.016 0.583 0.401
184 184 (0) 6 : 0.032 0.557 0.410
185 185 (10) 6 : 0.124 0.201 0.674
186 186 (0) 6 : 0.796 0.103 0.100
187 187 (8) 6 : 0.021 0.408 0.570
188 188 (0) 6 : 0.013 0.485 0.502
189 189 (7) 6 : 0.024 0.202 0.774
190 190 (0) 6 : 0.008 0.880 0.111
191 191 (0) 6 : 0.024 0.856 0.120
192 192 (0) 6 : 0.078 0.542 0.380
193 193 (0) 6 : 0.011 0.220 0.768
194 194 (2) 6 : 0.035 0.751 0.214
195 195 (0) 6 : 0.055 0.707 0.238
196 196 (0) 6 : 0.156 0.442 0.402
197 197 (3) 6 : 0.052 0.555 0.393
198 198 (0) 6 : 0.037 0.514 0.449
199 199 (0) 6 : 0.010 0.549 0.441
200 200 (0) 6 : 0.475 0.114 0.410
201 201 (0) 6 : 0.024 0.271 0.705
202 202 (0) 6 : 0.099 0.304 0.597
203 203 (0) 6 : 0.065 0.493 0.442
204 204 (13) 6 : 0.031 0.096 0.872
205 205 (0) 6 : 0.029 0.490 0.481
206 206 (12) 6 : 0.096 0.173 0.731
207 207 (0) 6 : 0.064 0.376 0.560
208 208 (0) 6 : 0.009 0.393 0.598
209 209 (8) 6 : 0.011 0.186 0.803
210 210 (0) 6 : 0.023 0.124 0.852
211 211 (0) 6 : 0.015 0.145 0.840
212 212 (0) 6 : 0.060 0.239 0.701
213 213 (0) 6 : 0.034 0.352 0.614
214 214 (0) 6 : 0.030 0.675 0.294
215 215 (14) 6 : 0.016 0.652 0.331
216 216 (0) 6 : 0.203 0.255 0.541
217 217 (0) 6 : 0.018 0.428 0.554
218 218 (0) 6 : 0.011 0.563 0.426
219 219 (14) 6 : 0.018 0.376 0.606
220 220 (0) 6 : 0.097 0.230 0.673
221 221 (7) 6 : 0.027 0.080 0.893
222 222 (0) 6 : 0.018 0.143 0.839
223 223 (0) 6 : 0.058 0.726 0.216
224 224 (0) 6 : 0.016 0.195 0.789
225 225 (5) 6 : 0.021 0.165 0.814
226 226 (0) 6 : 0.153 0.192 0.656
227 227 (0) 2 : 0.942 0.024 0.035
228 228 (0) 2 : 0.980 0.009 0.012
229 229 (0) 2 : 0.944 0.026 0.029
230 230 (0) 2 : 0.908 0.047 0.044
231 231 (0) 2 : 0.942 0.025 0.033
232 232 (0) 2 : 0.982 0.010 0.009
233 233 (0) 2 : 0.644 0.146 0.211
234 234 (0) 2 : 0.989 0.006 0.005
235 235 (0) 2 : 0.830 0.087 0.083
1 1 (0) 1 : 0.010 0.882 0.108
2 2 (1) 1 : 0.068 0.691 0.241
3 3 (0) 1 : 0.058 0.756 0.186
4 4 (13) 2 : 0.957 0.024 0.019
5 5 (0) 2 : 0.984 0.008 0.007
6 6 (13) 2 : 0.957 0.022 0.021
7 7 (0) 2 : 0.963 0.021 0.016
8 8 (0) 2 : 0.958 0.017 0.025
9 9 (10) 2 : 0.940 0.030 0.030
10 10 (9) 2 : 0.923 0.045 0.032
11 11 (0) 2 : 0.918 0.052 0.031
12 12 (0) 2 : 0.880 0.076 0.043
13 13 (0) 2 : 0.016 0.433 0.551
14 14 (0) 2 : 0.791 0.149 0.060
15 15 (0) 2 : 0.949 0.027 0.023
16 16 (0) 2 : 0.980 0.009 0.011
17 17 (0) 2 : 0.855 0.067 0.079
18 18 (0) 2 : 0.973 0.017 0.010
19 19 (0) 2 : 0.968 0.020 0.012
20 20 (0) 2 : 0.866 0.086 0.047
21 21 (0) 2 : 0.948 0.028 0.024
22 22 (0) 2 : 0.933 0.034 0.033
23 23 (0) 2 : 0.594 0.245 0.161
24 24 (0) 2 : 0.973 0.015 0.012
25 25 (0) 2 : 0.917 0.042 0.042
26 26 (0) 2 : 0.934 0.034 0.032
27 27 (0) 2 : 0.945 0.030 0.024
28 28 (0) 2 : 0.720 0.179 0.100
29 29 (9) 2 : 0.891 0.064 0.045
30 30 (0) 2 : 0.245 0.405 0.350
31 31 (0) 2 : 0.907 0.070 0.023
32 32 (0) 2 : 0.971 0.017 0.012
33 33 (0) 2 : 0.613 0.268 0.119
34 34 (0) 2 : 0.928 0.035 0.037
35 35 (0) 2 : 0.927 0.045 0.028
36 36 (0) 2 : 0.981 0.010 0.009
37 37 (0) 2 : 0.938 0.031 0.030
38 38 (0) 2 : 0.342 0.193 0.465
39 39 (0) 2 : 0.970 0.015 0.015
40 40 (0) 2 : 0.971 0.016 0.013
41 41 (0) 2 : 0.938 0.034 0.029
42 42 (0) 2 : 0.840 0.102 0.058
43 43 (0) 2 : 0.969 0.019 0.011
44 44 (5) 2 : 0.963 0.021 0.016
45 45 (0) 2 : 0.972 0.016 0.012
46 46 (0) 2 : 0.909 0.043 0.048
47 47 (0) 2 : 0.956 0.019 0.025
48 48 (0) 2 : 0.973 0.015 0.012
49 49 (0) 2 : 0.276 0.460 0.265
50 50 (0) 2 : 0.942 0.031 0.028
51 51 (0) 2 : 0.926 0.035 0.039
52 52 (0) 2 : 0.911 0.061 0.027
53 53 (0) 2 : 0.801 0.089 0.110
54 54 (0) 2 : 0.977 0.012 0.011
55 55 (4) 2 : 0.420 0.366 0.214
56 56 (0) 2 : 0.569 0.297 0.134
57 57 (1) 2 : 0.238 0.196 0.566
58 58 (0) 2 : 0.927 0.047 0.026
59 59 (0) 2 : 0.977 0.013 0.010
60 60 (0) 2 : 0.955 0.023 0.022
61 61 (0) 2 : 0.753 0.102 0.144
62 62 (0) 2 : 0.980 0.011 0.009
63 63 (0) 2 : 0.946 0.029 0.024
64 64 (0) 2 : 0.947 0.033 0.020
65 65 (0) 2 : 0.531 0.228 0.241
66 66 (0) 2 : 0.958 0.022 0.020
67 67 (0) 2 : 0.936 0.027 0.037
68 68 (0) 2 : 0.959 0.022 0.019
69 69 (0) 2 : 0.909 0.055 0.036
70 70 (1) 2 : 0.972 0.015 0.013
71 71 (0) 3 : 0.057 0.747 0.196
72 72 (0) 3 : 0.008 0.252 0.739
73 73 (0) 3 : 0.011 0.476 0.513
74 74 (0) 3 : 0.067 0.807 0.126
75 75 (0) 3 : 0.057 0.493 0.450
76 76 (0) 3 : 0.017 0.233 0.750
77 77 (0) 3 : 0.013 0.128 0.859
78 78 (0) 3 : 0.035 0.148 0.816
79 79 (0) 3 : 0.053 0.345 0.603
80 80 (8) 3 : 0.011 0.341 0.648
81 81 (0) 3 : 0.035 0.648 0.317
82 82 (0) 3 : 0.489 0.406 0.105
83 83 (0) 3 : 0.132 0.274 0.595
84 84 (0) 3 : 0.019 0.595 0.386
85 85 (0) 3 : 0.120 0.206 0.674
86 86 (0) 3 : 0.033 0.267 0.700
87 87 (0) 3 : 0.014 0.299 0.687
88 88 (0) 3 : 0.083 0.415 0.502
89 89 (0) 3 : 0.056 0.475 0.470
90 90 (0) 3 : 0.015 0.187 0.798
91 91 (0) 3 : 0.048 0.783 0.169
92 92 (0) 3 : 0.043 0.514 0.443
93 93 (0) 3 : 0.179 0.412 0.409
94 94 (0) 3 : 0.082 0.305 0.612
95 95 (0) 3 : 0.043 0.617 0.340
96 96 (0) 3 : 0.018 0.267 0.715
97 97 (0) 3 : 0.008 0.312 0.680
98 98 (0) 3 : 0.334 0.366 0.300
99 99 (0) 3 : 0.097 0.590 0.313
100 100 (0) 3 : 0.016 0.253 0.731
101 101 (0) 3 : 0.032 0.572 0.395
102 102 (0) 3 : 0.042 0.511 0.447
103 103 (0) 3 : 0.031 0.245 0.725
104 104 (0) 3 : 0.046 0.277 0.677
105 105 (0) 3 : 0.025 0.422 0.553
106 106 (0) 3 : 0.032 0.239 0.729
107 107 (0) 3 : 0.039 0.843 0.118
108 108 (0) 3 : 0.011 0.396 0.592
109 109 (0) 3 : 0.468 0.323 0.209
110 110 (0) 3 : 0.027 0.751 0.222
111 111 (0) 3 : 0.044 0.218 0.738
112 112 (0) 3 : 0.161 0.237 0.603
113 113 (0) 3 : 0.035 0.351 0.614
114 114 (0) 3 : 0.024 0.706 0.270
115 115 (0) 3 : 0.090 0.507 0.403
116 116 (0) 3 : 0.025 0.254 0.720
117 117 (0) 3 : 0.040 0.585 0.375
118 118 (0) 3 : 0.023 0.458 0.518
119 119 (0) 3 : 0.041 0.481 0.477
120 120 (7) 4 : 0.037 0.589 0.374
121 121 (12) 4 : 0.021 0.289 0.690
122 122 (12) 4 : 0.043 0.577 0.381
123 123 (3) 4 : 0.033 0.211 0.756
124 124 (12) 4 : 0.099 0.369 0.532
125 125 (13) 4 : 0.024 0.442 0.534
126 126 (0) 4 : 0.647 0.163 0.190
127 127 (3) 4 : 0.056 0.351 0.593
128 128 (0) 4 : 0.024 0.535 0.442
129 129 (0) 4 : 0.017 0.140 0.843
130 130 (9) 4 : 0.008 0.356 0.636
131 131 (9) 4 : 0.014 0.204 0.782
132 132 (12) 4 : 0.035 0.406 0.559
133 133 (0) 5 : 0.927 0.037 0.036
134 134 (0) 5 : 0.021 0.294 0.684
135 135 (0) 5 : 0.900 0.067 0.033
136 136 (0) 6 : 0.018 0.315 0.666
137 137 (0) 6 : 0.008 0.280 0.712
138 138 (9) 6 : 0.013 0.221 0.766
139 139 (0) 6 : 0.008 0.590 0.402
140 140 (0) 6 : 0.019 0.166 0.815
141 141 (0) 6 : 0.024 0.757 0.219
142 142 (0) 6 : 0.025 0.396 0.579
143 143 (0) 6 : 0.040 0.742 0.218
144 144 (11) 6 : 0.038 0.722 0.240
145 145 (0) 6 : 0.074 0.450 0.476
146 146 (0) 6 : 0.159 0.562 0.279
147 147 (0) 6 : 0.058 0.612 0.330
148 148 (4) 6 : 0.038 0.555 0.407
149 149 (0) 6 : 0.036 0.706 0.258
150 150 (0) 6 : 0.110 0.662 0.229
151 151 (0) 6 : 0.012 0.240 0.749
152 152 (0) 6 : 0.110 0.217 0.673
153 153 (4) 6 : 0.009 0.225 0.766
154 154 (5) 6 : 0.019 0.441 0.539
155 155 (0) 6 : 0.014 0.266 0.720
156 156 (5) 6 : 0.020 0.457 0.522
157 157 (0) 6 : 0.017 0.795 0.189
158 158 (0) 6 : 0.043 0.695 0.262
159 159 (10) 6 : 0.023 0.744 0.233
160 160 (0) 6 : 0.019 0.251 0.731
161 161 (0) 6 : 0.010 0.270 0.721
162 162 (0) 6 : 0.026 0.454 0.520
163 163 (5) 6 : 0.058 0.390 0.552
164 164 (0) 6 : 0.175 0.713 0.112
165 165 (0) 6 : 0.038 0.681 0.281
166 166 (0) 6 : 0.057 0.696 0.248
167 167 (10) 6 : 0.034 0.814 0.152
168 168 (0) 6 : 0.035 0.772 0.193
169 169 (0) 6 : 0.007 0.189 0.804
170 170 (0) 6 : 0.019 0.632 0.349
171 171 (0) 6 : 0.024 0.424 0.552
172 172 (0) 6 : 0.016 0.093 0.891
173 173 (0) 6 : 0.015 0.096 0.888
174 174 (0) 6 : 0.029 0.396 0.575
175 175 (0) 6 : 0.020 0.345 0.636
176 176 (0) 6 : 0.061 0.587 0.351
177 177 (0) 6 : 0.051 0.406 0.542
178 178 (2) 6 : 0.021 0.414 0.565
179 179 (0) 6 : 0.074 0.178 0.747
180 180 (0) 6 : 0.021 0.349 0.630
181 181 (0) 6 : 0.026 0.389 0.585
182 182 (0) 6 : 0.061 0.528 0.411
183 183 (7) 6 : 0.018 0.324 0.658
184 184 (0) 6 : 0.036 0.376 0.588
185 185 (10) 6 : 0.110 0.680 0.210
186 186 (0) 6 : 0.810 0.104 0.086
187 187 (8) 6 : 0.021 0.546 0.434
188 188 (0) 6 : 0.013 0.511 0.476
189 189 (7) 6 : 0.023 0.788 0.189
190 190 (0) 6 : 0.009 0.087 0.905
191 191 (0) 6 : 0.024 0.113 0.863
192 192 (0) 6 : 0.082 0.397 0.522
193 193 (0) 6 : 0.013 0.687 0.300
194 194 (2) 6 : 0.037 0.174 0.789
195 195 (0) 6 : 0.067 0.203 0.730
196 196 (0) 6 : 0.150 0.465 0.385
197 197 (3) 6 : 0.045 0.376 0.579
198 198 (0) 6 : 0.033 0.381 0.585
199 199 (0) 6 : 0.012 0.319 0.669
200 200 (0) 6 : 0.446 0.461 0.093
201 201 (0) 6 : 0.024 0.669 0.307
202 202 (0) 6 : 0.086 0.542 0.372
203 203 (0) 6 : 0.074 0.427 0.499
204 204 (13) 6 : 0.035 0.867 0.098
205 205 (0) 6 : 0.029 0.508 0.463
206 206 (12) 6 : 0.087 0.735 0.178
207 207 (0) 6 : 0.061 0.547 0.392
208 208 (0) 6 : 0.010 0.661 0.328
209 209 (8) 6 : 0.013 0.840 0.148
210 210 (0) 6 : 0.028 0.835 0.137
211 211 (0) 6 : 0.013 0.824 0.163
212 212 (0) 6 : 0.067 0.707 0.227
213 213 (0) 6 : 0.036 0.593 0.371
214 214 (0) 6 : 0.032 0.236 0.732
215 215 (14) 6 : 0.023 0.303 0.673
216 216 (0) 6 : 0.217 0.518 0.265
217 217 (0) 6 : 0.022 0.502 0.476
218 218 (0) 6 : 0.012 0.375 0.613
219 219 (14) 6 : 0.018 0.568 0.413
220 220 (0) 6 : 0.102 0.676 0.221
221 221 (7) 6 : 0.028 0.881 0.091
222 222 (0) 6 : 0.018 0.859 0.123
223 223 (0) 6 : 0.053 0.220 0.728
224 224 (0) 6 : 0.020 0.789 0.191
225 225 (5) 6 : 0.027 0.787 0.187
226 226 (0) 6 : 0.180 0.625 0.195
227 227 (0) 2 : 0.937 0.036 0.028
228 228 (0) 2 : 0.979 0.011 0.010
229 229 (0) 2 : 0.938 0.029 0.033
230 230 (0) 2 : 0.892 0.039 0.069
231 231 (0) 2 : 0.933 0.033 0.034
232 232 (0) 2 : 0.979 0.010 0.012
233 233 (0) 2 : 0.644 0.241 0.115
234 234 (0) 2 : 0.989 0.005 0.006
235 235 (0) 2 : 0.848 0.073 0.079
1 1 (0) 1 : 0.055 0.009 0.936
2 2 (1) 1 : 0.166 0.059 0.775
3 3 (0) 1 : 0.131 0.044 0.826
4 4 (13) 2 : 0.016 0.963 0.021
5 5 (0) 2 : 0.007 0.985 0.008
6 6 (13) 2 : 0.025 0.957 0.017
7 7 (0) 2 : 0.018 0.961 0.021
8 8 (0) 2 : 0.025 0.959 0.016
9 9 (10) 2 : 0.036 0.935 0.028
10 10 (9) 2 : 0.030 0.926 0.044
11 11 (0) 2 : 0.025 0.930 0.045
12 12 (0) 2 : 0.047 0.865 0.088
13 13 (0) 2 : 0.490 0.018 0.492
14 14 (0) 2 : 0.050 0.790 0.160
15 15 (0) 2 : 0.021 0.952 0.027
16 16 (0) 2 : 0.008 0.984 0.008
17 17 (0) 2 : 0.083 0.851 0.067
18 18 (0) 2 : 0.010 0.976 0.014
19 19 (0) 2 : 0.018 0.964 0.018
20 20 (0) 2 : 0.029 0.885 0.085
21 21 (0) 2 : 0.025 0.953 0.022
22 22 (0) 2 : 0.033 0.928 0.039
23 23 (0) 2 : 0.123 0.635 0.242
24 24 (0) 2 : 0.008 0.981 0.011
25 25 (0) 2 : 0.036 0.922 0.042
26 26 (0) 2 : 0.025 0.943 0.032
27 27 (0) 2 : 0.021 0.938 0.041
28 28 (0) 2 : 0.073 0.727 0.200
29 29 (9) 2 : 0.041 0.877 0.082
30 30 (0) 2 : 0.358 0.224 0.418
31 31 (0) 2 : 0.016 0.931 0.054
32 32 (0) 2 : 0.012 0.966 0.023
33 33 (0) 2 : 0.088 0.617 0.295
34 34 (0) 2 : 0.029 0.941 0.030
35 35 (0) 2 : 0.025 0.929 0.046
36 36 (0) 2 : 0.009 0.980 0.011
37 37 (0) 2 : 0.027 0.943 0.030
38 38 (0) 2 : 0.496 0.333 0.171
39 39 (0) 2 : 0.013 0.971 0.016
40 40 (0) 2 : 0.011 0.974 0.015
41 41 (0) 2 : 0.030 0.938 0.032
42 42 (0) 2 : 0.060 0.868 0.072
43 43 (0) 2 : 0.015 0.966 0.019
44 44 (5) 2 : 0.016 0.969 0.015
45 45 (0) 2 : 0.013 0.974 0.013
46 46 (0) 2 : 0.051 0.912 0.038
47 47 (0) 2 : 0.019 0.967 0.013
48 48 (0) 2 : 0.013 0.973 0.014
49 49 (0) 2 : 0.280 0.300 0.420
50 50 (0) 2 : 0.025 0.943 0.032
51 51 (0) 2 : 0.036 0.933 0.031
52 52 (0) 2 : 0.024 0.928 0.049
53 53 (0) 2 : 0.105 0.817 0.078
54 54 (0) 2 : 0.010 0.976 0.013
55 55 (4) 2 : 0.230 0.369 0.401
56 56 (0) 2 : 0.116 0.612 0.272
57 57 (1) 2 : 0.610 0.223 0.168
58 58 (0) 2 : 0.026 0.934 0.040
59 59 (0) 2 : 0.013 0.972 0.016
60 60 (0) 2 : 0.013 0.966 0.021
61 61 (0) 2 : 0.127 0.763 0.111
62 62 (0) 2 : 0.010 0.982 0.008
63 63 (0) 2 : 0.027 0.946 0.027
64 64 (0) 2 : 0.019 0.955 0.027
65 65 (0) 2 : 0.240 0.516 0.244
66 66 (0) 2 : 0.019 0.961 0.020
67 67 (0) 2 : 0.029 0.940 0.031
68 68 (0) 2 : 0.015 0.967 0.018
69 69 (0) 2 : 0.028 0.918 0.054
70 70 (1) 2 : 0.012 0.977 0.012
71 71 (0) 3 : 0.155 0.068 0.778
72 72 (0) 3 : 0.738 0.009 0.253
73 73 (0) 3 : 0.477 0.012 0.512
74 74 (0) 3 : 0.084 0.060 0.856
75 75 (0) 3 : 0.417 0.046 0.537
76 76 (0) 3 : 0.739 0.017 0.245
77 77 (0) 3 : 0.882 0.011 0.107
78 78 (0) 3 : 0.903 0.033 0.064
79 79 (0) 3 : 0.631 0.060 0.308
80 80 (8) 3 : 0.703 0.013 0.285
81 81 (0) 3 : 0.320 0.038 0.643
82 82 (0) 3 : 0.078 0.466 0.456
83 83 (0) 3 : 0.651 0.103 0.246
84 84 (0) 3 : 0.287 0.021 0.692
85 85 (0) 3 : 0.719 0.130 0.152
86 86 (0) 3 : 0.668 0.034 0.298
87 87 (0) 3 : 0.649 0.013 0.339
88 88 (0) 3 : 0.529 0.076 0.395
89 89 (0) 3 : 0.363 0.068 0.568
90 90 (0) 3 : 0.815 0.019 0.166
91 91 (0) 3 : 0.194 0.042 0.763
92 92 (0) 3 : 0.385 0.041 0.574
93 93 (0) 3 : 0.398 0.176 0.426
94 94 (0) 3 : 0.559 0.093 0.348
95 95 (0) 3 : 0.278 0.035 0.687
96 96 (0) 3 : 0.773 0.019 0.207
97 97 (0) 3 : 0.629 0.008 0.363
98 98 (0) 3 : 0.231 0.313 0.456
99 99 (0) 3 : 0.266 0.079 0.655
100 100 (0) 3 : 0.781 0.012 0.207
101 101 (0) 3 : 0.480 0.033 0.487
102 102 (0) 3 : 0.385 0.038 0.577
103 103 (0) 3 : 0.761 0.030 0.209
104 104 (0) 3 : 0.688 0.048 0.265
105 105 (0) 3 : 0.493 0.026 0.481
106 106 (0) 3 : 0.760 0.036 0.203
107 107 (0) 3 : 0.076 0.038 0.887
108 108 (0) 3 : 0.697 0.010 0.293
109 109 (0) 3 : 0.179 0.478 0.343
110 110 (0) 3 : 0.168 0.031 0.801
111 111 (0) 3 : 0.806 0.038 0.156
112 112 (0) 3 : 0.602 0.175 0.224
113 113 (0) 3 : 0.707 0.039 0.255
114 114 (0) 3 : 0.252 0.020 0.729
115 115 (0) 3 : 0.351 0.089 0.560
116 116 (0) 3 : 0.704 0.022 0.274
117 117 (0) 3 : 0.183 0.042 0.775
118 118 (0) 3 : 0.490 0.018 0.492
119 119 (0) 3 : 0.555 0.035 0.410
120 120 (7) 4 : 0.190 0.032 0.777
121 121 (12) 4 : 0.764 0.020 0.216
122 122 (12) 4 : 0.197 0.035 0.768
123 123 (3) 4 : 0.740 0.038 0.222
124 124 (12) 4 : 0.574 0.104 0.323
125 125 (13) 4 : 0.547 0.028 0.425
126 126 (0) 4 : 0.170 0.653 0.176
127 127 (3) 4 : 0.595 0.068 0.337
128 128 (0) 4 : 0.562 0.025 0.413
129 129 (0) 4 : 0.878 0.014 0.108
130 130 (9) 4 : 0.714 0.007 0.278
131 131 (9) 4 : 0.846 0.012 0.142
132 132 (12) 4 : 0.525 0.025 0.450
133 133 (0) 5 : 0.034 0.936 0.030
134 134 (0) 5 : 0.776 0.020 0.205
135 135 (0) 5 : 0.036 0.899 0.065
136 136 (0) 6 : 0.684 0.018 0.298
137 137 (0) 6 : 0.767 0.008 0.225
138 138 (9) 6 : 0.728 0.009 0.263
139 139 (0) 6 : 0.367 0.008 0.624
140 140 (0) 6 : 0.874 0.016 0.110
141 141 (0) 6 : 0.136 0.017 0.847
142 142 (0) 6 : 0.599 0.024 0.378
143 143 (0) 6 : 0.163 0.034 0.803
144 144 (11) 6 : 0.203 0.045 0.752
145 145 (0) 6 : 0.377 0.068 0.556
146 146 (0) 6 : 0.290 0.189 0.522
147 147 (0) 6 : 0.439 0.048 0.513
148 148 (4) 6 : 0.381 0.041 0.579
149 149 (0) 6 : 0.267 0.033 0.700
150 150 (0) 6 : 0.173 0.101 0.726
151 151 (0) 6 : 0.874 0.011 0.115
152 152 (0) 6 : 0.681 0.117 0.203
153 153 (4) 6 : 0.874 0.008 0.118
154 154 (5) 6 : 0.652 0.017 0.331
155 155 (0) 6 : 0.761 0.012 0.227
156 156 (5) 6 : 0.506 0.017 0.477
157 157 (0) 6 : 0.132 0.011 0.856
158 158 (0) 6 : 0.190 0.038 0.772
159 159 (10) 6 : 0.203 0.023 0.773
160 160 (0) 6 : 0.787 0.019 0.194
161 161 (0) 6 : 0.777 0.010 0.213
162 162 (0) 6 : 0.506 0.028 0.465
163 163 (5) 6 : 0.563 0.054 0.383
164 164 (0) 6 : 0.104 0.142 0.754
165 165 (0) 6 : 0.212 0.034 0.754
166 166 (0) 6 : 0.296 0.075 0.629
167 167 (10) 6 : 0.093 0.034 0.873
168 168 (0) 6 : 0.124 0.041 0.836
169 169 (0) 6 : 0.891 0.008 0.101
170 170 (0) 6 : 0.344 0.021 0.635
171 171 (0) 6 : 0.613 0.022 0.365
172 172 (0) 6 : 0.932 0.013 0.055
173 173 (0) 6 : 0.939 0.013 0.048
174 174 (0) 6 : 0.515 0.025 0.460
175 175 (0) 6 : 0.716 0.015 0.268
176 176 (0) 6 : 0.365 0.060 0.575
177 177 (0) 6 : 0.583 0.048 0.369
178 178 (2) 6 : 0.526 0.022 0.452
179 179 (0) 6 : 0.746 0.088 0.166
180 180 (0) 6 : 0.652 0.022 0.326
181 181 (0) 6 : 0.605 0.023 0.373
182 182 (0) 6 : 0.381 0.065 0.554
183 183 (7) 6 : 0.661 0.017 0.322
184 184 (0) 6 : 0.540 0.030 0.431
185 185 (10) 6 : 0.154 0.112 0.734
186 186 (0) 6 : 0.095 0.813 0.092
187 187 (8) 6 : 0.386 0.017 0.596
188 188 (0) 6 : 0.496 0.014 0.490
189 189 (7) 6 : 0.135 0.025 0.840
190 190 (0) 6 : 0.936 0.007 0.056
191 191 (0) 6 : 0.894 0.024 0.082
192 192 (0) 6 : 0.494 0.087 0.419
193 193 (0) 6 : 0.233 0.012 0.755
194 194 (2) 6 : 0.802 0.032 0.167
195 195 (0) 6 : 0.739 0.068 0.193
196 196 (0) 6 : 0.381 0.156 0.463
197 197 (3) 6 : 0.539 0.047 0.414
198 198 (0) 6 : 0.592 0.030 0.378
199 199 (0) 6 : 0.606 0.011 0.383
200 200 (0) 6 : 0.081 0.494 0.425
201 201 (0) 6 : 0.251 0.024 0.725
202 202 (0) 6 : 0.320 0.101 0.579
203 203 (0) 6 : 0.490 0.072 0.438
204 204 (13) 6 : 0.053 0.031 0.916
205 205 (0) 6 : 0.522 0.028 0.450
206 206 (12) 6 : 0.157 0.086 0.756
207 207 (0) 6 : 0.350 0.068 0.582
208 208 (0) 6 : 0.349 0.011 0.639
209 209 (8) 6 : 0.105 0.011 0.884
210 210 (0) 6 : 0.076 0.028 0.896
211 211 (0) 6 : 0.147 0.015 0.837
212 212 (0) 6 : 0.192 0.053 0.756
213 213 (0) 6 : 0.235 0.031 0.733
214 214 (0) 6 : 0.685 0.029 0.287
215 215 (14) 6 : 0.680 0.022 0.299
216 216 (0) 6 : 0.288 0.195 0.517
217 217 (0) 6 : 0.366 0.018 0.615
218 218 (0) 6 : 0.555 0.011 0.434
219 219 (14) 6 : 0.392 0.019 0.590
220 220 (0) 6 : 0.187 0.099 0.714
221 221 (7) 6 : 0.050 0.024 0.926
222 222 (0) 6 : 0.121 0.016 0.863
223 223 (0) 6 : 0.711 0.058 0.231
224 224 (0) 6 : 0.156 0.015 0.829
225 225 (5) 6 : 0.140 0.022 0.838
226 226 (0) 6 : 0.145 0.161 0.694
227 227 (0) 2 : 0.026 0.945 0.030
228 228 (0) 2 : 0.008 0.982 0.010
229 229 (0) 2 : 0.025 0.944 0.032
230 230 (0) 2 : 0.050 0.901 0.049
231 231 (0) 2 : 0.029 0.935 0.036
232 232 (0) 2 : 0.009 0.983 0.008
233 233 (0) 2 : 0.107 0.692 0.201
234 234 (0) 2 : 0.005 0.989 0.006
235 235 (0) 2 : 0.081 0.822 0.097
1 1 (0) 1 : 0.888 0.009 0.103
2 2 (1) 1 : 0.698 0.062 0.240
3 3 (0) 1 : 0.731 0.051 0.219
4 4 (13) 2 : 0.026 0.954 0.020
5 5 (0) 2 : 0.009 0.983 0.007
6 6 (13) 2 : 0.027 0.947 0.026
7 7 (0) 2 : 0.018 0.965 0.017
8 8 (0) 2 : 0.020 0.957 0.023
9 9 (10) 2 : 0.029 0.935 0.036
10 10 (9) 2 : 0.042 0.931 0.028
11 11 (0) 2 : 0.044 0.921 0.035
12 12 (0) 2 : 0.071 0.880 0.049
13 13 (0) 2 : 0.501 0.015 0.484
14 14 (0) 2 : 0.151 0.778 0.071
15 15 (0) 2 : 0.029 0.947 0.024
16 16 (0) 2 : 0.009 0.983 0.009
17 17 (0) 2 : 0.071 0.851 0.078
18 18 (0) 2 : 0.012 0.975 0.013
19 19 (0) 2 : 0.019 0.967 0.014
20 20 (0) 2 : 0.090 0.862 0.048
21 21 (0) 2 : 0.026 0.947 0.027
22 22 (0) 2 : 0.035 0.930 0.035
23 23 (0) 2 : 0.239 0.598 0.163
24 24 (0) 2 : 0.013 0.974 0.014
25 25 (0) 2 : 0.047 0.913 0.041
26 26 (0) 2 : 0.035 0.937 0.028
27 27 (0) 2 : 0.037 0.938 0.025
28 28 (0) 2 : 0.202 0.699 0.099
29 29 (9) 2 : 0.066 0.884 0.050
30 30 (0) 2 : 0.486 0.228 0.286
31 31 (0) 2 : 0.062 0.920 0.018
32 32 (0) 2 : 0.023 0.965 0.012
33 33 (0) 2 : 0.252 0.597 0.151
34 34 (0) 2 : 0.023 0.947 0.030
35 35 (0) 2 : 0.046 0.923 0.031
36 36 (0) 2 : 0.009 0.982 0.009
37 37 (0) 2 : 0.038 0.928 0.033
38 38 (0) 2 : 0.195 0.371 0.434
39 39 (0) 2 : 0.017 0.970 0.013
40 40 (0) 2 : 0.014 0.971 0.015
41 41 (0) 2 : 0.034 0.938 0.028
42 42 (0) 2 : 0.105 0.844 0.052
43 43 (0) 2 : 0.022 0.957 0.021
44 44 (5) 2 : 0.018 0.966 0.016
45 45 (0) 2 : 0.010 0.975 0.015
46 46 (0) 2 : 0.037 0.911 0.052
47 47 (0) 2 : 0.015 0.966 0.020
48 48 (0) 2 : 0.018 0.972 0.010
49 49 (0) 2 : 0.425 0.278 0.298
50 50 (0) 2 : 0.037 0.939 0.024
51 51 (0) 2 : 0.038 0.929 0.034
52 52 (0) 2 : 0.051 0.925 0.024
53 53 (0) 2 : 0.104 0.800 0.095
54 54 (0) 2 : 0.013 0.975 0.013
55 55 (4) 2 : 0.393 0.395 0.212
56 56 (0) 2 : 0.316 0.557 0.127
57 57 (1) 2 : 0.206 0.212 0.582
58 58 (0) 2 : 0.046 0.924 0.030
59 59 (0) 2 : 0.016 0.973 0.011
60 60 (0) 2 : 0.020 0.963 0.017
61 61 (0) 2 : 0.111 0.752 0.137
62 62 (0) 2 : 0.009 0.980 0.011
63 63 (0) 2 : 0.025 0.947 0.028
64 64 (0) 2 : 0.028 0.953 0.019
65 65 (0) 2 : 0.281 0.475 0.245
66 66 (0) 2 : 0.026 0.954 0.020
67 67 (0) 2 : 0.037 0.927 0.037
68 68 (0) 2 : 0.018 0.964 0.018
69 69 (0) 2 : 0.059 0.904 0.037
70 70 (1) 2 : 0.013 0.973 0.014
71 71 (0) 3 : 0.745 0.062 0.193
72 72 (0) 3 : 0.315 0.006 0.678
73 73 (0) 3 : 0.419 0.010 0.571
74 74 (0) 3 : 0.801 0.068 0.130
75 75 (0) 3 : 0.565 0.051 0.384
76 76 (0) 3 : 0.259 0.018 0.724
77 77 (0) 3 : 0.143 0.015 0.842
78 78 (0) 3 : 0.166 0.038 0.797
79 79 (0) 3 : 0.341 0.070 0.589
80 80 (8) 3 : 0.350 0.010 0.639
81 81 (0) 3 : 0.673 0.034 0.293
82 82 (0) 3 : 0.436 0.460 0.104
83 83 (0) 3 : 0.334 0.117 0.549
84 84 (0) 3 : 0.632 0.021 0.346
85 85 (0) 3 : 0.208 0.150 0.642
86 86 (0) 3 : 0.335 0.033 0.632
87 87 (0) 3 : 0.341 0.015 0.645
88 88 (0) 3 : 0.414 0.097 0.488
89 89 (0) 3 : 0.472 0.069 0.458
90 90 (0) 3 : 0.187 0.016 0.797
91 91 (0) 3 : 0.753 0.041 0.205
92 92 (0) 3 : 0.431 0.039 0.530
93 93 (0) 3 : 0.372 0.178 0.451
94 94 (0) 3 : 0.339 0.088 0.574
95 95 (0) 3 : 0.580 0.040 0.380
96 96 (0) 3 : 0.347 0.018 0.634
97 97 (0) 3 : 0.293 0.007 0.701
98 98 (0) 3 : 0.389 0.312 0.300
99 99 (0) 3 : 0.562 0.080 0.358
100 100 (0) 3 : 0.219 0.015 0.767
101 101 (0) 3 : 0.624 0.030 0.346
102 102 (0) 3 : 0.536 0.041 0.424
103 103 (0) 3 : 0.282 0.031 0.688
104 104 (0) 3 : 0.322 0.051 0.627
105 105 (0) 3 : 0.446 0.028 0.526
106 106 (0) 3 : 0.294 0.033 0.673
107 107 (0) 3 : 0.844 0.050 0.106
108 108 (0) 3 : 0.362 0.009 0.629
109 109 (0) 3 : 0.280 0.466 0.254
110 110 (0) 3 : 0.730 0.032 0.237
111 111 (0) 3 : 0.236 0.043 0.720
112 112 (0) 3 : 0.323 0.196 0.481
113 113 (0) 3 : 0.380 0.032 0.588
114 114 (0) 3 : 0.690 0.024 0.286
115 115 (0) 3 : 0.473 0.094 0.433
116 116 (0) 3 : 0.262 0.022 0.716
117 117 (0) 3 : 0.433 0.038 0.529
118 118 (0) 3 : 0.386 0.018 0.596
119 119 (0) 3 : 0.463 0.036 0.501
120 120 (7) 4 : 0.453 0.033 0.514
121 121 (12) 4 : 0.297 0.019 0.684
122 122 (12) 4 : 0.480 0.037 0.482
123 123 (3) 4 : 0.224 0.035 0.742
124 124 (12) 4 : 0.381 0.103 0.516
125 125 (13) 4 : 0.427 0.031 0.542
126 126 (0) 4 : 0.170 0.610 0.220
127 127 (3) 4 : 0.317 0.058 0.625
128 128 (0) 4 : 0.582 0.028 0.390
129 129 (0) 4 : 0.213 0.015 0.771
130 130 (9) 4 : 0.298 0.008 0.694
131 131 (9) 4 : 0.242 0.017 0.742
132 132 (12) 4 : 0.372 0.029 0.599
133 133 (0) 5 : 0.032 0.924 0.044
134 134 (0) 5 : 0.388 0.023 0.589
135 135 (0) 5 : 0.070 0.892 0.038
136 136 (0) 6 : 0.411 0.020 0.569
137 137 (0) 6 : 0.243 0.007 0.750
138 138 (9) 6 : 0.250 0.011 0.739
139 139 (0) 6 : 0.433 0.010 0.557
140 140 (0) 6 : 0.184 0.018 0.798
141 141 (0) 6 : 0.740 0.021 0.239
142 142 (0) 6 : 0.367 0.024 0.609
143 143 (0) 6 : 0.691 0.042 0.267
144 144 (11) 6 : 0.768 0.040 0.192
145 145 (0) 6 : 0.428 0.071 0.501
146 146 (0) 6 : 0.625 0.155 0.219
147 147 (0) 6 : 0.618 0.054 0.327
148 148 (4) 6 : 0.565 0.041 0.394
149 149 (0) 6 : 0.682 0.028 0.289
150 150 (0) 6 : 0.677 0.121 0.202
151 151 (0) 6 : 0.333 0.013 0.653
152 152 (0) 6 : 0.256 0.113 0.631
153 153 (4) 6 : 0.313 0.010 0.678
154 154 (5) 6 : 0.560 0.018 0.423
155 155 (0) 6 : 0.221 0.013 0.766
156 156 (5) 6 : 0.401 0.020 0.578
157 157 (0) 6 : 0.699 0.016 0.285
158 158 (0) 6 : 0.635 0.044 0.321
159 159 (10) 6 : 0.690 0.031 0.279
160 160 (0) 6 : 0.257 0.022 0.720
161 161 (0) 6 : 0.288 0.008 0.704
162 162 (0) 6 : 0.514 0.026 0.459
163 163 (5) 6 : 0.402 0.052 0.545
164 164 (0) 6 : 0.748 0.132 0.119
165 165 (0) 6 : 0.704 0.036 0.259
166 166 (0) 6 : 0.664 0.074 0.261
167 167 (10) 6 : 0.826 0.036 0.138
168 168 (0) 6 : 0.822 0.031 0.147
169 169 (0) 6 : 0.168 0.009 0.824
170 170 (0) 6 : 0.600 0.019 0.382
171 171 (0) 6 : 0.493 0.026 0.481
172 172 (0) 6 : 0.084 0.015 0.901
173 173 (0) 6 : 0.087 0.016 0.897
174 174 (0) 6 : 0.387 0.023 0.590
175 175 (0) 6 : 0.289 0.018 0.694
176 176 (0) 6 : 0.594 0.064 0.342
177 177 (0) 6 : 0.467 0.057 0.476
178 178 (2) 6 : 0.420 0.023 0.558
179 179 (0) 6 : 0.208 0.078 0.714
180 180 (0) 6 : 0.327 0.019 0.654
181 181 (0) 6 : 0.364 0.027 0.609
182 182 (0) 6 : 0.550 0.066 0.384
183 183 (7) 6 : 0.327 0.018 0.655
184 184 (0) 6 : 0.390 0.028 0.582
185 185 (10) 6 : 0.738 0.109 0.153
186 186 (0) 6 : 0.114 0.800 0.086
187 187 (8) 6 : 0.504 0.020 0.476
188 188 (0) 6 : 0.468 0.013 0.519
189 189 (7) 6 : 0.795 0.029 0.176
190 190 (0) 6 : 0.109 0.008 0.883
191 191 (0) 6 : 0.140 0.024 0.836
192 192 (0) 6 : 0.400 0.085 0.515
193 193 (0) 6 : 0.667 0.012 0.321
194 194 (2) 6 : 0.242 0.037 0.720
195 195 (0) 6 : 0.232 0.060 0.708
196 196 (0) 6 : 0.437 0.174 0.390
197 197 (3) 6 : 0.373 0.053 0.574
198 198 (0) 6 : 0.470 0.037 0.493
199 199 (0) 6 : 0.268 0.012 0.720
200 200 (0) 6 : 0.434 0.475 0.091
201 201 (0) 6 : 0.664 0.025 0.311
202 202 (0) 6 : 0.491 0.102 0.408
203 203 (0) 6 : 0.495 0.086 0.419
204 204 (13) 6 : 0.855 0.032 0.113
205 205 (0) 6 : 0.583 0.030 0.387
206 206 (12) 6 : 0.730 0.094 0.176
207 207 (0) 6 : 0.542 0.071 0.387
208 208 (0) 6 : 0.618 0.013 0.369
209 209 (8) 6 : 0.816 0.017 0.166
210 210 (0) 6 : 0.833 0.033 0.134
211 211 (0) 6 : 0.780 0.014 0.206
212 212 (0) 6 : 0.697 0.066 0.237
213 213 (0) 6 : 0.634 0.036 0.330
214 214 (0) 6 : 0.311 0.028 0.661
215 215 (14) 6 : 0.346 0.019 0.634
216 216 (0) 6 : 0.509 0.199 0.292
217 217 (0) 6 : 0.410 0.021 0.569
218 218 (0) 6 : 0.351 0.011 0.638
219 219 (14) 6 : 0.505 0.019 0.475
220 220 (0) 6 : 0.659 0.097 0.244
221 221 (7) 6 : 0.860 0.037 0.103
222 222 (0) 6 : 0.845 0.015 0.140
223 223 (0) 6 : 0.254 0.061 0.685
224 224 (0) 6 : 0.775 0.016 0.209
225 225 (5) 6 : 0.790 0.027 0.183
226 226 (0) 6 : 0.631 0.154 0.215
227 227 (0) 2 : 0.032 0.938 0.030
228 228 (0) 2 : 0.009 0.979 0.011
229 229 (0) 2 : 0.034 0.930 0.036
230 230 (0) 2 : 0.049 0.909 0.043
231 231 (0) 2 : 0.035 0.937 0.028
232 232 (0) 2 : 0.009 0.980 0.011
233 233 (0) 2 : 0.243 0.630 0.127
234 234 (0) 2 : 0.006 0.989 0.006
235 235 (0) 2 : 0.088 0.845 0.067
1 1 (0) 1 : 0.069 0.920 0.011
2 2 (1) 1 : 0.208 0.726 0.067
3 3 (0) 1 : 0.139 0.811 0.049
4 4 (13) 2 : 0.017 0.019 0.963
5 5 (0) 2 : 0.009 0.007 0.985
6 6 (13) 2 : 0.022 0.026 0.952
7 7 (0) 2 : 0.015 0.018 0.967
8 8 (0) 2 : 0.023 0.016 0.961
9 9 (10) 2 : 0.034 0.028 0.938
10 10 (9) 2 : 0.029 0.051 0.920
11 11 (0) 2 : 0.029 0.048 0.923
12 12 (0) 2 : 0.048 0.086 0.865
13 13 (0) 2 : 0.471 0.513 0.016
14 14 (0) 2 : 0.055 0.150 0.795
15 15 (0) 2 : 0.026 0.031 0.943
16 16 (0) 2 : 0.009 0.010 0.980
17 17 (0) 2 : 0.088 0.073 0.839
18 18 (0) 2 : 0.012 0.017 0.971
19 19 (0) 2 : 0.013 0.022 0.965
20 20 (0) 2 : 0.035 0.087 0.877
21 21 (0) 2 : 0.019 0.022 0.958
22 22 (0) 2 : 0.037 0.041 0.922
23 23 (0) 2 : 0.154 0.272 0.573
24 24 (0) 2 : 0.013 0.014 0.973
25 25 (0) 2 : 0.035 0.041 0.924
26 26 (0) 2 : 0.030 0.038 0.931
27 27 (0) 2 : 0.024 0.038 0.938
28 28 (0) 2 : 0.082 0.195 0.723
29 29 (9) 2 : 0.042 0.057 0.901
30 30 (0) 2 : 0.362 0.383 0.255
31 31 (0) 2 : 0.019 0.056 0.925
32 32 (0) 2 : 0.015 0.021 0.963
33 33 (0) 2 : 0.104 0.280 0.617
34 34 (0) 2 : 0.037 0.036 0.927
35 35 (0) 2 : 0.030 0.041 0.929
36 36 (0) 2 : 0.010 0.014 0.976
37 37 (0) 2 : 0.033 0.031 0.936
38 38 (0) 2 : 0.520 0.172 0.308
39 39 (0) 2 : 0.016 0.018 0.965
40 40 (0) 2 : 0.013 0.017 0.970
41 41 (0) 2 : 0.035 0.033 0.932
42 42 (0) 2 : 0.069 0.081 0.850
43 43 (0) 2 : 0.015 0.020 0.965
44 44 (5) 2 : 0.016 0.016 0.968
45 45 (0) 2 : 0.011 0.017 0.973
46 46 (0) 2 : 0.054 0.043 0.903
47 47 (0) 2 : 0.023 0.016 0.961
48 48 (0) 2 : 0.012 0.016 0.971
49 49 (0) 2 : 0.322 0.402 0.276
50 50 (0) 2 : 0.028 0.036 0.936
51 51 (0) 2 : 0.045 0.034 0.921
52 52 (0) 2 : 0.027 0.052 0.920
53 53 (0) 2 : 0.099 0.106 0.795
54 54 (0) 2 : 0.009 0.011 0.979
55 55 (4) 2 : 0.258 0.343 0.399
56 56 (0) 2 : 0.124 0.318 0.558
57 57 (1) 2 : 0.644 0.153 0.202
58 58 (0) 2 : 0.034 0.049 0.917
59 59 (0) 2 : 0.014 0.016 0.970
60 60 (0) 2 : 0.018 0.022 0.959
61 61 (0) 2 : 0.135 0.113 0.752
62 62 (0) 2 : 0.010 0.011 0.978
63 63 (0) 2 : 0.026 0.027 0.947
64 64 (0) 2 : 0.020 0.032 0.948
65 65 (0) 2 : 0.230 0.262 0.507
66 66 (0) 2 : 0.022 0.026 0.952
67 67 (0) 2 : 0.034 0.037 0.929
68 68 (0) 2 : 0.014 0.015 0.971
69 69 (0) 2 : 0.028 0.067 0.905
70 70 (1) 2 : 0.012 0.012 0.975
71 71 (0) 3 : 0.145 0.793 0.062
72 72 (0) 3 : 0.688 0.303 0.009
73 73 (0) 3 : 0.479 0.509 0.012
74 74 (0) 3 : 0.077 0.858 0.065
75 75 (0) 3 : 0.426 0.523 0.051
76 76 (0) 3 : 0.721 0.259 0.020
77 77 (0) 3 : 0.875 0.112 0.013
78 78 (0) 3 : 0.881 0.082 0.037
79 79 (0) 3 : 0.567 0.369 0.064
80 80 (8) 3 : 0.710 0.278 0.012
81 81 (0) 3 : 0.370 0.588 0.042
82 82 (0) 3 : 0.086 0.435 0.480
83 83 (0) 3 : 0.595 0.289 0.116
84 84 (0) 3 : 0.355 0.624 0.021
85 85 (0) 3 : 0.680 0.171 0.149
86 86 (0) 3 : 0.710 0.260 0.029
87 87 (0) 3 : 0.615 0.370 0.015
88 88 (0) 3 : 0.541 0.382 0.077
89 89 (0) 3 : 0.322 0.609 0.069
90 90 (0) 3 : 0.783 0.194 0.023
91 91 (0) 3 : 0.223 0.723 0.054
92 92 (0) 3 : 0.516 0.442 0.042
93 93 (0) 3 : 0.391 0.445 0.165
94 94 (0) 3 : 0.527 0.387 0.086
95 95 (0) 3 : 0.349 0.615 0.036
96 96 (0) 3 : 0.758 0.221 0.021
97 97 (0) 3 : 0.617 0.376 0.007
98 98 (0) 3 : 0.243 0.420 0.336
99 99 (0) 3 : 0.279 0.624 0.097
100 100 (0) 3 : 0.794 0.195 0.011
101 101 (0) 3 : 0.446 0.527 0.028
102 102 (0) 3 : 0.428 0.529 0.042
103 103 (0) 3 : 0.712 0.261 0.027
104 104 (0) 3 : 0.699 0.253 0.048
105 105 (0) 3 : 0.511 0.462 0.028
106 106 (0) 3 : 0.708 0.266 0.026
107 107 (0) 3 : 0.104 0.854 0.042
108 108 (0) 3 : 0.668 0.323 0.009
109 109 (0) 3 : 0.188 0.327 0.486
110 110 (0) 3 : 0.193 0.773 0.034
111 111 (0) 3 : 0.722 0.236 0.042
112 112 (0) 3 : 0.609 0.209 0.182
113 113 (0) 3 : 0.702 0.262 0.037
114 114 (0) 3 : 0.242 0.736 0.022
115 115 (0) 3 : 0.363 0.543 0.094
116 116 (0) 3 : 0.751 0.227 0.022
117 117 (0) 3 : 0.216 0.743 0.040
118 118 (0) 3 : 0.542 0.439 0.019
119 119 (0) 3 : 0.530 0.432 0.037
120 120 (7) 4 : 0.220 0.750 0.030
121 121 (12) 4 : 0.719 0.263 0.019
122 122 (12) 4 : 0.227 0.738 0.035
123 123 (3) 4 : 0.790 0.177 0.034
124 124 (12) 4 : 0.512 0.384 0.104
125 125 (13) 4 : 0.590 0.384 0.026
126 126 (0) 4 : 0.187 0.176 0.637
127 127 (3) 4 : 0.647 0.293 0.060
128 128 (0) 4 : 0.534 0.440 0.026
129 129 (0) 4 : 0.854 0.132 0.014
130 130 (9) 4 : 0.614 0.377 0.009
131 131 (9) 4 : 0.813 0.172 0.015
132 132 (12) 4 : 0.552 0.414 0.034
133 133 (0) 5 : 0.040 0.040 0.920
134 134 (0) 5 : 0.791 0.192 0.017
135 135 (0) 5 : 0.045 0.071 0.884
136 136 (0) 6 : 0.575 0.400 0.025
137 137 (0) 6 : 0.669 0.324 0.007
138 138 (9) 6 : 0.714 0.274 0.011
139 139 (0) 6 : 0.367 0.625 0.008
140 140 (0) 6 : 0.872 0.111 0.017
141 141 (0) 6 : 0.159 0.820 0.020
142 142 (0) 6 : 0.578 0.396 0.027
143 143 (0) 6 : 0.201 0.757 0.042
144 144 (11) 6 : 0.203 0.753 0.044
145 145 (0) 6 : 0.463 0.468 0.069
146 146 (0) 6 : 0.268 0.585 0.147
147 147 (0) 6 : 0.401 0.540 0.060
148 148 (4) 6 : 0.425 0.537 0.037
149 149 (0) 6 : 0.227 0.735 0.038
150 150 (0) 6 : 0.155 0.734 0.111
151 151 (0) 6 : 0.806 0.184 0.010
152 152 (0) 6 : 0.684 0.209 0.107
153 153 (4) 6 : 0.812 0.179 0.010
154 154 (5) 6 : 0.628 0.353 0.019
155 155 (0) 6 : 0.748 0.236 0.016
156 156 (5) 6 : 0.516 0.464 0.020
157 157 (0) 6 : 0.213 0.770 0.017
158 158 (0) 6 : 0.247 0.707 0.046
159 159 (10) 6 : 0.280 0.696 0.024
160 160 (0) 6 : 0.736 0.243 0.021
161 161 (0) 6 : 0.753 0.236 0.011
162 162 (0) 6 : 0.527 0.445 0.028
163 163 (5) 6 : 0.564 0.381 0.055
164 164 (0) 6 : 0.113 0.733 0.154
165 165 (0) 6 : 0.237 0.727 0.037
166 166 (0) 6 : 0.317 0.617 0.066
167 167 (10) 6 : 0.139 0.824 0.037
168 168 (0) 6 : 0.177 0.785 0.038
169 169 (0) 6 : 0.860 0.133 0.007
170 170 (0) 6 : 0.338 0.637 0.025
171 171 (0) 6 : 0.589 0.385 0.026
172 172 (0) 6 : 0.919 0.067 0.013
173 173 (0) 6 : 0.914 0.071 0.015
174 174 (0) 6 : 0.481 0.496 0.022
175 175 (0) 6 : 0.737 0.246 0.016
176 176 (0) 6 : 0.351 0.580 0.070
177 177 (0) 6 : 0.583 0.365 0.053
178 178 (2) 6 : 0.497 0.481 0.022
179 179 (0) 6 : 0.732 0.182 0.085
180 180 (0) 6 : 0.674 0.306 0.020
181 181 (0) 6 : 0.581 0.396 0.023
182 182 (0) 6 : 0.367 0.567 0.067
183 183 (7) 6 : 0.622 0.359 0.019
184 184 (0) 6 : 0.533 0.434 0.033
185 185 (10) 6 : 0.208 0.675 0.117
186 186 (0) 6 : 0.096 0.114 0.790
187 187 (8) 6 : 0.363 0.617 0.020
188 188 (0) 6 : 0.493 0.495 0.011
189 189 (7) 6 : 0.165 0.809 0.027
190 190 (0) 6 : 0.911 0.079 0.010
191 191 (0) 6 : 0.891 0.084 0.026
192 192 (0) 6 : 0.430 0.464 0.107
193 193 (0) 6 : 0.231 0.755 0.015
194 194 (2) 6 : 0.770 0.194 0.036
195 195 (0) 6 : 0.702 0.230 0.068
196 196 (0) 6 : 0.448 0.397 0.156
197 197 (3) 6 : 0.500 0.456 0.044
198 198 (0) 6 : 0.534 0.427 0.039
199 199 (0) 6 : 0.587 0.404 0.009
200 200 (0) 6 : 0.093 0.482 0.425
201 201 (0) 6 : 0.360 0.617 0.023
202 202 (0) 6 : 0.320 0.584 0.096
203 203 (0) 6 : 0.561 0.346 0.092
204 204 (13) 6 : 0.088 0.879 0.033
205 205 (0) 6 : 0.565 0.403 0.032
206 206 (12) 6 : 0.158 0.752 0.090
207 207 (0) 6 : 0.341 0.589 0.070
208 208 (0) 6 : 0.374 0.614 0.011
209 209 (8) 6 : 0.133 0.850 0.016
210 210 (0) 6 : 0.104 0.868 0.029
211 211 (0) 6 : 0.179 0.805 0.016
212 212 (0) 6 : 0.232 0.699 0.069
213 213 (0) 6 : 0.338 0.629 0.034
214 214 (0) 6 : 0.681 0.289 0.030
215 215 (14) 6 : 0.621 0.360 0.018
216 216 (0) 6 : 0.216 0.562 0.221
217 217 (0) 6 : 0.438 0.542 0.021
218 218 (0) 6 : 0.562 0.426 0.012
219 219 (14) 6 : 0.360 0.617 0.023
220 220 (0) 6 : 0.201 0.703 0.096
221 221 (7) 6 : 0.082 0.889 0.029
222 222 (0) 6 : 0.081 0.901 0.018
223 223 (0) 6 : 0.727 0.222 0.051
224 224 (0) 6 : 0.188 0.797 0.015
225 225 (5) 6 : 0.181 0.796 0.022
226 226 (0) 6 : 0.206 0.641 0.153
227 227 (0) 2 : 0.032 0.042 0.926
228 228 (0) 2 : 0.010 0.014 0.976
229 229 (0) 2 : 0.029 0.025 0.946
230 230 (0) 2 : 0.050 0.045 0.904
231 231 (0) 2 : 0.027 0.040 0.933
232 232 (0) 2 : 0.010 0.009 0.981
233 233 (0) 2 : 0.113 0.243 0.644
234 234 (0) 2 : 0.006 0.007 0.987
235 235 (0) 2 : 0.095 0.077 0.827
