1 1 (0) 1 : 0.980 0.020
2 2 (1) 1 : 0.688 0.312
3 3 (0) 1 : 0.893 0.107
4 4 (0) 2 : 0.102 0.898
5 5 (0) 2 : 0.970 0.030
6 6 (0) 2 : 0.100 0.900
7 7 (0) 2 : 0.032 0.968
8 8 (0) 2 : 0.016 0.984
9 9 (0) 2 : 0.076 0.924
10 10 (0) 2 : 0.019 0.981
11 11 (0) 2 : 0.023 0.977
12 12 (0) 2 : 0.063 0.937
13 13 (0) 2 : 0.028 0.972
14 14 (0) 2 : 0.051 0.949
15 15 (0) 2 : 0.192 0.808
16 16 (0) 2 : 0.021 0.979
17 17 (0) 2 : 0.069 0.931
18 18 (0) 2 : 0.035 0.965
19 19 (0) 2 : 0.040 0.960
20 20 (0) 2 : 0.154 0.846
21 21 (9) 2 : 0.065 0.935
22 22 (0) 2 : 0.561 0.439
23 23 (0) 2 : 0.040 0.960
24 24 (0) 2 : 0.020 0.980
25 25 (0) 2 : 0.168 0.832
26 26 (0) 2 : 0.031 0.969
27 27 (0) 2 : 0.052 0.948
28 28 (0) 2 : 0.014 0.986
29 29 (0) 2 : 0.043 0.957
30 30 (0) 2 : 0.551 0.449
31 31 (0) 2 : 0.019 0.981
32 32 (0) 2 : 0.025 0.975
33 33 (0) 2 : 0.037 0.963
34 34 (0) 2 : 0.127 0.873
35 35 (0) 2 : 0.029 0.971
36 36 (5) 2 : 0.024 0.976
37 37 (0) 2 : 0.020 0.980
38 38 (0) 2 : 0.064 0.936
39 39 (0) 2 : 0.025 0.975
40 40 (0) 2 : 0.024 0.976
41 41 (0) 2 : 0.384 0.616
42 42 (0) 2 : 0.034 0.966
43 43 (0) 2 : 0.076 0.924
44 44 (0) 2 : 0.061 0.939
45 45 (0) 2 : 0.096 0.904
46 46 (0) 2 : 0.017 0.983
47 47 (4) 2 : 0.571 0.429
48 48 (0) 2 : 0.161 0.839
49 49 (1) 2 : 0.642 0.358
50 50 (0) 2 : 0.053 0.947
51 51 (0) 2 : 0.019 0.981
52 52 (0) 2 : 0.024 0.976
53 53 (0) 2 : 0.197 0.803
54 54 (0) 2 : 0.015 0.985
55 55 (0) 2 : 0.033 0.967
56 56 (0) 2 : 0.040 0.960
57 57 (0) 2 : 0.354 0.646
58 58 (0) 2 : 0.030 0.970
59 59 (0) 2 : 0.045 0.955
60 60 (0) 2 : 0.026 0.974
61 61 (0) 2 : 0.074 0.926
62 62 (1) 2 : 0.020 0.980
63 63 (0) 3 : 0.859 0.141
64 64 (0) 3 : 0.985 0.015
65 65 (0) 3 : 0.978 0.022
66 66 (0) 3 : 0.835 0.165
67 67 (0) 3 : 0.916 0.084
68 68 (0) 3 : 0.963 0.037
69 69 (0) 3 : 0.971 0.029
70 70 (0) 3 : 0.912 0.088
71 71 (0) 3 : 0.847 0.153
72 72 (8) 3 : 0.979 0.021
73 73 (0) 3 : 0.913 0.087
74 74 (0) 3 : 0.295 0.705
75 75 (0) 3 : 0.724 0.276
76 76 (0) 3 : 0.961 0.039
77 77 (0) 3 : 0.811 0.189
78 78 (0) 3 : 0.939 0.061
79 79 (0) 3 : 0.977 0.023
80 80 (0) 3 : 0.838 0.162
81 81 (0) 3 : 0.873 0.127
82 82 (0) 3 : 0.968 0.032
83 83 (0) 3 : 0.882 0.118
84 84 (0) 3 : 0.924 0.076
85 85 (0) 3 : 0.731 0.269
86 86 (0) 3 : 0.833 0.167
87 87 (0) 3 : 0.916 0.084
88 88 (0) 3 : 0.965 0.035
89 89 (0) 3 : 0.985 0.015
90 90 (0) 3 : 0.420 0.580
91 91 (0) 3 : 0.843 0.157
92 92 (0) 3 : 0.973 0.027
93 93 (0) 3 : 0.932 0.068
94 94 (0) 3 : 0.924 0.076
95 95 (0) 3 : 0.924 0.076
96 96 (0) 3 : 0.883 0.117
97 97 (0) 3 : 0.942 0.058
98 98 (0) 3 : 0.923 0.077
99 99 (0) 3 : 0.891 0.109
100 100 (0) 3 : 0.984 0.016
101 101 (0) 3 : 0.235 0.765
102 102 (0) 3 : 0.940 0.060
103 103 (0) 3 : 0.904 0.096
104 104 (0) 3 : 0.655 0.345
105 105 (0) 3 : 0.914 0.086
106 106 (0) 3 : 0.953 0.047
107 107 (0) 3 : 0.834 0.166
108 108 (0) 3 : 0.950 0.050
109 109 (0) 3 : 0.901 0.099
110 110 (0) 3 : 0.955 0.045
111 111 (0) 3 : 0.934 0.066
112 112 (7) 4 : 0.903 0.097
113 113 (12) 4 : 0.962 0.038
114 114 (12) 4 : 0.918 0.082
115 115 (3) 4 : 0.941 0.059
116 116 (12) 4 : 0.830 0.170
117 117 (13) 4 : 0.951 0.049
118 118 (0) 4 : 0.327 0.673
119 119 (3) 4 : 0.863 0.137
120 120 (0) 4 : 0.944 0.056
121 121 (0) 4 : 0.976 0.024
122 122 (9) 4 : 0.984 0.016
123 123 (9) 4 : 0.972 0.028
124 124 (12) 4 : 0.948 0.052
125 125 (0) 5 : 0.070 0.930
126 126 (0) 5 : 0.951 0.049
127 127 (0) 5 : 0.054 0.946
128 128 (0) 6 : 0.956 0.044
129 129 (0) 6 : 0.989 0.011
130 130 (9) 6 : 0.981 0.019
131 131 (0) 6 : 0.981 0.019
132 132 (0) 6 : 0.969 0.031
133 133 (0) 6 : 0.956 0.044
134 134 (0) 6 : 0.954 0.046
135 135 (0) 6 : 0.927 0.073
136 136 (11) 6 : 0.856 0.144
137 137 (0) 6 : 0.887 0.113
138 138 (0) 6 : 0.589 0.411
139 139 (0) 6 : 0.844 0.156
140 140 (4) 6 : 0.946 0.054
141 141 (0) 6 : 0.917 0.083
142 142 (0) 6 : 0.842 0.158
143 143 (0) 6 : 0.978 0.022
144 144 (0) 6 : 0.813 0.187
145 145 (4) 6 : 0.982 0.018
146 146 (5) 6 : 0.963 0.037
147 147 (0) 6 : 0.977 0.023
148 148 (5) 6 : 0.953 0.047
149 149 (0) 6 : 0.963 0.037
150 150 (0) 6 : 0.907 0.093
151 151 (10) 6 : 0.943 0.057
152 152 (0) 6 : 0.967 0.033
153 153 (0) 6 : 0.976 0.024
154 154 (0) 6 : 0.940 0.060
155 155 (5) 6 : 0.901 0.099
156 156 (0) 6 : 0.609 0.391
157 157 (0) 6 : 0.905 0.095
158 158 (0) 6 : 0.852 0.148
159 159 (10) 6 : 0.908 0.092
160 160 (0) 6 : 0.912 0.088
161 161 (0) 6 : 0.987 0.013
162 162 (0) 6 : 0.962 0.038
163 163 (0) 6 : 0.948 0.052
164 164 (0) 6 : 0.967 0.033
165 165 (0) 6 : 0.968 0.032
166 166 (0) 6 : 0.926 0.074
167 167 (0) 6 : 0.970 0.030
168 168 (0) 6 : 0.898 0.102
169 169 (0) 6 : 0.904 0.096
170 170 (2) 6 : 0.961 0.039
171 171 (0) 6 : 0.821 0.179
172 172 (0) 6 : 0.964 0.036
173 173 (0) 6 : 0.932 0.068
174 174 (0) 6 : 0.896 0.104
175 175 (7) 6 : 0.965 0.035
176 176 (0) 6 : 0.948 0.052
177 177 (10) 6 : 0.769 0.231
178 178 (0) 6 : 0.131 0.869
179 179 (8) 6 : 0.950 0.050
180 180 (0) 6 : 0.977 0.023
181 181 (7) 6 : 0.944 0.056
182 182 (0) 6 : 0.985 0.015
183 183 (0) 6 : 0.945 0.055
184 184 (0) 6 : 0.872 0.128
185 185 (0) 6 : 0.971 0.029
186 186 (2) 6 : 0.946 0.054
187 187 (0) 6 : 0.782 0.218
188 188 (0) 6 : 0.768 0.232
189 189 (3) 6 : 0.908 0.092
190 190 (0) 6 : 0.936 0.064
191 191 (0) 6 : 0.982 0.018
192 192 (0) 6 : 0.296 0.704
193 193 (0) 6 : 0.959 0.041
194 194 (0) 6 : 0.846 0.154
195 195 (0) 6 : 0.873 0.127
196 196 (13) 6 : 0.917 0.083
197 197 (0) 6 : 0.950 0.050
198 198 (12) 6 : 0.810 0.190
199 199 (0) 6 : 0.900 0.100
200 200 (0) 6 : 0.979 0.021
201 201 (8) 6 : 0.973 0.027
202 202 (0) 6 : 0.921 0.079
203 203 (0) 6 : 0.963 0.037
204 204 (0) 6 : 0.863 0.137
205 205 (0) 6 : 0.925 0.075
206 206 (0) 6 : 0.929 0.071
207 207 (14) 6 : 0.960 0.040
208 208 (0) 6 : 0.724 0.276
209 209 (0) 6 : 0.968 0.032
210 210 (0) 6 : 0.975 0.025
211 211 (14) 6 : 0.969 0.031
212 212 (0) 6 : 0.787 0.213
213 213 (7) 6 : 0.895 0.105
214 214 (0) 6 : 0.952 0.048
215 215 (0) 6 : 0.875 0.125
216 216 (0) 6 : 0.965 0.035
217 217 (5) 6 : 0.942 0.058
218 218 (0) 6 : 0.784 0.216
219 219 (0) 2 : 0.056 0.944
220 220 (0) 2 : 0.016 0.984
221 221 (0) 2 : 0.044 0.956
222 222 (0) 2 : 0.075 0.925
223 223 (0) 2 : 0.034 0.966
224 224 (0) 2 : 0.014 0.986
225 225 (0) 2 : 0.168 0.832
226 226 (0) 2 : 0.008 0.992
227 227 (0) 2 : 0.113 0.887
1 1 (0) 1 : 0.023 0.977
2 2 (1) 1 : 0.316 0.684
3 3 (0) 1 : 0.116 0.884
4 4 (0) 2 : 0.867 0.133
5 5 (0) 2 : 0.031 0.969
6 6 (0) 2 : 0.901 0.099
7 7 (0) 2 : 0.965 0.035
8 8 (0) 2 : 0.982 0.018
9 9 (0) 2 : 0.909 0.091
10 10 (0) 2 : 0.976 0.024
11 11 (0) 2 : 0.974 0.026
12 12 (0) 2 : 0.913 0.087
13 13 (0) 2 : 0.970 0.030
14 14 (0) 2 : 0.941 0.059
15 15 (0) 2 : 0.814 0.186
16 16 (0) 2 : 0.973 0.027
17 17 (0) 2 : 0.908 0.092
18 18 (0) 2 : 0.954 0.046
19 19 (0) 2 : 0.958 0.042
20 20 (0) 2 : 0.850 0.150
21 21 (9) 2 : 0.916 0.084
22 22 (0) 2 : 0.468 0.532
23 23 (0) 2 : 0.957 0.043
24 24 (0) 2 : 0.978 0.022
25 25 (0) 2 : 0.838 0.162
26 26 (0) 2 : 0.962 0.038
27 27 (0) 2 : 0.946 0.054
28 28 (0) 2 : 0.984 0.016
29 29 (0) 2 : 0.950 0.050
30 30 (0) 2 : 0.445 0.555
31 31 (0) 2 : 0.978 0.022
32 32 (0) 2 : 0.972 0.028
33 33 (0) 2 : 0.957 0.043
34 34 (0) 2 : 0.880 0.120
35 35 (0) 2 : 0.966 0.034
36 36 (5) 2 : 0.974 0.026
37 37 (0) 2 : 0.976 0.024
38 38 (0) 2 : 0.924 0.076
39 39 (0) 2 : 0.976 0.024
40 40 (0) 2 : 0.970 0.030
41 41 (0) 2 : 0.611 0.389
42 42 (0) 2 : 0.961 0.039
43 43 (0) 2 : 0.908 0.092
44 44 (0) 2 : 0.934 0.066
45 45 (0) 2 : 0.889 0.111
46 46 (0) 2 : 0.980 0.020
47 47 (4) 2 : 0.421 0.579
48 48 (0) 2 : 0.842 0.158
49 49 (1) 2 : 0.379 0.621
50 50 (0) 2 : 0.942 0.058
51 51 (0) 2 : 0.978 0.022
52 52 (0) 2 : 0.971 0.029
53 53 (0) 2 : 0.780 0.220
54 54 (0) 2 : 0.982 0.018
55 55 (0) 2 : 0.961 0.039
56 56 (0) 2 : 0.950 0.050
57 57 (0) 2 : 0.685 0.315
58 58 (0) 2 : 0.967 0.033
59 59 (0) 2 : 0.955 0.045
60 60 (0) 2 : 0.974 0.026
61 61 (0) 2 : 0.917 0.083
62 62 (1) 2 : 0.979 0.021
63 63 (0) 3 : 0.154 0.846
64 64 (0) 3 : 0.019 0.981
65 65 (0) 3 : 0.027 0.973
66 66 (0) 3 : 0.148 0.852
67 67 (0) 3 : 0.096 0.904
68 68 (0) 3 : 0.036 0.964
69 69 (0) 3 : 0.038 0.962
70 70 (0) 3 : 0.113 0.887
71 71 (0) 3 : 0.135 0.865
72 72 (8) 3 : 0.026 0.974
73 73 (0) 3 : 0.098 0.902
74 74 (0) 3 : 0.661 0.339
75 75 (0) 3 : 0.284 0.716
76 76 (0) 3 : 0.049 0.951
77 77 (0) 3 : 0.219 0.781
78 78 (0) 3 : 0.066 0.934
79 79 (0) 3 : 0.029 0.971
80 80 (0) 3 : 0.168 0.832
81 81 (0) 3 : 0.129 0.871
82 82 (0) 3 : 0.034 0.966
83 83 (0) 3 : 0.122 0.878
84 84 (0) 3 : 0.071 0.929
85 85 (0) 3 : 0.285 0.715
86 86 (0) 3 : 0.185 0.815
87 87 (0) 3 : 0.086 0.914
88 88 (0) 3 : 0.039 0.961
89 89 (0) 3 : 0.016 0.984
90 90 (0) 3 : 0.573 0.427
91 91 (0) 3 : 0.179 0.821
92 92 (0) 3 : 0.032 0.968
93 93 (0) 3 : 0.068 0.932
94 94 (0) 3 : 0.087 0.913
95 95 (0) 3 : 0.089 0.911
96 96 (0) 3 : 0.130 0.870
97 97 (0) 3 : 0.075 0.925
98 98 (0) 3 : 0.087 0.913
99 99 (0) 3 : 0.132 0.868
100 100 (0) 3 : 0.021 0.979
101 101 (0) 3 : 0.756 0.244
102 102 (0) 3 : 0.058 0.942
103 103 (0) 3 : 0.107 0.893
104 104 (0) 3 : 0.377 0.623
105 105 (0) 3 : 0.103 0.897
106 106 (0) 3 : 0.062 0.938
107 107 (0) 3 : 0.174 0.826
108 108 (0) 3 : 0.062 0.938
109 109 (0) 3 : 0.094 0.906
110 110 (0) 3 : 0.052 0.948
111 111 (0) 3 : 0.081 0.919
112 112 (7) 4 : 0.089 0.911
113 113 (12) 4 : 0.047 0.953
114 114 (12) 4 : 0.076 0.924
115 115 (3) 4 : 0.060 0.940
116 116 (12) 4 : 0.187 0.813
117 117 (13) 4 : 0.061 0.939
118 118 (0) 4 : 0.651 0.349
119 119 (3) 4 : 0.158 0.842
120 120 (0) 4 : 0.067 0.933
121 121 (0) 4 : 0.032 0.968
122 122 (9) 4 : 0.017 0.983
123 123 (9) 4 : 0.029 0.971
124 124 (12) 4 : 0.068 0.932
125 125 (0) 5 : 0.935 0.065
126 126 (0) 5 : 0.054 0.946
127 127 (0) 5 : 0.940 0.060
128 128 (0) 6 : 0.046 0.954
129 129 (0) 6 : 0.017 0.983
130 130 (9) 6 : 0.024 0.976
131 131 (0) 6 : 0.021 0.979
132 132 (0) 6 : 0.035 0.965
133 133 (0) 6 : 0.047 0.953
134 134 (0) 6 : 0.058 0.942
135 135 (0) 6 : 0.085 0.915
136 136 (11) 6 : 0.163 0.837
137 137 (0) 6 : 0.117 0.883
138 138 (0) 6 : 0.399 0.601
139 139 (0) 6 : 0.179 0.821
140 140 (4) 6 : 0.071 0.929
141 141 (0) 6 : 0.098 0.902
142 142 (0) 6 : 0.183 0.817
143 143 (0) 6 : 0.027 0.973
144 144 (0) 6 : 0.174 0.826
145 145 (4) 6 : 0.020 0.980
146 146 (5) 6 : 0.042 0.958
147 147 (0) 6 : 0.027 0.973
148 148 (5) 6 : 0.050 0.950
149 149 (0) 6 : 0.044 0.956
150 150 (0) 6 : 0.103 0.897
151 151 (10) 6 : 0.064 0.936
152 152 (0) 6 : 0.034 0.966
153 153 (0) 6 : 0.027 0.973
154 154 (0) 6 : 0.080 0.920
155 155 (5) 6 : 0.107 0.893
156 156 (0) 6 : 0.383 0.617
157 157 (0) 6 : 0.096 0.904
158 158 (0) 6 : 0.167 0.833
159 159 (10) 6 : 0.086 0.914
160 160 (0) 6 : 0.101 0.899
161 161 (0) 6 : 0.018 0.982
162 162 (0) 6 : 0.046 0.954
163 163 (0) 6 : 0.055 0.945
164 164 (0) 6 : 0.041 0.959
165 165 (0) 6 : 0.040 0.960
166 166 (0) 6 : 0.099 0.901
167 167 (0) 6 : 0.035 0.965
168 168 (0) 6 : 0.114 0.886
169 169 (0) 6 : 0.106 0.894
170 170 (2) 6 : 0.047 0.953
171 171 (0) 6 : 0.208 0.792
172 172 (0) 6 : 0.044 0.956
173 173 (0) 6 : 0.078 0.922
174 174 (0) 6 : 0.114 0.886
175 175 (7) 6 : 0.036 0.964
176 176 (0) 6 : 0.060 0.940
177 177 (10) 6 : 0.227 0.773
178 178 (0) 6 : 0.855 0.145
179 179 (8) 6 : 0.052 0.948
180 180 (0) 6 : 0.028 0.972
181 181 (7) 6 : 0.065 0.935
182 182 (0) 6 : 0.019 0.981
183 183 (0) 6 : 0.068 0.932
184 184 (0) 6 : 0.127 0.873
185 185 (0) 6 : 0.033 0.967
186 186 (2) 6 : 0.066 0.934
187 187 (0) 6 : 0.233 0.767
188 188 (0) 6 : 0.242 0.758
189 189 (3) 6 : 0.099 0.901
190 190 (0) 6 : 0.079 0.921
191 191 (0) 6 : 0.023 0.977
192 192 (0) 6 : 0.698 0.302
193 193 (0) 6 : 0.055 0.945
194 194 (0) 6 : 0.171 0.829
195 195 (0) 6 : 0.140 0.860
196 196 (13) 6 : 0.109 0.891
197 197 (0) 6 : 0.061 0.939
198 198 (12) 6 : 0.194 0.806
199 199 (0) 6 : 0.123 0.877
200 200 (0) 6 : 0.022 0.978
201 201 (8) 6 : 0.042 0.958
202 202 (0) 6 : 0.120 0.880
203 203 (0) 6 : 0.043 0.957
204 204 (0) 6 : 0.167 0.833
205 205 (0) 6 : 0.081 0.919
206 206 (0) 6 : 0.092 0.908
207 207 (14) 6 : 0.045 0.955
208 208 (0) 6 : 0.310 0.690
209 209 (0) 6 : 0.040 0.960
210 210 (0) 6 : 0.031 0.969
211 211 (14) 6 : 0.037 0.963
212 212 (0) 6 : 0.237 0.763
213 213 (7) 6 : 0.131 0.869
214 214 (0) 6 : 0.047 0.953
215 215 (0) 6 : 0.139 0.861
216 216 (0) 6 : 0.039 0.961
217 217 (5) 6 : 0.065 0.935
218 218 (0) 6 : 0.236 0.764
219 219 (0) 2 : 0.938 0.062
220 220 (0) 2 : 0.982 0.018
221 221 (0) 2 : 0.946 0.054
222 222 (0) 2 : 0.919 0.081
223 223 (0) 2 : 0.960 0.040
224 224 (0) 2 : 0.983 0.017
225 225 (0) 2 : 0.819 0.181
226 226 (0) 2 : 0.990 0.010
227 227 (0) 2 : 0.878 0.122
1 1 (0) 1 : 0.985 0.015
2 2 (1) 1 : 0.701 0.299
3 3 (0) 1 : 0.918 0.082
4 4 (0) 2 : 0.090 0.910
5 5 (0) 2 : 0.978 0.022
6 6 (0) 2 : 0.078 0.922
7 7 (0) 2 : 0.027 0.973
8 8 (0) 2 : 0.011 0.989
9 9 (0) 2 : 0.068 0.932
10 10 (0) 2 : 0.015 0.985
11 11 (0) 2 : 0.017 0.983
12 12 (0) 2 : 0.054 0.946
13 13 (0) 2 : 0.021 0.979
14 14 (0) 2 : 0.044 0.956
15 15 (0) 2 : 0.164 0.836
16 16 (0) 2 : 0.017 0.983
17 17 (0) 2 : 0.056 0.944
18 18 (0) 2 : 0.028 0.972
19 19 (0) 2 : 0.031 0.969
20 20 (0) 2 : 0.122 0.878
21 21 (9) 2 : 0.051 0.949
22 22 (0) 2 : 0.574 0.426
23 23 (0) 2 : 0.033 0.967
24 24 (0) 2 : 0.014 0.986
25 25 (0) 2 : 0.159 0.841
26 26 (0) 2 : 0.024 0.976
27 27 (0) 2 : 0.036 0.964
28 28 (0) 2 : 0.012 0.988
29 29 (0) 2 : 0.035 0.965
30 30 (0) 2 : 0.545 0.455
31 31 (0) 2 : 0.014 0.986
32 32 (0) 2 : 0.020 0.980
33 33 (0) 2 : 0.034 0.966
34 34 (0) 2 : 0.104 0.896
35 35 (0) 2 : 0.027 0.973
36 36 (5) 2 : 0.016 0.984
37 37 (0) 2 : 0.016 0.984
38 38 (0) 2 : 0.054 0.946
39 39 (0) 2 : 0.017 0.983
40 40 (0) 2 : 0.015 0.985
41 41 (0) 2 : 0.378 0.622
42 42 (0) 2 : 0.024 0.976
43 43 (0) 2 : 0.053 0.947
44 44 (0) 2 : 0.056 0.944
45 45 (0) 2 : 0.087 0.913
46 46 (0) 2 : 0.014 0.986
47 47 (4) 2 : 0.575 0.425
48 48 (0) 2 : 0.147 0.853
49 49 (1) 2 : 0.673 0.327
50 50 (0) 2 : 0.046 0.954
51 51 (0) 2 : 0.017 0.983
52 52 (0) 2 : 0.021 0.979
53 53 (0) 2 : 0.182 0.818
54 54 (0) 2 : 0.011 0.989
55 55 (0) 2 : 0.029 0.971
56 56 (0) 2 : 0.032 0.968
57 57 (0) 2 : 0.357 0.643
58 58 (0) 2 : 0.022 0.978
59 59 (0) 2 : 0.031 0.969
60 60 (0) 2 : 0.016 0.984
61 61 (0) 2 : 0.061 0.939
62 62 (1) 2 : 0.013 0.987
63 63 (0) 3 : 0.886 0.114
64 64 (0) 3 : 0.989 0.011
65 65 (0) 3 : 0.984 0.016
66 66 (0) 3 : 0.867 0.133
67 67 (0) 3 : 0.937 0.063
68 68 (0) 3 : 0.973 0.027
69 69 (0) 3 : 0.976 0.024
70 70 (0) 3 : 0.932 0.068
71 71 (0) 3 : 0.860 0.140
72 72 (8) 3 : 0.984 0.016
73 73 (0) 3 : 0.935 0.065
74 74 (0) 3 : 0.344 0.656
75 75 (0) 3 : 0.748 0.252
76 76 (0) 3 : 0.969 0.031
77 77 (0) 3 : 0.819 0.181
78 78 (0) 3 : 0.954 0.046
79 79 (0) 3 : 0.980 0.020
80 80 (0) 3 : 0.869 0.131
81 81 (0) 3 : 0.899 0.101
82 82 (0) 3 : 0.977 0.023
83 83 (0) 3 : 0.910 0.090
84 84 (0) 3 : 0.942 0.058
85 85 (0) 3 : 0.764 0.236
86 86 (0) 3 : 0.857 0.143
87 87 (0) 3 : 0.939 0.061
88 88 (0) 3 : 0.972 0.028
89 89 (0) 3 : 0.988 0.012
90 90 (0) 3 : 0.412 0.588
91 91 (0) 3 : 0.856 0.144
92 92 (0) 3 : 0.979 0.021
93 93 (0) 3 : 0.956 0.044
94 94 (0) 3 : 0.942 0.058
95 95 (0) 3 : 0.940 0.060
96 96 (0) 3 : 0.905 0.095
97 97 (0) 3 : 0.949 0.051
98 98 (0) 3 : 0.942 0.058
99 99 (0) 3 : 0.910 0.090
100 100 (0) 3 : 0.984 0.016
101 101 (0) 3 : 0.234 0.766
102 102 (0) 3 : 0.959 0.041
103 103 (0) 3 : 0.929 0.071
104 104 (0) 3 : 0.675 0.325
105 105 (0) 3 : 0.936 0.064
106 106 (0) 3 : 0.957 0.043
107 107 (0) 3 : 0.872 0.128
108 108 (0) 3 : 0.961 0.039
109 109 (0) 3 : 0.942 0.058
110 110 (0) 3 : 0.968 0.032
111 111 (0) 3 : 0.951 0.049
112 112 (7) 4 : 0.942 0.058
113 113 (12) 4 : 0.971 0.029
114 114 (12) 4 : 0.944 0.056
115 115 (3) 4 : 0.955 0.045
116 116 (12) 4 : 0.859 0.141
117 117 (13) 4 : 0.963 0.037
118 118 (0) 4 : 0.299 0.701
119 119 (3) 4 : 0.878 0.122
120 120 (0) 4 : 0.958 0.042
121 121 (0) 4 : 0.979 0.021
122 122 (9) 4 : 0.989 0.011
123 123 (9) 4 : 0.978 0.022
124 124 (12) 4 : 0.962 0.038
125 125 (0) 5 : 0.048 0.952
126 126 (0) 5 : 0.961 0.039
127 127 (0) 5 : 0.050 0.950
128 128 (0) 6 : 0.968 0.032
129 129 (0) 6 : 0.991 0.009
130 130 (9) 6 : 0.983 0.017
131 131 (0) 6 : 0.988 0.012
132 132 (0) 6 : 0.974 0.026
133 133 (0) 6 : 0.967 0.033
134 134 (0) 6 : 0.961 0.039
135 135 (0) 6 : 0.946 0.054
136 136 (11) 6 : 0.875 0.125
137 137 (0) 6 : 0.910 0.090
138 138 (0) 6 : 0.616 0.384
139 139 (0) 6 : 0.864 0.136
140 140 (4) 6 : 0.956 0.044
141 141 (0) 6 : 0.934 0.066
142 142 (0) 6 : 0.865 0.135
143 143 (0) 6 : 0.982 0.018
144 144 (0) 6 : 0.849 0.151
145 145 (4) 6 : 0.985 0.015
146 146 (5) 6 : 0.971 0.029
147 147 (0) 6 : 0.983 0.017
148 148 (5) 6 : 0.964 0.036
149 149 (0) 6 : 0.975 0.025
150 150 (0) 6 : 0.927 0.073
151 151 (10) 6 : 0.951 0.049
152 152 (0) 6 : 0.974 0.026
153 153 (0) 6 : 0.983 0.017
154 154 (0) 6 : 0.952 0.048
155 155 (5) 6 : 0.909 0.091
156 156 (0) 6 : 0.676 0.324
157 157 (0) 6 : 0.932 0.068
158 158 (0) 6 : 0.880 0.120
159 159 (10) 6 : 0.928 0.072
160 160 (0) 6 : 0.923 0.077
161 161 (0) 6 : 0.991 0.009
162 162 (0) 6 : 0.968 0.032
163 163 (0) 6 : 0.960 0.040
164 164 (0) 6 : 0.976 0.024
165 165 (0) 6 : 0.975 0.025
166 166 (0) 6 : 0.935 0.065
167 167 (0) 6 : 0.976 0.024
168 168 (0) 6 : 0.918 0.082
169 169 (0) 6 : 0.924 0.076
170 170 (2) 6 : 0.969 0.031
171 171 (0) 6 : 0.837 0.163
172 172 (0) 6 : 0.971 0.029
173 173 (0) 6 : 0.948 0.052
174 174 (0) 6 : 0.919 0.081
175 175 (7) 6 : 0.974 0.026
176 176 (0) 6 : 0.956 0.044
177 177 (10) 6 : 0.801 0.199
178 178 (0) 6 : 0.103 0.897
179 179 (8) 6 : 0.965 0.035
180 180 (0) 6 : 0.983 0.017
181 181 (7) 6 : 0.961 0.039
182 182 (0) 6 : 0.988 0.012
183 183 (0) 6 : 0.957 0.043
184 184 (0) 6 : 0.898 0.102
185 185 (0) 6 : 0.977 0.023
186 186 (2) 6 : 0.956 0.044
187 187 (0) 6 : 0.798 0.202
188 188 (0) 6 : 0.816 0.184
189 189 (3) 6 : 0.928 0.072
190 190 (0) 6 : 0.952 0.048
191 191 (0) 6 : 0.985 0.015
192 192 (0) 6 : 0.274 0.726
193 193 (0) 6 : 0.970 0.030
194 194 (0) 6 : 0.857 0.143
195 195 (0) 6 : 0.880 0.120
196 196 (13) 6 : 0.938 0.062
197 197 (0) 6 : 0.961 0.039
198 198 (12) 6 : 0.829 0.171
199 199 (0) 6 : 0.907 0.093
200 200 (0) 6 : 0.983 0.017
201 201 (8) 6 : 0.978 0.022
202 202 (0) 6 : 0.932 0.068
203 203 (0) 6 : 0.974 0.026
204 204 (0) 6 : 0.858 0.142
205 205 (0) 6 : 0.949 0.051
206 206 (0) 6 : 0.944 0.056
207 207 (14) 6 : 0.971 0.029
208 208 (0) 6 : 0.739 0.261
209 209 (0) 6 : 0.974 0.026
210 210 (0) 6 : 0.982 0.018
211 211 (14) 6 : 0.975 0.025
212 212 (0) 6 : 0.816 0.184
213 213 (7) 6 : 0.923 0.077
214 214 (0) 6 : 0.970 0.030
215 215 (0) 6 : 0.902 0.098
216 216 (0) 6 : 0.972 0.028
217 217 (5) 6 : 0.950 0.050
218 218 (0) 6 : 0.844 0.156
219 219 (0) 2 : 0.047 0.953
220 220 (0) 2 : 0.012 0.988
221 221 (0) 2 : 0.033 0.967
222 222 (0) 2 : 0.073 0.927
223 223 (0) 2 : 0.029 0.971
224 224 (0) 2 : 0.011 0.989
225 225 (0) 2 : 0.152 0.848
226 226 (0) 2 : 0.006 0.994
227 227 (0) 2 : 0.095 0.905
1 1 (0) 1 : 0.023 0.977
2 2 (1) 1 : 0.292 0.708
3 3 (0) 1 : 0.096 0.904
4 4 (0) 2 : 0.899 0.101
5 5 (0) 2 : 0.029 0.971
6 6 (0) 2 : 0.905 0.095
7 7 (0) 2 : 0.964 0.036
8 8 (0) 2 : 0.987 0.013
9 9 (0) 2 : 0.925 0.075
10 10 (0) 2 : 0.980 0.020
11 11 (0) 2 : 0.974 0.026
12 12 (0) 2 : 0.934 0.066
13 13 (0) 2 : 0.971 0.029
14 14 (0) 2 : 0.952 0.048
15 15 (0) 2 : 0.820 0.180
16 16 (0) 2 : 0.979 0.021
17 17 (0) 2 : 0.923 0.077
18 18 (0) 2 : 0.964 0.036
19 19 (0) 2 : 0.961 0.039
20 20 (0) 2 : 0.839 0.161
21 21 (9) 2 : 0.939 0.061
22 22 (0) 2 : 0.494 0.506
23 23 (0) 2 : 0.959 0.041
24 24 (0) 2 : 0.979 0.021
25 25 (0) 2 : 0.859 0.141
26 26 (0) 2 : 0.974 0.026
27 27 (0) 2 : 0.961 0.039
28 28 (0) 2 : 0.986 0.014
29 29 (0) 2 : 0.958 0.042
30 30 (0) 2 : 0.441 0.559
31 31 (0) 2 : 0.979 0.021
32 32 (0) 2 : 0.975 0.025
33 33 (0) 2 : 0.962 0.038
34 34 (0) 2 : 0.889 0.111
35 35 (0) 2 : 0.973 0.027
36 36 (5) 2 : 0.977 0.023
37 37 (0) 2 : 0.983 0.017
38 38 (0) 2 : 0.933 0.067
39 39 (0) 2 : 0.981 0.019
40 40 (0) 2 : 0.976 0.024
41 41 (0) 2 : 0.666 0.334
42 42 (0) 2 : 0.970 0.030
43 43 (0) 2 : 0.923 0.077
44 44 (0) 2 : 0.941 0.059
45 45 (0) 2 : 0.898 0.102
46 46 (0) 2 : 0.985 0.015
47 47 (4) 2 : 0.400 0.600
48 48 (0) 2 : 0.858 0.142
49 49 (1) 2 : 0.351 0.649
50 50 (0) 2 : 0.950 0.050
51 51 (0) 2 : 0.982 0.018
52 52 (0) 2 : 0.974 0.026
53 53 (0) 2 : 0.809 0.191
54 54 (0) 2 : 0.988 0.012
55 55 (0) 2 : 0.969 0.031
56 56 (0) 2 : 0.956 0.044
57 57 (0) 2 : 0.660 0.340
58 58 (0) 2 : 0.969 0.031
59 59 (0) 2 : 0.957 0.043
60 60 (0) 2 : 0.976 0.024
61 61 (0) 2 : 0.928 0.072
62 62 (1) 2 : 0.984 0.016
63 63 (0) 3 : 0.140 0.860
64 64 (0) 3 : 0.016 0.984
65 65 (0) 3 : 0.019 0.981
66 66 (0) 3 : 0.149 0.851
67 67 (0) 3 : 0.076 0.924
68 68 (0) 3 : 0.035 0.965
69 69 (0) 3 : 0.025 0.975
70 70 (0) 3 : 0.078 0.922
71 71 (0) 3 : 0.148 0.852
72 72 (8) 3 : 0.017 0.983
73 73 (0) 3 : 0.086 0.914
74 74 (0) 3 : 0.632 0.368
75 75 (0) 3 : 0.288 0.712
76 76 (0) 3 : 0.041 0.959
77 77 (0) 3 : 0.196 0.804
78 78 (0) 3 : 0.060 0.940
79 79 (0) 3 : 0.021 0.979
80 80 (0) 3 : 0.163 0.837
81 81 (0) 3 : 0.128 0.872
82 82 (0) 3 : 0.027 0.973
83 83 (0) 3 : 0.107 0.893
84 84 (0) 3 : 0.062 0.938
85 85 (0) 3 : 0.250 0.750
86 86 (0) 3 : 0.176 0.824
87 87 (0) 3 : 0.079 0.921
88 88 (0) 3 : 0.031 0.969
89 89 (0) 3 : 0.016 0.984
90 90 (0) 3 : 0.612 0.388
91 91 (0) 3 : 0.165 0.835
92 92 (0) 3 : 0.024 0.976
93 93 (0) 3 : 0.058 0.942
94 94 (0) 3 : 0.069 0.931
95 95 (0) 3 : 0.075 0.925
96 96 (0) 3 : 0.111 0.889
97 97 (0) 3 : 0.069 0.931
98 98 (0) 3 : 0.083 0.917
99 99 (0) 3 : 0.093 0.907
100 100 (0) 3 : 0.019 0.981
101 101 (0) 3 : 0.784 0.216
102 102 (0) 3 : 0.052 0.948
103 103 (0) 3 : 0.087 0.913
104 104 (0) 3 : 0.341 0.659
105 105 (0) 3 : 0.077 0.923
106 106 (0) 3 : 0.050 0.950
107 107 (0) 3 : 0.158 0.842
108 108 (0) 3 : 0.047 0.953
109 109 (0) 3 : 0.095 0.905
110 110 (0) 3 : 0.044 0.956
111 111 (0) 3 : 0.073 0.927
112 112 (7) 4 : 0.089 0.911
113 113 (12) 4 : 0.040 0.960
114 114 (12) 4 : 0.093 0.907
115 115 (3) 4 : 0.053 0.947
116 116 (12) 4 : 0.157 0.843
117 117 (13) 4 : 0.056 0.944
118 118 (0) 4 : 0.657 0.343
119 119 (3) 4 : 0.130 0.870
120 120 (0) 4 : 0.055 0.945
121 121 (0) 4 : 0.025 0.975
122 122 (9) 4 : 0.015 0.985
123 123 (9) 4 : 0.025 0.975
124 124 (12) 4 : 0.055 0.945
125 125 (0) 5 : 0.936 0.064
126 126 (0) 5 : 0.046 0.954
127 127 (0) 5 : 0.940 0.060
128 128 (0) 6 : 0.039 0.961
129 129 (0) 6 : 0.012 0.988
130 130 (9) 6 : 0.019 0.981
131 131 (0) 6 : 0.018 0.982
132 132 (0) 6 : 0.033 0.967
133 133 (0) 6 : 0.042 0.958
134 134 (0) 6 : 0.048 0.952
135 135 (0) 6 : 0.062 0.938
136 136 (11) 6 : 0.141 0.859
137 137 (0) 6 : 0.111 0.889
138 138 (0) 6 : 0.408 0.592
139 139 (0) 6 : 0.166 0.834
140 140 (4) 6 : 0.055 0.945
141 141 (0) 6 : 0.079 0.921
142 142 (0) 6 : 0.180 0.820
143 143 (0) 6 : 0.019 0.981
144 144 (0) 6 : 0.171 0.829
145 145 (4) 6 : 0.016 0.984
146 146 (5) 6 : 0.037 0.963
147 147 (0) 6 : 0.022 0.978
148 148 (5) 6 : 0.045 0.955
149 149 (0) 6 : 0.032 0.968
150 150 (0) 6 : 0.090 0.910
151 151 (10) 6 : 0.050 0.950
152 152 (0) 6 : 0.031 0.969
153 153 (0) 6 : 0.024 0.976
154 154 (0) 6 : 0.059 0.941
155 155 (5) 6 : 0.101 0.899
156 156 (0) 6 : 0.383 0.617
157 157 (0) 6 : 0.090 0.910
158 158 (0) 6 : 0.158 0.842
159 159 (10) 6 : 0.081 0.919
160 160 (0) 6 : 0.083 0.917
161 161 (0) 6 : 0.013 0.987
162 162 (0) 6 : 0.038 0.962
163 163 (0) 6 : 0.045 0.955
164 164 (0) 6 : 0.033 0.967
165 165 (0) 6 : 0.032 0.968
166 166 (0) 6 : 0.079 0.921
167 167 (0) 6 : 0.031 0.969
168 168 (0) 6 : 0.101 0.899
169 169 (0) 6 : 0.092 0.908
170 170 (2) 6 : 0.042 0.958
171 171 (0) 6 : 0.192 0.808
172 172 (0) 6 : 0.033 0.967
173 173 (0) 6 : 0.061 0.939
174 174 (0) 6 : 0.105 0.895
175 175 (7) 6 : 0.037 0.963
176 176 (0) 6 : 0.055 0.945
177 177 (10) 6 : 0.228 0.772
178 178 (0) 6 : 0.893 0.107
179 179 (8) 6 : 0.042 0.958
180 180 (0) 6 : 0.022 0.978
181 181 (7) 6 : 0.053 0.947
182 182 (0) 6 : 0.016 0.984
183 183 (0) 6 : 0.052 0.948
184 184 (0) 6 : 0.114 0.886
185 185 (0) 6 : 0.029 0.971
186 186 (2) 6 : 0.058 0.942
187 187 (0) 6 : 0.227 0.773
188 188 (0) 6 : 0.231 0.769
189 189 (3) 6 : 0.091 0.909
190 190 (0) 6 : 0.063 0.937
191 191 (0) 6 : 0.021 0.979
192 192 (0) 6 : 0.706 0.294
193 193 (0) 6 : 0.039 0.961
194 194 (0) 6 : 0.150 0.850
195 195 (0) 6 : 0.130 0.870
196 196 (13) 6 : 0.087 0.913
197 197 (0) 6 : 0.057 0.943
198 198 (12) 6 : 0.176 0.824
199 199 (0) 6 : 0.117 0.883
200 200 (0) 6 : 0.019 0.981
201 201 (8) 6 : 0.033 0.967
202 202 (0) 6 : 0.097 0.903
203 203 (0) 6 : 0.037 0.963
204 204 (0) 6 : 0.141 0.859
205 205 (0) 6 : 0.064 0.936
206 206 (0) 6 : 0.070 0.930
207 207 (14) 6 : 0.041 0.959
208 208 (0) 6 : 0.266 0.734
209 209 (0) 6 : 0.034 0.966
210 210 (0) 6 : 0.024 0.976
211 211 (14) 6 : 0.034 0.966
212 212 (0) 6 : 0.211 0.789
213 213 (7) 6 : 0.109 0.891
214 214 (0) 6 : 0.042 0.958
215 215 (0) 6 : 0.129 0.871
216 216 (0) 6 : 0.035 0.965
217 217 (5) 6 : 0.060 0.940
218 218 (0) 6 : 0.217 0.783
219 219 (0) 2 : 0.949 0.051
220 220 (0) 2 : 0.984 0.016
221 221 (0) 2 : 0.958 0.042
222 222 (0) 2 : 0.925 0.075
223 223 (0) 2 : 0.963 0.037
224 224 (0) 2 : 0.987 0.013
225 225 (0) 2 : 0.841 0.159
226 226 (0) 2 : 0.992 0.008
227 227 (0) 2 : 0.894 0.106
1 1 (0) 1 : 0.985 0.015
2 2 (1) 1 : 0.727 0.273
3 3 (0) 1 : 0.908 0.092
4 4 (0) 2 : 0.113 0.887
5 5 (0) 2 : 0.974 0.026
6 6 (0) 2 : 0.077 0.923
7 7 (0) 2 : 0.029 0.971
8 8 (0) 2 : 0.012 0.988
9 9 (0) 2 : 0.072 0.928
10 10 (0) 2 : 0.016 0.984
11 11 (0) 2 : 0.022 0.978
12 12 (0) 2 : 0.075 0.925
13 13 (0) 2 : 0.021 0.979
14 14 (0) 2 : 0.047 0.953
15 15 (0) 2 : 0.196 0.804
16 16 (0) 2 : 0.017 0.983
17 17 (0) 2 : 0.062 0.938
18 18 (0) 2 : 0.031 0.969
19 19 (0) 2 : 0.031 0.969
20 20 (0) 2 : 0.137 0.863
21 21 (9) 2 : 0.072 0.928
22 22 (0) 2 : 0.574 0.426
23 23 (0) 2 : 0.036 0.964
24 24 (0) 2 : 0.015 0.985
25 25 (0) 2 : 0.152 0.848
26 26 (0) 2 : 0.025 0.975
27 27 (0) 2 : 0.043 0.957
28 28 (0) 2 : 0.012 0.988
29 29 (0) 2 : 0.032 0.968
30 30 (0) 2 : 0.545 0.455
31 31 (0) 2 : 0.017 0.983
32 32 (0) 2 : 0.020 0.980
33 33 (0) 2 : 0.031 0.969
34 34 (0) 2 : 0.104 0.896
35 35 (0) 2 : 0.026 0.974
36 36 (5) 2 : 0.018 0.982
37 37 (0) 2 : 0.017 0.983
38 38 (0) 2 : 0.062 0.938
39 39 (0) 2 : 0.018 0.982
40 40 (0) 2 : 0.016 0.984
41 41 (0) 2 : 0.383 0.617
42 42 (0) 2 : 0.032 0.968
43 43 (0) 2 : 0.068 0.932
44 44 (0) 2 : 0.055 0.945
45 45 (0) 2 : 0.105 0.895
46 46 (0) 2 : 0.015 0.985
47 47 (4) 2 : 0.607 0.393
48 48 (0) 2 : 0.137 0.863
49 49 (1) 2 : 0.632 0.368
50 50 (0) 2 : 0.038 0.962
51 51 (0) 2 : 0.018 0.982
52 52 (0) 2 : 0.021 0.979
53 53 (0) 2 : 0.225 0.775
54 54 (0) 2 : 0.014 0.986
55 55 (0) 2 : 0.032 0.968
56 56 (0) 2 : 0.040 0.960
57 57 (0) 2 : 0.322 0.678
58 58 (0) 2 : 0.024 0.976
59 59 (0) 2 : 0.035 0.965
60 60 (0) 2 : 0.020 0.980
61 61 (0) 2 : 0.062 0.938
62 62 (1) 2 : 0.015 0.985
63 63 (0) 3 : 0.875 0.125
64 64 (0) 3 : 0.988 0.012
65 65 (0) 3 : 0.982 0.018
66 66 (0) 3 : 0.889 0.111
67 67 (0) 3 : 0.932 0.068
68 68 (0) 3 : 0.974 0.026
69 69 (0) 3 : 0.976 0.024
70 70 (0) 3 : 0.926 0.074
71 71 (0) 3 : 0.886 0.114
72 72 (8) 3 : 0.983 0.017
73 73 (0) 3 : 0.926 0.074
74 74 (0) 3 : 0.337 0.663
75 75 (0) 3 : 0.758 0.242
76 76 (0) 3 : 0.965 0.035
77 77 (0) 3 : 0.812 0.188
78 78 (0) 3 : 0.955 0.045
79 79 (0) 3 : 0.981 0.019
80 80 (0) 3 : 0.845 0.155
81 81 (0) 3 : 0.879 0.121
82 82 (0) 3 : 0.973 0.027
83 83 (0) 3 : 0.913 0.087
84 84 (0) 3 : 0.946 0.054
85 85 (0) 3 : 0.742 0.258
86 86 (0) 3 : 0.838 0.162
87 87 (0) 3 : 0.936 0.064
88 88 (0) 3 : 0.974 0.026
89 89 (0) 3 : 0.987 0.013
90 90 (0) 3 : 0.436 0.564
91 91 (0) 3 : 0.863 0.137
92 92 (0) 3 : 0.978 0.022
93 93 (0) 3 : 0.949 0.051
94 94 (0) 3 : 0.939 0.061
95 95 (0) 3 : 0.936 0.064
96 96 (0) 3 : 0.900 0.100
97 97 (0) 3 : 0.944 0.056
98 98 (0) 3 : 0.926 0.074
99 99 (0) 3 : 0.920 0.080
100 100 (0) 3 : 0.982 0.018
101 101 (0) 3 : 0.222 0.778
102 102 (0) 3 : 0.956 0.044
103 103 (0) 3 : 0.925 0.075
104 104 (0) 3 : 0.668 0.332
105 105 (0) 3 : 0.936 0.064
106 106 (0) 3 : 0.960 0.040
107 107 (0) 3 : 0.869 0.131
108 108 (0) 3 : 0.962 0.038
109 109 (0) 3 : 0.925 0.075
110 110 (0) 3 : 0.965 0.035
111 111 (0) 3 : 0.936 0.064
112 112 (7) 4 : 0.927 0.073
113 113 (12) 4 : 0.966 0.034
114 114 (12) 4 : 0.934 0.066
115 115 (3) 4 : 0.952 0.048
116 116 (12) 4 : 0.862 0.138
117 117 (13) 4 : 0.956 0.044
118 118 (0) 4 : 0.301 0.699
119 119 (3) 4 : 0.867 0.133
120 120 (0) 4 : 0.957 0.043
121 121 (0) 4 : 0.980 0.020
122 122 (9) 4 : 0.986 0.014
123 123 (9) 4 : 0.977 0.023
124 124 (12) 4 : 0.953 0.047
125 125 (0) 5 : 0.053 0.947
126 126 (0) 5 : 0.956 0.044
127 127 (0) 5 : 0.048 0.952
128 128 (0) 6 : 0.964 0.036
129 129 (0) 6 : 0.988 0.012
130 130 (9) 6 : 0.985 0.015
131 131 (0) 6 : 0.986 0.014
132 132 (0) 6 : 0.974 0.026
133 133 (0) 6 : 0.958 0.042
134 134 (0) 6 : 0.955 0.045
135 135 (0) 6 : 0.946 0.054
136 136 (11) 6 : 0.880 0.120
137 137 (0) 6 : 0.905 0.095
138 138 (0) 6 : 0.612 0.388
139 139 (0) 6 : 0.840 0.160
140 140 (4) 6 : 0.955 0.045
141 141 (0) 6 : 0.937 0.063
142 142 (0) 6 : 0.861 0.139
143 143 (0) 6 : 0.982 0.018
144 144 (0) 6 : 0.836 0.164
145 145 (4) 6 : 0.985 0.015
146 146 (5) 6 : 0.972 0.028
147 147 (0) 6 : 0.983 0.017
148 148 (5) 6 : 0.966 0.034
149 149 (0) 6 : 0.971 0.029
150 150 (0) 6 : 0.923 0.077
151 151 (10) 6 : 0.948 0.052
152 152 (0) 6 : 0.970 0.030
153 153 (0) 6 : 0.984 0.016
154 154 (0) 6 : 0.952 0.048
155 155 (5) 6 : 0.903 0.097
156 156 (0) 6 : 0.665 0.335
157 157 (0) 6 : 0.920 0.080
158 158 (0) 6 : 0.864 0.136
159 159 (10) 6 : 0.936 0.064
160 160 (0) 6 : 0.936 0.064
161 161 (0) 6 : 0.988 0.012
162 162 (0) 6 : 0.966 0.034
163 163 (0) 6 : 0.958 0.042
164 164 (0) 6 : 0.969 0.031
165 165 (0) 6 : 0.973 0.027
166 166 (0) 6 : 0.935 0.065
167 167 (0) 6 : 0.971 0.029
168 168 (0) 6 : 0.924 0.076
169 169 (0) 6 : 0.927 0.073
170 170 (2) 6 : 0.962 0.038
171 171 (0) 6 : 0.825 0.175
172 172 (0) 6 : 0.969 0.031
173 173 (0) 6 : 0.940 0.060
174 174 (0) 6 : 0.919 0.081
175 175 (7) 6 : 0.977 0.023
176 176 (0) 6 : 0.952 0.048
177 177 (10) 6 : 0.819 0.181
178 178 (0) 6 : 0.116 0.884
179 179 (8) 6 : 0.967 0.033
180 180 (0) 6 : 0.980 0.020
181 181 (7) 6 : 0.954 0.046
182 182 (0) 6 : 0.984 0.016
183 183 (0) 6 : 0.946 0.054
184 184 (0) 6 : 0.886 0.114
185 185 (0) 6 : 0.976 0.024
186 186 (2) 6 : 0.954 0.046
187 187 (0) 6 : 0.776 0.224
188 188 (0) 6 : 0.793 0.207
189 189 (3) 6 : 0.918 0.082
190 190 (0) 6 : 0.937 0.063
191 191 (0) 6 : 0.984 0.016
192 192 (0) 6 : 0.276 0.724
193 193 (0) 6 : 0.968 0.032
194 194 (0) 6 : 0.850 0.150
195 195 (0) 6 : 0.888 0.112
196 196 (13) 6 : 0.930 0.070
197 197 (0) 6 : 0.952 0.048
198 198 (12) 6 : 0.825 0.175
199 199 (0) 6 : 0.908 0.092
200 200 (0) 6 : 0.985 0.015
201 201 (8) 6 : 0.973 0.027
202 202 (0) 6 : 0.925 0.075
203 203 (0) 6 : 0.971 0.029
204 204 (0) 6 : 0.875 0.125
205 205 (0) 6 : 0.944 0.056
206 206 (0) 6 : 0.938 0.062
207 207 (14) 6 : 0.966 0.034
208 208 (0) 6 : 0.704 0.296
209 209 (0) 6 : 0.969 0.031
210 210 (0) 6 : 0.979 0.021
211 211 (14) 6 : 0.974 0.026
212 212 (0) 6 : 0.803 0.197
213 213 (7) 6 : 0.908 0.092
214 214 (0) 6 : 0.967 0.033
215 215 (0) 6 : 0.880 0.120
216 216 (0) 6 : 0.970 0.030
217 217 (5) 6 : 0.948 0.052
218 218 (0) 6 : 0.794 0.206
219 219 (0) 2 : 0.049 0.951
220 220 (0) 2 : 0.012 0.988
221 221 (0) 2 : 0.038 0.962
222 222 (0) 2 : 0.070 0.930
223 223 (0) 2 : 0.037 0.963
224 224 (0) 2 : 0.012 0.988
225 225 (0) 2 : 0.147 0.853
226 226 (0) 2 : 0.008 0.992
227 227 (0) 2 : 0.102 0.898
1 1 (0) 1 : 0.012 0.988
2 2 (1) 1 : 0.279 0.721
3 3 (0) 1 : 0.101 0.899
4 4 (0) 2 : 0.899 0.101
5 5 (0) 2 : 0.024 0.976
6 6 (0) 2 : 0.918 0.082
7 7 (0) 2 : 0.972 0.028
8 8 (0) 2 : 0.987 0.013
9 9 (0) 2 : 0.931 0.069
10 10 (0) 2 : 0.982 0.018
11 11 (0) 2 : 0.979 0.021
12 12 (0) 2 : 0.942 0.058
13 13 (0) 2 : 0.977 0.023
14 14 (0) 2 : 0.956 0.044
15 15 (0) 2 : 0.820 0.180
16 16 (0) 2 : 0.985 0.015
17 17 (0) 2 : 0.927 0.073
18 18 (0) 2 : 0.971 0.029
19 19 (0) 2 : 0.967 0.033
20 20 (0) 2 : 0.863 0.137
21 21 (9) 2 : 0.937 0.063
22 22 (0) 2 : 0.489 0.511
23 23 (0) 2 : 0.969 0.031
24 24 (0) 2 : 0.985 0.015
25 25 (0) 2 : 0.824 0.176
26 26 (0) 2 : 0.975 0.025
27 27 (0) 2 : 0.962 0.038
28 28 (0) 2 : 0.986 0.014
29 29 (0) 2 : 0.963 0.037
30 30 (0) 2 : 0.437 0.563
31 31 (0) 2 : 0.985 0.015
32 32 (0) 2 : 0.976 0.024
33 33 (0) 2 : 0.970 0.030
34 34 (0) 2 : 0.889 0.111
35 35 (0) 2 : 0.973 0.027
36 36 (5) 2 : 0.980 0.020
37 37 (0) 2 : 0.982 0.018
38 38 (0) 2 : 0.938 0.062
39 39 (0) 2 : 0.980 0.020
40 40 (0) 2 : 0.981 0.019
41 41 (0) 2 : 0.652 0.348
42 42 (0) 2 : 0.970 0.030
43 43 (0) 2 : 0.933 0.067
44 44 (0) 2 : 0.952 0.048
45 45 (0) 2 : 0.910 0.090
46 46 (0) 2 : 0.986 0.014
47 47 (4) 2 : 0.440 0.560
48 48 (0) 2 : 0.850 0.150
49 49 (1) 2 : 0.331 0.669
50 50 (0) 2 : 0.959 0.041
51 51 (0) 2 : 0.986 0.014
52 52 (0) 2 : 0.978 0.022
53 53 (0) 2 : 0.802 0.198
54 54 (0) 2 : 0.989 0.011
55 55 (0) 2 : 0.971 0.029
56 56 (0) 2 : 0.964 0.036
57 57 (0) 2 : 0.662 0.338
58 58 (0) 2 : 0.977 0.023
59 59 (0) 2 : 0.964 0.036
60 60 (0) 2 : 0.978 0.022
61 61 (0) 2 : 0.938 0.062
62 62 (1) 2 : 0.983 0.017
63 63 (0) 3 : 0.123 0.877
64 64 (0) 3 : 0.012 0.988
65 65 (0) 3 : 0.018 0.982
66 66 (0) 3 : 0.121 0.879
67 67 (0) 3 : 0.060 0.940
68 68 (0) 3 : 0.027 0.973
69 69 (0) 3 : 0.025 0.975
70 70 (0) 3 : 0.077 0.923
71 71 (0) 3 : 0.120 0.880
72 72 (8) 3 : 0.017 0.983
73 73 (0) 3 : 0.079 0.921
74 74 (0) 3 : 0.664 0.336
75 75 (0) 3 : 0.281 0.719
76 76 (0) 3 : 0.037 0.963
77 77 (0) 3 : 0.178 0.822
78 78 (0) 3 : 0.061 0.939
79 79 (0) 3 : 0.020 0.980
80 80 (0) 3 : 0.141 0.859
81 81 (0) 3 : 0.100 0.900
82 82 (0) 3 : 0.024 0.976
83 83 (0) 3 : 0.091 0.909
84 84 (0) 3 : 0.056 0.944
85 85 (0) 3 : 0.249 0.751
86 86 (0) 3 : 0.167 0.833
87 87 (0) 3 : 0.064 0.936
88 88 (0) 3 : 0.028 0.972
89 89 (0) 3 : 0.012 0.988
90 90 (0) 3 : 0.611 0.389
91 91 (0) 3 : 0.137 0.863
92 92 (0) 3 : 0.020 0.980
93 93 (0) 3 : 0.052 0.948
94 94 (0) 3 : 0.061 0.939
95 95 (0) 3 : 0.066 0.934
96 96 (0) 3 : 0.107 0.893
97 97 (0) 3 : 0.052 0.948
98 98 (0) 3 : 0.064 0.936
99 99 (0) 3 : 0.089 0.911
100 100 (0) 3 : 0.015 0.985
101 101 (0) 3 : 0.775 0.225
102 102 (0) 3 : 0.049 0.951
103 103 (0) 3 : 0.083 0.917
104 104 (0) 3 : 0.354 0.646
105 105 (0) 3 : 0.078 0.922
106 106 (0) 3 : 0.045 0.955
107 107 (0) 3 : 0.148 0.852
108 108 (0) 3 : 0.043 0.957
109 109 (0) 3 : 0.069 0.931
110 110 (0) 3 : 0.037 0.963
111 111 (0) 3 : 0.058 0.942
112 112 (7) 4 : 0.072 0.928
113 113 (12) 4 : 0.033 0.967
114 114 (12) 4 : 0.063 0.937
115 115 (3) 4 : 0.047 0.953
116 116 (12) 4 : 0.156 0.844
117 117 (13) 4 : 0.044 0.956
118 118 (0) 4 : 0.702 0.298
119 119 (3) 4 : 0.142 0.858
120 120 (0) 4 : 0.053 0.947
121 121 (0) 4 : 0.021 0.979
122 122 (9) 4 : 0.012 0.988
123 123 (9) 4 : 0.022 0.978
124 124 (12) 4 : 0.049 0.951
125 125 (0) 5 : 0.950 0.050
126 126 (0) 5 : 0.044 0.956
127 127 (0) 5 : 0.951 0.049
128 128 (0) 6 : 0.029 0.971
129 129 (0) 6 : 0.010 0.990
130 130 (9) 6 : 0.016 0.984
131 131 (0) 6 : 0.015 0.985
132 132 (0) 6 : 0.027 0.973
133 133 (0) 6 : 0.043 0.957
134 134 (0) 6 : 0.043 0.957
135 135 (0) 6 : 0.050 0.950
136 136 (11) 6 : 0.119 0.881
137 137 (0) 6 : 0.105 0.895
138 138 (0) 6 : 0.393 0.607
139 139 (0) 6 : 0.166 0.834
140 140 (4) 6 : 0.049 0.951
141 141 (0) 6 : 0.064 0.936
142 142 (0) 6 : 0.158 0.842
143 143 (0) 6 : 0.019 0.981
144 144 (0) 6 : 0.169 0.831
145 145 (4) 6 : 0.016 0.984
146 146 (5) 6 : 0.027 0.973
147 147 (0) 6 : 0.017 0.983
148 148 (5) 6 : 0.039 0.961
149 149 (0) 6 : 0.028 0.972
150 150 (0) 6 : 0.084 0.916
151 151 (10) 6 : 0.044 0.956
152 152 (0) 6 : 0.029 0.971
153 153 (0) 6 : 0.021 0.979
154 154 (0) 6 : 0.057 0.943
155 155 (5) 6 : 0.092 0.908
156 156 (0) 6 : 0.353 0.647
157 157 (0) 6 : 0.078 0.922
158 158 (0) 6 : 0.140 0.860
159 159 (10) 6 : 0.067 0.933
160 160 (0) 6 : 0.069 0.931
161 161 (0) 6 : 0.013 0.987
162 162 (0) 6 : 0.032 0.968
163 163 (0) 6 : 0.047 0.953
164 164 (0) 6 : 0.027 0.973
165 165 (0) 6 : 0.030 0.970
166 166 (0) 6 : 0.073 0.927
167 167 (0) 6 : 0.028 0.972
168 168 (0) 6 : 0.092 0.908
169 169 (0) 6 : 0.078 0.922
170 170 (2) 6 : 0.034 0.966
171 171 (0) 6 : 0.183 0.817
172 172 (0) 6 : 0.035 0.965
173 173 (0) 6 : 0.051 0.949
174 174 (0) 6 : 0.089 0.911
175 175 (7) 6 : 0.026 0.974
176 176 (0) 6 : 0.046 0.954
177 177 (10) 6 : 0.178 0.822
178 178 (0) 6 : 0.869 0.131
179 179 (8) 6 : 0.040 0.960
180 180 (0) 6 : 0.018 0.982
181 181 (7) 6 : 0.043 0.957
182 182 (0) 6 : 0.013 0.987
183 183 (0) 6 : 0.047 0.953
184 184 (0) 6 : 0.111 0.889
185 185 (0) 6 : 0.024 0.976
186 186 (2) 6 : 0.045 0.955
187 187 (0) 6 : 0.201 0.799
188 188 (0) 6 : 0.220 0.780
189 189 (3) 6 : 0.084 0.916
190 190 (0) 6 : 0.055 0.945
191 191 (0) 6 : 0.017 0.983
192 192 (0) 6 : 0.690 0.310
193 193 (0) 6 : 0.041 0.959
194 194 (0) 6 : 0.142 0.858
195 195 (0) 6 : 0.126 0.874
196 196 (13) 6 : 0.070 0.930
197 197 (0) 6 : 0.050 0.950
198 198 (12) 6 : 0.174 0.826
199 199 (0) 6 : 0.097 0.903
200 200 (0) 6 : 0.017 0.983
201 201 (8) 6 : 0.025 0.975
202 202 (0) 6 : 0.075 0.925
203 203 (0) 6 : 0.034 0.966
204 204 (0) 6 : 0.128 0.872
205 205 (0) 6 : 0.055 0.945
206 206 (0) 6 : 0.064 0.936
207 207 (14) 6 : 0.033 0.967
208 208 (0) 6 : 0.249 0.751
209 209 (0) 6 : 0.030 0.970
210 210 (0) 6 : 0.018 0.982
211 211 (14) 6 : 0.027 0.973
212 212 (0) 6 : 0.180 0.820
213 213 (7) 6 : 0.080 0.920
214 214 (0) 6 : 0.036 0.964
215 215 (0) 6 : 0.119 0.881
216 216 (0) 6 : 0.032 0.968
217 217 (5) 6 : 0.053 0.947
218 218 (0) 6 : 0.187 0.813
219 219 (0) 2 : 0.956 0.044
220 220 (0) 2 : 0.987 0.013
221 221 (0) 2 : 0.964 0.036
222 222 (0) 2 : 0.933 0.067
223 223 (0) 2 : 0.970 0.030
224 224 (0) 2 : 0.988 0.012
225 225 (0) 2 : 0.842 0.158
226 226 (0) 2 : 0.993 0.007
227 227 (0) 2 : 0.897 0.103
1 1 (0) 1 : 0.018 0.982
2 2 (1) 1 : 0.314 0.686
3 3 (0) 1 : 0.108 0.892
4 4 (0) 2 : 0.885 0.115
5 5 (0) 2 : 0.036 0.964
6 6 (0) 2 : 0.900 0.100
7 7 (0) 2 : 0.961 0.039
8 8 (0) 2 : 0.985 0.015
9 9 (0) 2 : 0.908 0.092
10 10 (0) 2 : 0.979 0.021
11 11 (0) 2 : 0.973 0.027
12 12 (0) 2 : 0.923 0.077
13 13 (0) 2 : 0.974 0.026
14 14 (0) 2 : 0.941 0.059
15 15 (0) 2 : 0.790 0.210
16 16 (0) 2 : 0.976 0.024
17 17 (0) 2 : 0.923 0.077
18 18 (0) 2 : 0.961 0.039
19 19 (0) 2 : 0.962 0.038
20 20 (0) 2 : 0.843 0.157
21 21 (9) 2 : 0.917 0.083
22 22 (0) 2 : 0.468 0.532
23 23 (0) 2 : 0.954 0.046
24 24 (0) 2 : 0.980 0.020
25 25 (0) 2 : 0.806 0.194
26 26 (0) 2 : 0.958 0.042
27 27 (0) 2 : 0.952 0.048
28 28 (0) 2 : 0.982 0.018
29 29 (0) 2 : 0.959 0.041
30 30 (0) 2 : 0.436 0.564
31 31 (0) 2 : 0.980 0.020
32 32 (0) 2 : 0.972 0.028
33 33 (0) 2 : 0.965 0.035
34 34 (0) 2 : 0.879 0.121
35 35 (0) 2 : 0.965 0.035
36 36 (5) 2 : 0.976 0.024
37 37 (0) 2 : 0.977 0.023
38 38 (0) 2 : 0.926 0.074
39 39 (0) 2 : 0.970 0.030
40 40 (0) 2 : 0.975 0.025
41 41 (0) 2 : 0.625 0.375
42 42 (0) 2 : 0.965 0.035
43 43 (0) 2 : 0.918 0.082
44 44 (0) 2 : 0.943 0.057
45 45 (0) 2 : 0.892 0.108
46 46 (0) 2 : 0.981 0.019
47 47 (4) 2 : 0.412 0.588
48 48 (0) 2 : 0.843 0.157
49 49 (1) 2 : 0.371 0.629
50 50 (0) 2 : 0.946 0.054
51 51 (0) 2 : 0.976 0.024
52 52 (0) 2 : 0.972 0.028
53 53 (0) 2 : 0.802 0.198
54 54 (0) 2 : 0.984 0.016
55 55 (0) 2 : 0.960 0.040
56 56 (0) 2 : 0.956 0.044
57 57 (0) 2 : 0.671 0.329
58 58 (0) 2 : 0.968 0.032
59 59 (0) 2 : 0.962 0.038
60 60 (0) 2 : 0.974 0.026
61 61 (0) 2 : 0.910 0.090
62 62 (1) 2 : 0.979 0.021
63 63 (0) 3 : 0.143 0.857
64 64 (0) 3 : 0.016 0.984
65 65 (0) 3 : 0.025 0.975
66 66 (0) 3 : 0.122 0.878
67 67 (0) 3 : 0.087 0.913
68 68 (0) 3 : 0.035 0.965
69 69 (0) 3 : 0.036 0.964
70 70 (0) 3 : 0.104 0.896
71 71 (0) 3 : 0.139 0.861
72 72 (8) 3 : 0.025 0.975
73 73 (0) 3 : 0.096 0.904
74 74 (0) 3 : 0.627 0.373
75 75 (0) 3 : 0.303 0.697
76 76 (0) 3 : 0.044 0.956
77 77 (0) 3 : 0.215 0.785
78 78 (0) 3 : 0.067 0.933
79 79 (0) 3 : 0.027 0.973
80 80 (0) 3 : 0.178 0.822
81 81 (0) 3 : 0.138 0.862
82 82 (0) 3 : 0.035 0.965
83 83 (0) 3 : 0.119 0.881
84 84 (0) 3 : 0.069 0.931
85 85 (0) 3 : 0.271 0.729
86 86 (0) 3 : 0.193 0.807
87 87 (0) 3 : 0.087 0.913
88 88 (0) 3 : 0.040 0.960
89 89 (0) 3 : 0.017 0.983
90 90 (0) 3 : 0.579 0.421
91 91 (0) 3 : 0.169 0.831
92 92 (0) 3 : 0.034 0.966
93 93 (0) 3 : 0.064 0.936
94 94 (0) 3 : 0.082 0.918
95 95 (0) 3 : 0.086 0.914
96 96 (0) 3 : 0.124 0.876
97 97 (0) 3 : 0.066 0.934
98 98 (0) 3 : 0.077 0.923
99 99 (0) 3 : 0.107 0.893
100 100 (0) 3 : 0.021 0.979
101 101 (0) 3 : 0.766 0.234
102 102 (0) 3 : 0.067 0.933
103 103 (0) 3 : 0.099 0.901
104 104 (0) 3 : 0.368 0.632
105 105 (0) 3 : 0.094 0.906
106 106 (0) 3 : 0.061 0.939
107 107 (0) 3 : 0.168 0.832
108 108 (0) 3 : 0.055 0.945
109 109 (0) 3 : 0.089 0.911
110 110 (0) 3 : 0.046 0.954
111 111 (0) 3 : 0.072 0.928
112 112 (7) 4 : 0.082 0.918
113 113 (12) 4 : 0.046 0.954
114 114 (12) 4 : 0.081 0.919
115 115 (3) 4 : 0.070 0.930
116 116 (12) 4 : 0.181 0.819
117 117 (13) 4 : 0.056 0.944
118 118 (0) 4 : 0.691 0.309
119 119 (3) 4 : 0.137 0.863
120 120 (0) 4 : 0.066 0.934
121 121 (0) 4 : 0.031 0.969
122 122 (9) 4 : 0.018 0.982
123 123 (9) 4 : 0.031 0.969
124 124 (12) 4 : 0.064 0.936
125 125 (0) 5 : 0.936 0.064
126 126 (0) 5 : 0.053 0.947
127 127 (0) 5 : 0.936 0.064
128 128 (0) 6 : 0.042 0.958
129 129 (0) 6 : 0.015 0.985
130 130 (9) 6 : 0.022 0.978
131 131 (0) 6 : 0.021 0.979
132 132 (0) 6 : 0.037 0.963
133 133 (0) 6 : 0.047 0.953
134 134 (0) 6 : 0.054 0.946
135 135 (0) 6 : 0.071 0.929
136 136 (11) 6 : 0.157 0.843
137 137 (0) 6 : 0.107 0.893
138 138 (0) 6 : 0.404 0.596
139 139 (0) 6 : 0.178 0.822
140 140 (4) 6 : 0.060 0.940
141 141 (0) 6 : 0.081 0.919
142 142 (0) 6 : 0.197 0.803
143 143 (0) 6 : 0.027 0.973
144 144 (0) 6 : 0.170 0.830
145 145 (4) 6 : 0.022 0.978
146 146 (5) 6 : 0.037 0.963
147 147 (0) 6 : 0.028 0.972
148 148 (5) 6 : 0.041 0.959
149 149 (0) 6 : 0.039 0.961
150 150 (0) 6 : 0.094 0.906
151 151 (10) 6 : 0.056 0.944
152 152 (0) 6 : 0.040 0.960
153 153 (0) 6 : 0.026 0.974
154 154 (0) 6 : 0.077 0.923
155 155 (5) 6 : 0.113 0.887
156 156 (0) 6 : 0.384 0.616
157 157 (0) 6 : 0.095 0.905
158 158 (0) 6 : 0.156 0.844
159 159 (10) 6 : 0.085 0.915
160 160 (0) 6 : 0.089 0.911
161 161 (0) 6 : 0.016 0.984
162 162 (0) 6 : 0.040 0.960
163 163 (0) 6 : 0.053 0.947
164 164 (0) 6 : 0.035 0.965
165 165 (0) 6 : 0.041 0.959
166 166 (0) 6 : 0.083 0.917
167 167 (0) 6 : 0.036 0.964
168 168 (0) 6 : 0.108 0.892
169 169 (0) 6 : 0.111 0.889
170 170 (2) 6 : 0.047 0.953
171 171 (0) 6 : 0.200 0.800
172 172 (0) 6 : 0.043 0.957
173 173 (0) 6 : 0.072 0.928
174 174 (0) 6 : 0.098 0.902
175 175 (7) 6 : 0.038 0.962
176 176 (0) 6 : 0.067 0.933
177 177 (10) 6 : 0.231 0.769
178 178 (0) 6 : 0.861 0.139
179 179 (8) 6 : 0.051 0.949
180 180 (0) 6 : 0.026 0.974
181 181 (7) 6 : 0.059 0.941
182 182 (0) 6 : 0.019 0.981
183 183 (0) 6 : 0.057 0.943
184 184 (0) 6 : 0.126 0.874
185 185 (0) 6 : 0.033 0.967
186 186 (2) 6 : 0.067 0.933
187 187 (0) 6 : 0.244 0.756
188 188 (0) 6 : 0.249 0.751
189 189 (3) 6 : 0.100 0.900
190 190 (0) 6 : 0.070 0.930
191 191 (0) 6 : 0.020 0.980
192 192 (0) 6 : 0.694 0.306
193 193 (0) 6 : 0.045 0.955
194 194 (0) 6 : 0.165 0.835
195 195 (0) 6 : 0.134 0.866
196 196 (13) 6 : 0.082 0.918
197 197 (0) 6 : 0.066 0.934
198 198 (12) 6 : 0.198 0.802
199 199 (0) 6 : 0.104 0.896
200 200 (0) 6 : 0.020 0.980
201 201 (8) 6 : 0.031 0.969
202 202 (0) 6 : 0.097 0.903
203 203 (0) 6 : 0.040 0.960
204 204 (0) 6 : 0.142 0.858
205 205 (0) 6 : 0.074 0.926
206 206 (0) 6 : 0.089 0.911
207 207 (14) 6 : 0.043 0.957
208 208 (0) 6 : 0.308 0.692
209 209 (0) 6 : 0.037 0.963
210 210 (0) 6 : 0.027 0.973
211 211 (14) 6 : 0.042 0.958
212 212 (0) 6 : 0.218 0.782
213 213 (7) 6 : 0.105 0.895
214 214 (0) 6 : 0.048 0.952
215 215 (0) 6 : 0.145 0.855
216 216 (0) 6 : 0.040 0.960
217 217 (5) 6 : 0.060 0.940
218 218 (0) 6 : 0.192 0.808
219 219 (0) 2 : 0.939 0.061
220 220 (0) 2 : 0.982 0.018
221 221 (0) 2 : 0.954 0.046
222 222 (0) 2 : 0.917 0.083
223 223 (0) 2 : 0.954 0.046
224 224 (0) 2 : 0.982 0.018
225 225 (0) 2 : 0.835 0.165
226 226 (0) 2 : 0.989 0.011
227 227 (0) 2 : 0.891 0.109
1 1 (0) 1 : 0.983 0.017
2 2 (1) 1 : 0.735 0.265
3 3 (0) 1 : 0.905 0.095
4 4 (0) 2 : 0.108 0.892
5 5 (0) 2 : 0.966 0.034
6 6 (0) 2 : 0.090 0.910
7 7 (0) 2 : 0.029 0.971
8 8 (0) 2 : 0.013 0.987
9 9 (0) 2 : 0.075 0.925
10 10 (0) 2 : 0.018 0.982
11 11 (0) 2 : 0.023 0.977
12 12 (0) 2 : 0.070 0.930
13 13 (0) 2 : 0.034 0.966
14 14 (0) 2 : 0.048 0.952
15 15 (0) 2 : 0.203 0.797
16 16 (0) 2 : 0.018 0.982
17 17 (0) 2 : 0.079 0.921
18 18 (0) 2 : 0.033 0.967
19 19 (0) 2 : 0.040 0.960
20 20 (0) 2 : 0.134 0.866
21 21 (9) 2 : 0.080 0.920
22 22 (0) 2 : 0.588 0.412
23 23 (0) 2 : 0.033 0.967
24 24 (0) 2 : 0.018 0.982
25 25 (0) 2 : 0.187 0.813
26 26 (0) 2 : 0.032 0.968
27 27 (0) 2 : 0.040 0.960
28 28 (0) 2 : 0.015 0.985
29 29 (0) 2 : 0.039 0.961
30 30 (0) 2 : 0.511 0.489
31 31 (0) 2 : 0.019 0.981
32 32 (0) 2 : 0.025 0.975
33 33 (0) 2 : 0.035 0.965
34 34 (0) 2 : 0.100 0.900
35 35 (0) 2 : 0.031 0.969
36 36 (5) 2 : 0.020 0.980
37 37 (0) 2 : 0.019 0.981
38 38 (0) 2 : 0.065 0.935
39 39 (0) 2 : 0.020 0.980
40 40 (0) 2 : 0.022 0.978
41 41 (0) 2 : 0.401 0.599
42 42 (0) 2 : 0.034 0.966
43 43 (0) 2 : 0.067 0.933
44 44 (0) 2 : 0.054 0.946
45 45 (0) 2 : 0.115 0.885
46 46 (0) 2 : 0.017 0.983
47 47 (4) 2 : 0.574 0.426
48 48 (0) 2 : 0.164 0.836
49 49 (1) 2 : 0.646 0.354
50 50 (0) 2 : 0.049 0.951
51 51 (0) 2 : 0.021 0.979
52 52 (0) 2 : 0.025 0.975
53 53 (0) 2 : 0.219 0.781
54 54 (0) 2 : 0.016 0.984
55 55 (0) 2 : 0.029 0.971
56 56 (0) 2 : 0.037 0.963
57 57 (0) 2 : 0.373 0.627
58 58 (0) 2 : 0.030 0.970
59 59 (0) 2 : 0.040 0.960
60 60 (0) 2 : 0.026 0.974
61 61 (0) 2 : 0.072 0.928
62 62 (1) 2 : 0.019 0.981
63 63 (0) 3 : 0.891 0.109
64 64 (0) 3 : 0.985 0.015
65 65 (0) 3 : 0.978 0.022
66 66 (0) 3 : 0.890 0.110
67 67 (0) 3 : 0.921 0.079
68 68 (0) 3 : 0.964 0.036
69 69 (0) 3 : 0.970 0.030
70 70 (0) 3 : 0.903 0.097
71 71 (0) 3 : 0.855 0.145
72 72 (8) 3 : 0.979 0.021
73 73 (0) 3 : 0.917 0.083
74 74 (0) 3 : 0.339 0.661
75 75 (0) 3 : 0.720 0.280
76 76 (0) 3 : 0.961 0.039
77 77 (0) 3 : 0.805 0.195
78 78 (0) 3 : 0.937 0.063
79 79 (0) 3 : 0.975 0.025
80 80 (0) 3 : 0.848 0.152
81 81 (0) 3 : 0.878 0.122
82 82 (0) 3 : 0.970 0.030
83 83 (0) 3 : 0.893 0.107
84 84 (0) 3 : 0.942 0.058
85 85 (0) 3 : 0.731 0.269
86 86 (0) 3 : 0.834 0.166
87 87 (0) 3 : 0.923 0.077
88 88 (0) 3 : 0.967 0.033
89 89 (0) 3 : 0.987 0.013
90 90 (0) 3 : 0.439 0.561
91 91 (0) 3 : 0.853 0.147
92 92 (0) 3 : 0.970 0.030
93 93 (0) 3 : 0.948 0.052
94 94 (0) 3 : 0.935 0.065
95 95 (0) 3 : 0.924 0.076
96 96 (0) 3 : 0.903 0.097
97 97 (0) 3 : 0.928 0.072
98 98 (0) 3 : 0.927 0.073
99 99 (0) 3 : 0.905 0.095
100 100 (0) 3 : 0.984 0.016
101 101 (0) 3 : 0.211 0.789
102 102 (0) 3 : 0.947 0.053
103 103 (0) 3 : 0.922 0.078
104 104 (0) 3 : 0.644 0.356
105 105 (0) 3 : 0.920 0.080
106 106 (0) 3 : 0.954 0.046
107 107 (0) 3 : 0.855 0.145
108 108 (0) 3 : 0.956 0.044
109 109 (0) 3 : 0.937 0.063
110 110 (0) 3 : 0.960 0.040
111 111 (0) 3 : 0.936 0.064
112 112 (7) 4 : 0.941 0.059
113 113 (12) 4 : 0.962 0.038
114 114 (12) 4 : 0.941 0.059
115 115 (3) 4 : 0.949 0.051
116 116 (12) 4 : 0.844 0.156
117 117 (13) 4 : 0.948 0.052
118 118 (0) 4 : 0.339 0.661
119 119 (3) 4 : 0.853 0.147
120 120 (0) 4 : 0.944 0.056
121 121 (0) 4 : 0.975 0.025
122 122 (9) 4 : 0.986 0.014
123 123 (9) 4 : 0.976 0.024
124 124 (12) 4 : 0.950 0.050
125 125 (0) 5 : 0.055 0.945
126 126 (0) 5 : 0.953 0.047
127 127 (0) 5 : 0.052 0.948
128 128 (0) 6 : 0.964 0.036
129 129 (0) 6 : 0.988 0.012
130 130 (9) 6 : 0.984 0.016
131 131 (0) 6 : 0.983 0.017
132 132 (0) 6 : 0.968 0.032
133 133 (0) 6 : 0.956 0.044
134 134 (0) 6 : 0.951 0.049
135 135 (0) 6 : 0.935 0.065
136 136 (11) 6 : 0.856 0.144
137 137 (0) 6 : 0.897 0.103
138 138 (0) 6 : 0.608 0.392
139 139 (0) 6 : 0.828 0.172
140 140 (4) 6 : 0.948 0.052
141 141 (0) 6 : 0.930 0.070
142 142 (0) 6 : 0.853 0.147
143 143 (0) 6 : 0.979 0.021
144 144 (0) 6 : 0.842 0.158
145 145 (4) 6 : 0.981 0.019
146 146 (5) 6 : 0.969 0.031
147 147 (0) 6 : 0.975 0.025
148 148 (5) 6 : 0.962 0.038
149 149 (0) 6 : 0.963 0.037
150 150 (0) 6 : 0.907 0.093
151 151 (10) 6 : 0.949 0.051
152 152 (0) 6 : 0.967 0.033
153 153 (0) 6 : 0.978 0.022
154 154 (0) 6 : 0.934 0.066
155 155 (5) 6 : 0.901 0.099
156 156 (0) 6 : 0.672 0.328
157 157 (0) 6 : 0.914 0.086
158 158 (0) 6 : 0.878 0.122
159 159 (10) 6 : 0.926 0.074
160 160 (0) 6 : 0.927 0.073
161 161 (0) 6 : 0.988 0.012
162 162 (0) 6 : 0.963 0.037
163 163 (0) 6 : 0.951 0.049
164 164 (0) 6 : 0.967 0.033
165 165 (0) 6 : 0.968 0.032
166 166 (0) 6 : 0.923 0.077
167 167 (0) 6 : 0.970 0.030
168 168 (0) 6 : 0.909 0.091
169 169 (0) 6 : 0.912 0.088
170 170 (2) 6 : 0.957 0.043
171 171 (0) 6 : 0.812 0.188
172 172 (0) 6 : 0.963 0.037
173 173 (0) 6 : 0.933 0.067
174 174 (0) 6 : 0.906 0.094
175 175 (7) 6 : 0.969 0.031
176 176 (0) 6 : 0.949 0.051
177 177 (10) 6 : 0.796 0.204
178 178 (0) 6 : 0.154 0.846
179 179 (8) 6 : 0.957 0.043
180 180 (0) 6 : 0.978 0.022
181 181 (7) 6 : 0.948 0.052
182 182 (0) 6 : 0.984 0.016
183 183 (0) 6 : 0.942 0.058
184 184 (0) 6 : 0.874 0.126
185 185 (0) 6 : 0.974 0.026
186 186 (2) 6 : 0.942 0.058
187 187 (0) 6 : 0.779 0.221
188 188 (0) 6 : 0.744 0.256
189 189 (3) 6 : 0.913 0.087
190 190 (0) 6 : 0.938 0.062
191 191 (0) 6 : 0.978 0.022
192 192 (0) 6 : 0.298 0.702
193 193 (0) 6 : 0.960 0.040
194 194 (0) 6 : 0.842 0.158
195 195 (0) 6 : 0.884 0.116
196 196 (13) 6 : 0.921 0.079
197 197 (0) 6 : 0.949 0.051
198 198 (12) 6 : 0.821 0.179
199 199 (0) 6 : 0.883 0.117
200 200 (0) 6 : 0.982 0.018
201 201 (8) 6 : 0.970 0.030
202 202 (0) 6 : 0.911 0.089
203 203 (0) 6 : 0.965 0.035
204 204 (0) 6 : 0.837 0.163
205 205 (0) 6 : 0.940 0.060
206 206 (0) 6 : 0.929 0.071
207 207 (14) 6 : 0.963 0.037
208 208 (0) 6 : 0.751 0.249
209 209 (0) 6 : 0.968 0.032
210 210 (0) 6 : 0.975 0.025
211 211 (14) 6 : 0.965 0.035
212 212 (0) 6 : 0.771 0.229
213 213 (7) 6 : 0.898 0.102
214 214 (0) 6 : 0.964 0.036
215 215 (0) 6 : 0.865 0.135
216 216 (0) 6 : 0.965 0.035
217 217 (5) 6 : 0.938 0.062
218 218 (0) 6 : 0.779 0.221
219 219 (0) 2 : 0.053 0.947
220 220 (0) 2 : 0.015 0.985
221 221 (0) 2 : 0.043 0.957
222 222 (0) 2 : 0.076 0.924
223 223 (0) 2 : 0.033 0.967
224 224 (0) 2 : 0.013 0.987
225 225 (0) 2 : 0.167 0.833
226 226 (0) 2 : 0.009 0.991
227 227 (0) 2 : 0.095 0.905
1 1 (0) 1 : 0.983 0.017
2 2 (1) 1 : 0.705 0.295
3 3 (0) 1 : 0.907 0.093
4 4 (0) 2 : 0.092 0.908
5 5 (0) 2 : 0.969 0.031
6 6 (0) 2 : 0.087 0.913
7 7 (0) 2 : 0.027 0.973
8 8 (0) 2 : 0.011 0.989
9 9 (0) 2 : 0.078 0.922
10 10 (0) 2 : 0.017 0.983
11 11 (0) 2 : 0.022 0.978
12 12 (0) 2 : 0.068 0.932
13 13 (0) 2 : 0.030 0.970
14 14 (0) 2 : 0.045 0.955
15 15 (0) 2 : 0.177 0.823
16 16 (0) 2 : 0.019 0.981
17 17 (0) 2 : 0.076 0.924
18 18 (0) 2 : 0.028 0.972
19 19 (0) 2 : 0.036 0.964
20 20 (0) 2 : 0.143 0.857
21 21 (9) 2 : 0.073 0.927
22 22 (0) 2 : 0.498 0.502
23 23 (0) 2 : 0.033 0.967
24 24 (0) 2 : 0.020 0.980
25 25 (0) 2 : 0.152 0.848
26 26 (0) 2 : 0.026 0.974
27 27 (0) 2 : 0.038 0.962
28 28 (0) 2 : 0.013 0.987
29 29 (0) 2 : 0.041 0.959
30 30 (0) 2 : 0.572 0.428
31 31 (0) 2 : 0.017 0.983
32 32 (0) 2 : 0.025 0.975
33 33 (0) 2 : 0.033 0.967
34 34 (0) 2 : 0.117 0.883
35 35 (0) 2 : 0.029 0.971
36 36 (5) 2 : 0.022 0.978
37 37 (0) 2 : 0.017 0.983
38 38 (0) 2 : 0.059 0.941
39 39 (0) 2 : 0.020 0.980
40 40 (0) 2 : 0.021 0.979
41 41 (0) 2 : 0.349 0.651
42 42 (0) 2 : 0.027 0.973
43 43 (0) 2 : 0.074 0.926
44 44 (0) 2 : 0.055 0.945
45 45 (0) 2 : 0.086 0.914
46 46 (0) 2 : 0.018 0.982
47 47 (4) 2 : 0.587 0.413
48 48 (0) 2 : 0.125 0.875
49 49 (1) 2 : 0.669 0.331
50 50 (0) 2 : 0.045 0.955
51 51 (0) 2 : 0.018 0.982
52 52 (0) 2 : 0.024 0.976
53 53 (0) 2 : 0.185 0.815
54 54 (0) 2 : 0.012 0.988
55 55 (0) 2 : 0.030 0.970
56 56 (0) 2 : 0.033 0.967
57 57 (0) 2 : 0.333 0.667
58 58 (0) 2 : 0.028 0.972
59 59 (0) 2 : 0.033 0.967
60 60 (0) 2 : 0.021 0.979
61 61 (0) 2 : 0.069 0.931
62 62 (1) 2 : 0.015 0.985
63 63 (0) 3 : 0.860 0.140
64 64 (0) 3 : 0.987 0.013
65 65 (0) 3 : 0.981 0.019
66 66 (0) 3 : 0.850 0.150
67 67 (0) 3 : 0.924 0.076
68 68 (0) 3 : 0.970 0.030
69 69 (0) 3 : 0.976 0.024
70 70 (0) 3 : 0.922 0.078
71 71 (0) 3 : 0.868 0.132
72 72 (8) 3 : 0.978 0.022
73 73 (0) 3 : 0.911 0.089
74 74 (0) 3 : 0.351 0.649
75 75 (0) 3 : 0.728 0.272
76 76 (0) 3 : 0.966 0.034
77 77 (0) 3 : 0.810 0.190
78 78 (0) 3 : 0.946 0.054
79 79 (0) 3 : 0.980 0.020
80 80 (0) 3 : 0.844 0.156
81 81 (0) 3 : 0.885 0.115
82 82 (0) 3 : 0.974 0.026
83 83 (0) 3 : 0.896 0.104
84 84 (0) 3 : 0.931 0.069
85 85 (0) 3 : 0.754 0.246
86 86 (0) 3 : 0.845 0.155
87 87 (0) 3 : 0.932 0.068
88 88 (0) 3 : 0.968 0.032
89 89 (0) 3 : 0.987 0.013
90 90 (0) 3 : 0.421 0.579
91 91 (0) 3 : 0.844 0.156
92 92 (0) 3 : 0.974 0.026
93 93 (0) 3 : 0.944 0.056
94 94 (0) 3 : 0.935 0.065
95 95 (0) 3 : 0.934 0.066
96 96 (0) 3 : 0.880 0.120
97 97 (0) 3 : 0.945 0.055
98 98 (0) 3 : 0.927 0.073
99 99 (0) 3 : 0.900 0.100
100 100 (0) 3 : 0.986 0.014
101 101 (0) 3 : 0.223 0.777
102 102 (0) 3 : 0.950 0.050
103 103 (0) 3 : 0.912 0.088
104 104 (0) 3 : 0.662 0.338
105 105 (0) 3 : 0.924 0.076
106 106 (0) 3 : 0.955 0.045
107 107 (0) 3 : 0.859 0.141
108 108 (0) 3 : 0.958 0.042
109 109 (0) 3 : 0.937 0.063
110 110 (0) 3 : 0.963 0.037
111 111 (0) 3 : 0.933 0.067
112 112 (7) 4 : 0.935 0.065
113 113 (12) 4 : 0.966 0.034
114 114 (12) 4 : 0.943 0.057
115 115 (3) 4 : 0.952 0.048
116 116 (12) 4 : 0.853 0.147
117 117 (13) 4 : 0.951 0.049
118 118 (0) 4 : 0.320 0.680
119 119 (3) 4 : 0.858 0.142
120 120 (0) 4 : 0.949 0.051
121 121 (0) 4 : 0.977 0.023
122 122 (9) 4 : 0.986 0.014
123 123 (9) 4 : 0.978 0.022
124 124 (12) 4 : 0.953 0.047
125 125 (0) 5 : 0.056 0.944
126 126 (0) 5 : 0.949 0.051
127 127 (0) 5 : 0.053 0.947
128 128 (0) 6 : 0.966 0.034
129 129 (0) 6 : 0.988 0.012
130 130 (9) 6 : 0.983 0.017
131 131 (0) 6 : 0.983 0.017
132 132 (0) 6 : 0.969 0.031
133 133 (0) 6 : 0.963 0.037
134 134 (0) 6 : 0.952 0.048
135 135 (0) 6 : 0.944 0.056
136 136 (11) 6 : 0.861 0.139
137 137 (0) 6 : 0.899 0.101
138 138 (0) 6 : 0.590 0.410
139 139 (0) 6 : 0.822 0.178
140 140 (4) 6 : 0.951 0.049
141 141 (0) 6 : 0.921 0.079
142 142 (0) 6 : 0.824 0.176
143 143 (0) 6 : 0.980 0.020
144 144 (0) 6 : 0.845 0.155
145 145 (4) 6 : 0.984 0.016
146 146 (5) 6 : 0.968 0.032
147 147 (0) 6 : 0.984 0.016
148 148 (5) 6 : 0.964 0.036
149 149 (0) 6 : 0.970 0.030
150 150 (0) 6 : 0.913 0.087
151 151 (10) 6 : 0.952 0.048
152 152 (0) 6 : 0.969 0.031
153 153 (0) 6 : 0.981 0.019
154 154 (0) 6 : 0.943 0.057
155 155 (5) 6 : 0.901 0.099
156 156 (0) 6 : 0.590 0.410
157 157 (0) 6 : 0.922 0.078
158 158 (0) 6 : 0.871 0.129
159 159 (10) 6 : 0.930 0.070
160 160 (0) 6 : 0.924 0.076
161 161 (0) 6 : 0.987 0.013
162 162 (0) 6 : 0.964 0.036
163 163 (0) 6 : 0.958 0.042
164 164 (0) 6 : 0.975 0.025
165 165 (0) 6 : 0.973 0.027
166 166 (0) 6 : 0.931 0.069
167 167 (0) 6 : 0.972 0.028
168 168 (0) 6 : 0.908 0.092
169 169 (0) 6 : 0.909 0.091
170 170 (2) 6 : 0.961 0.039
171 171 (0) 6 : 0.819 0.181
172 172 (0) 6 : 0.969 0.031
173 173 (0) 6 : 0.940 0.060
174 174 (0) 6 : 0.906 0.094
175 175 (7) 6 : 0.972 0.028
176 176 (0) 6 : 0.946 0.054
177 177 (10) 6 : 0.789 0.211
178 178 (0) 6 : 0.123 0.877
179 179 (8) 6 : 0.963 0.037
180 180 (0) 6 : 0.979 0.021
181 181 (7) 6 : 0.955 0.045
182 182 (0) 6 : 0.985 0.015
183 183 (0) 6 : 0.955 0.045
184 184 (0) 6 : 0.894 0.106
185 185 (0) 6 : 0.973 0.027
186 186 (2) 6 : 0.950 0.050
187 187 (0) 6 : 0.783 0.217
188 188 (0) 6 : 0.783 0.217
189 189 (3) 6 : 0.926 0.074
190 190 (0) 6 : 0.937 0.063
191 191 (0) 6 : 0.983 0.017
192 192 (0) 6 : 0.287 0.713
193 193 (0) 6 : 0.962 0.038
194 194 (0) 6 : 0.852 0.148
195 195 (0) 6 : 0.878 0.122
196 196 (13) 6 : 0.915 0.085
197 197 (0) 6 : 0.954 0.046
198 198 (12) 6 : 0.822 0.178
199 199 (0) 6 : 0.898 0.102
200 200 (0) 6 : 0.984 0.016
201 201 (8) 6 : 0.973 0.027
202 202 (0) 6 : 0.905 0.095
203 203 (0) 6 : 0.967 0.033
204 204 (0) 6 : 0.865 0.135
205 205 (0) 6 : 0.932 0.068
206 206 (0) 6 : 0.917 0.083
207 207 (14) 6 : 0.963 0.037
208 208 (0) 6 : 0.719 0.281
209 209 (0) 6 : 0.973 0.027
210 210 (0) 6 : 0.981 0.019
211 211 (14) 6 : 0.970 0.030
212 212 (0) 6 : 0.817 0.183
213 213 (7) 6 : 0.905 0.095
214 214 (0) 6 : 0.954 0.046
215 215 (0) 6 : 0.887 0.113
216 216 (0) 6 : 0.970 0.030
217 217 (5) 6 : 0.945 0.055
218 218 (0) 6 : 0.813 0.187
219 219 (0) 2 : 0.049 0.951
220 220 (0) 2 : 0.013 0.987
221 221 (0) 2 : 0.041 0.959
222 222 (0) 2 : 0.074 0.926
223 223 (0) 2 : 0.032 0.968
224 224 (0) 2 : 0.013 0.987
225 225 (0) 2 : 0.163 0.837
226 226 (0) 2 : 0.008 0.992
227 227 (0) 2 : 0.097 0.903
1 1 (0) 1 : 0.024 0.976
2 2 (1) 1 : 0.298 0.702
3 3 (0) 1 : 0.115 0.885
4 4 (0) 2 : 0.896 0.104
5 5 (0) 2 : 0.038 0.962
6 6 (0) 2 : 0.909 0.091
7 7 (0) 2 : 0.966 0.034
8 8 (0) 2 : 0.985 0.015
9 9 (0) 2 : 0.911 0.089
10 10 (0) 2 : 0.981 0.019
11 11 (0) 2 : 0.973 0.027
12 12 (0) 2 : 0.925 0.075
13 13 (0) 2 : 0.967 0.033
14 14 (0) 2 : 0.949 0.051
15 15 (0) 2 : 0.815 0.185
16 16 (0) 2 : 0.976 0.024
17 17 (0) 2 : 0.923 0.077
18 18 (0) 2 : 0.961 0.039
19 19 (0) 2 : 0.959 0.041
20 20 (0) 2 : 0.834 0.166
21 21 (9) 2 : 0.925 0.075
22 22 (0) 2 : 0.476 0.524
23 23 (0) 2 : 0.959 0.041
24 24 (0) 2 : 0.979 0.021
25 25 (0) 2 : 0.841 0.159
26 26 (0) 2 : 0.966 0.034
27 27 (0) 2 : 0.954 0.046
28 28 (0) 2 : 0.980 0.020
29 29 (0) 2 : 0.953 0.047
30 30 (0) 2 : 0.459 0.541
31 31 (0) 2 : 0.976 0.024
32 32 (0) 2 : 0.972 0.028
33 33 (0) 2 : 0.958 0.042
34 34 (0) 2 : 0.879 0.121
35 35 (0) 2 : 0.966 0.034
36 36 (5) 2 : 0.975 0.025
37 37 (0) 2 : 0.981 0.019
38 38 (0) 2 : 0.925 0.075
39 39 (0) 2 : 0.978 0.022
40 40 (0) 2 : 0.974 0.026
41 41 (0) 2 : 0.622 0.378
42 42 (0) 2 : 0.962 0.038
43 43 (0) 2 : 0.922 0.078
44 44 (0) 2 : 0.926 0.074
45 45 (0) 2 : 0.893 0.107
46 46 (0) 2 : 0.980 0.020
47 47 (4) 2 : 0.442 0.558
48 48 (0) 2 : 0.845 0.155
49 49 (1) 2 : 0.373 0.627
50 50 (0) 2 : 0.943 0.057
51 51 (0) 2 : 0.977 0.023
52 52 (0) 2 : 0.973 0.027
53 53 (0) 2 : 0.784 0.216
54 54 (0) 2 : 0.986 0.014
55 55 (0) 2 : 0.963 0.037
56 56 (0) 2 : 0.958 0.042
57 57 (0) 2 : 0.660 0.340
58 58 (0) 2 : 0.970 0.030
59 59 (0) 2 : 0.956 0.044
60 60 (0) 2 : 0.976 0.024
61 61 (0) 2 : 0.924 0.076
62 62 (1) 2 : 0.983 0.017
63 63 (0) 3 : 0.134 0.866
64 64 (0) 3 : 0.017 0.983
65 65 (0) 3 : 0.023 0.977
66 66 (0) 3 : 0.156 0.844
67 67 (0) 3 : 0.081 0.919
68 68 (0) 3 : 0.032 0.968
69 69 (0) 3 : 0.034 0.966
70 70 (0) 3 : 0.090 0.910
71 71 (0) 3 : 0.156 0.844
72 72 (8) 3 : 0.021 0.979
73 73 (0) 3 : 0.100 0.900
74 74 (0) 3 : 0.663 0.337
75 75 (0) 3 : 0.293 0.707
76 76 (0) 3 : 0.043 0.957
77 77 (0) 3 : 0.217 0.783
78 78 (0) 3 : 0.064 0.936
79 79 (0) 3 : 0.028 0.972
80 80 (0) 3 : 0.157 0.843
81 81 (0) 3 : 0.130 0.870
82 82 (0) 3 : 0.028 0.972
83 83 (0) 3 : 0.109 0.891
84 84 (0) 3 : 0.077 0.923
85 85 (0) 3 : 0.272 0.728
86 86 (0) 3 : 0.170 0.830
87 87 (0) 3 : 0.077 0.923
88 88 (0) 3 : 0.036 0.964
89 89 (0) 3 : 0.017 0.983
90 90 (0) 3 : 0.608 0.392
91 91 (0) 3 : 0.183 0.817
92 92 (0) 3 : 0.030 0.970
93 93 (0) 3 : 0.069 0.931
94 94 (0) 3 : 0.071 0.929
95 95 (0) 3 : 0.084 0.916
96 96 (0) 3 : 0.136 0.864
97 97 (0) 3 : 0.063 0.937
98 98 (0) 3 : 0.081 0.919
99 99 (0) 3 : 0.114 0.886
100 100 (0) 3 : 0.021 0.979
101 101 (0) 3 : 0.764 0.236
102 102 (0) 3 : 0.067 0.933
103 103 (0) 3 : 0.111 0.889
104 104 (0) 3 : 0.365 0.635
105 105 (0) 3 : 0.085 0.915
106 106 (0) 3 : 0.051 0.949
107 107 (0) 3 : 0.150 0.850
108 108 (0) 3 : 0.054 0.946
109 109 (0) 3 : 0.085 0.915
110 110 (0) 3 : 0.047 0.953
111 111 (0) 3 : 0.069 0.931
112 112 (7) 4 : 0.084 0.916
113 113 (12) 4 : 0.044 0.956
114 114 (12) 4 : 0.070 0.930
115 115 (3) 4 : 0.055 0.945
116 116 (12) 4 : 0.178 0.822
117 117 (13) 4 : 0.054 0.946
118 118 (0) 4 : 0.682 0.318
119 119 (3) 4 : 0.137 0.863
120 120 (0) 4 : 0.066 0.934
121 121 (0) 4 : 0.024 0.976
122 122 (9) 4 : 0.015 0.985
123 123 (9) 4 : 0.032 0.968
124 124 (12) 4 : 0.063 0.937
125 125 (0) 5 : 0.940 0.060
126 126 (0) 5 : 0.053 0.947
127 127 (0) 5 : 0.943 0.057
128 128 (0) 6 : 0.040 0.960
129 129 (0) 6 : 0.014 0.986
130 130 (9) 6 : 0.021 0.979
131 131 (0) 6 : 0.023 0.977
132 132 (0) 6 : 0.031 0.969
133 133 (0) 6 : 0.050 0.950
134 134 (0) 6 : 0.058 0.942
135 135 (0) 6 : 0.077 0.923
136 136 (11) 6 : 0.155 0.845
137 137 (0) 6 : 0.108 0.892
138 138 (0) 6 : 0.401 0.599
139 139 (0) 6 : 0.177 0.823
140 140 (4) 6 : 0.061 0.939
141 141 (0) 6 : 0.092 0.908
142 142 (0) 6 : 0.197 0.803
143 143 (0) 6 : 0.024 0.976
144 144 (0) 6 : 0.169 0.831
145 145 (4) 6 : 0.020 0.980
146 146 (5) 6 : 0.039 0.961
147 147 (0) 6 : 0.029 0.971
148 148 (5) 6 : 0.043 0.957
149 149 (0) 6 : 0.038 0.962
150 150 (0) 6 : 0.089 0.911
151 151 (10) 6 : 0.064 0.936
152 152 (0) 6 : 0.036 0.964
153 153 (0) 6 : 0.026 0.974
154 154 (0) 6 : 0.068 0.932
155 155 (5) 6 : 0.123 0.877
156 156 (0) 6 : 0.358 0.642
157 157 (0) 6 : 0.093 0.907
158 158 (0) 6 : 0.149 0.851
159 159 (10) 6 : 0.085 0.915
160 160 (0) 6 : 0.091 0.909
161 161 (0) 6 : 0.015 0.985
162 162 (0) 6 : 0.037 0.963
163 163 (0) 6 : 0.055 0.945
164 164 (0) 6 : 0.033 0.967
165 165 (0) 6 : 0.036 0.964
166 166 (0) 6 : 0.089 0.911
167 167 (0) 6 : 0.037 0.963
168 168 (0) 6 : 0.094 0.906
169 169 (0) 6 : 0.099 0.901
170 170 (2) 6 : 0.045 0.955
171 171 (0) 6 : 0.195 0.805
172 172 (0) 6 : 0.038 0.962
173 173 (0) 6 : 0.068 0.932
174 174 (0) 6 : 0.099 0.901
175 175 (7) 6 : 0.036 0.964
176 176 (0) 6 : 0.058 0.942
177 177 (10) 6 : 0.225 0.775
178 178 (0) 6 : 0.866 0.134
179 179 (8) 6 : 0.047 0.953
180 180 (0) 6 : 0.025 0.975
181 181 (7) 6 : 0.054 0.946
182 182 (0) 6 : 0.018 0.982
183 183 (0) 6 : 0.068 0.932
184 184 (0) 6 : 0.126 0.874
185 185 (0) 6 : 0.033 0.967
186 186 (2) 6 : 0.064 0.936
187 187 (0) 6 : 0.245 0.755
188 188 (0) 6 : 0.252 0.748
189 189 (3) 6 : 0.083 0.917
190 190 (0) 6 : 0.073 0.927
191 191 (0) 6 : 0.023 0.977
192 192 (0) 6 : 0.701 0.299
193 193 (0) 6 : 0.050 0.950
194 194 (0) 6 : 0.152 0.848
195 195 (0) 6 : 0.148 0.852
196 196 (13) 6 : 0.091 0.909
197 197 (0) 6 : 0.055 0.945
198 198 (12) 6 : 0.195 0.805
199 199 (0) 6 : 0.119 0.881
200 200 (0) 6 : 0.020 0.980
201 201 (8) 6 : 0.038 0.962
202 202 (0) 6 : 0.098 0.902
203 203 (0) 6 : 0.042 0.958
204 204 (0) 6 : 0.154 0.846
205 205 (0) 6 : 0.075 0.925
206 206 (0) 6 : 0.080 0.920
207 207 (14) 6 : 0.041 0.959
208 208 (0) 6 : 0.291 0.709
209 209 (0) 6 : 0.041 0.959
210 210 (0) 6 : 0.028 0.972
211 211 (14) 6 : 0.037 0.963
212 212 (0) 6 : 0.205 0.795
213 213 (7) 6 : 0.108 0.892
214 214 (0) 6 : 0.050 0.950
215 215 (0) 6 : 0.122 0.878
216 216 (0) 6 : 0.033 0.967
217 217 (5) 6 : 0.066 0.934
218 218 (0) 6 : 0.227 0.773
219 219 (0) 2 : 0.938 0.062
220 220 (0) 2 : 0.984 0.016
221 221 (0) 2 : 0.958 0.042
222 222 (0) 2 : 0.928 0.072
223 223 (0) 2 : 0.960 0.040
224 224 (0) 2 : 0.984 0.016
225 225 (0) 2 : 0.824 0.176
226 226 (0) 2 : 0.991 0.009
227 227 (0) 2 : 0.888 0.112
