1 1 (0) 1 : 0.199 0.063 0.141 0.021 0.571 0.006
2 2 (1) 1 : 0.315 0.069 0.168 0.002 0.383 0.063
3 3 (0) 1 : 0.406 0.078 0.126 0.008 0.356 0.027
4 4 (0) 2 : 0.049 0.048 0.059 0.002 0.127 0.714
5 5 (0) 2 : 0.557 0.135 0.095 0.004 0.201 0.008
6 6 (0) 2 : 0.044 0.041 0.060 0.008 0.053 0.793
7 7 (0) 2 : 0.020 0.010 0.010 0.004 0.020 0.937
8 8 (0) 2 : 0.004 0.007 0.005 0.006 0.008 0.970
9 9 (0) 2 : 0.039 0.036 0.023 0.002 0.055 0.845
10 10 (0) 2 : 0.017 0.009 0.010 0.003 0.010 0.951
11 11 (0) 2 : 0.013 0.012 0.011 0.004 0.013 0.947
12 12 (0) 2 : 0.008 0.009 0.011 0.169 0.020 0.783
13 13 (0) 2 : 0.016 0.015 0.024 0.005 0.014 0.927
14 14 (0) 2 : 0.030 0.040 0.021 0.011 0.045 0.852
15 15 (0) 2 : 0.243 0.054 0.077 0.004 0.229 0.393
16 16 (0) 2 : 0.008 0.006 0.010 0.004 0.010 0.963
17 17 (0) 2 : 0.106 0.040 0.027 0.006 0.075 0.747
18 18 (0) 2 : 0.010 0.019 0.013 0.011 0.017 0.930
19 19 (0) 2 : 0.021 0.015 0.026 0.028 0.022 0.887
20 20 (0) 2 : 0.051 0.039 0.064 0.013 0.115 0.719
21 21 (9) 2 : 0.029 0.025 0.024 0.003 0.041 0.878
22 22 (0) 2 : 0.232 0.139 0.135 0.001 0.321 0.172
23 23 (0) 2 : 0.018 0.011 0.028 0.002 0.026 0.914
24 24 (0) 2 : 0.005 0.005 0.008 0.007 0.007 0.968
25 25 (0) 2 : 0.165 0.061 0.114 0.030 0.157 0.473
26 26 (0) 2 : 0.017 0.012 0.010 0.007 0.019 0.935
27 27 (0) 2 : 0.015 0.013 0.012 0.153 0.020 0.787
28 28 (0) 2 : 0.007 0.005 0.004 0.002 0.007 0.974
29 29 (0) 2 : 0.035 0.018 0.015 0.009 0.041 0.883
30 30 (0) 2 : 0.107 0.407 0.107 0.003 0.171 0.205
31 31 (0) 2 : 0.008 0.004 0.006 0.003 0.007 0.972
32 32 (0) 2 : 0.222 0.013 0.018 0.002 0.016 0.730
33 33 (0) 2 : 0.011 0.020 0.013 0.037 0.019 0.899
34 34 (0) 2 : 0.022 0.033 0.399 0.002 0.045 0.499
35 35 (0) 2 : 0.221 0.018 0.022 0.001 0.026 0.711
36 36 (5) 2 : 0.008 0.006 0.008 0.003 0.009 0.965
37 37 (0) 2 : 0.005 0.013 0.007 0.012 0.014 0.949
38 38 (0) 2 : 0.025 0.037 0.018 0.002 0.039 0.878
39 39 (0) 2 : 0.009 0.010 0.009 0.002 0.008 0.962
40 40 (0) 2 : 0.009 0.007 0.011 0.002 0.013 0.958
41 41 (0) 2 : 0.126 0.187 0.105 0.008 0.288 0.287
42 42 (0) 2 : 0.016 0.014 0.016 0.002 0.024 0.927
43 43 (0) 2 : 0.052 0.059 0.027 0.002 0.073 0.787
44 44 (0) 2 : 0.015 0.017 0.344 0.004 0.039 0.580
45 45 (0) 2 : 0.170 0.025 0.018 0.004 0.053 0.730
46 46 (0) 2 : 0.021 0.009 0.006 0.003 0.011 0.951
47 47 (4) 2 : 0.256 0.128 0.088 0.002 0.322 0.204
48 48 (0) 2 : 0.327 0.063 0.054 0.003 0.141 0.412
49 49 (1) 2 : 0.179 0.362 0.094 0.005 0.206 0.154
50 50 (0) 2 : 0.052 0.018 0.023 0.003 0.049 0.854
51 51 (0) 2 : 0.006 0.009 0.011 0.002 0.010 0.962
52 52 (0) 2 : 0.016 0.015 0.013 0.016 0.017 0.922
53 53 (0) 2 : 0.152 0.140 0.053 0.004 0.179 0.471
54 54 (0) 2 : 0.005 0.005 0.005 0.003 0.008 0.973
55 55 (0) 2 : 0.019 0.016 0.009 0.009 0.017 0.930
56 56 (0) 2 : 0.050 0.015 0.020 0.004 0.029 0.882
57 57 (0) 2 : 0.189 0.109 0.095 0.006 0.266 0.335
58 58 (0) 2 : 0.013 0.013 0.011 0.010 0.017 0.936
59 59 (0) 2 : 0.018 0.023 0.026 0.005 0.020 0.908
60 60 (0) 2 : 0.013 0.009 0.011 0.002 0.010 0.956
61 61 (0) 2 : 0.084 0.024 0.057 0.013 0.066 0.758
62 62 (1) 2 : 0.008 0.006 0.008 0.003 0.006 0.969
63 63 (0) 3 : 0.028 0.069 0.655 0.009 0.217 0.023
64 64 (0) 3 : 0.378 0.224 0.148 0.005 0.240 0.005
65 65 (0) 3 : 0.142 0.263 0.298 0.004 0.288 0.007
66 66 (0) 3 : 0.101 0.025 0.149 0.004 0.678 0.043
67 67 (0) 3 : 0.197 0.163 0.159 0.006 0.444 0.030
68 68 (0) 3 : 0.123 0.475 0.118 0.044 0.228 0.013
69 69 (0) 3 : 0.166 0.606 0.073 0.005 0.141 0.010
70 70 (0) 3 : 0.074 0.748 0.049 0.004 0.106 0.019
71 71 (0) 3 : 0.131 0.420 0.127 0.008 0.279 0.036
72 72 (8) 3 : 0.155 0.560 0.083 0.012 0.184 0.006
73 73 (0) 3 : 0.279 0.286 0.135 0.001 0.280 0.019
74 74 (0) 3 : 0.223 0.044 0.065 0.014 0.351 0.304
75 75 (0) 3 : 0.142 0.429 0.100 0.002 0.266 0.061
76 76 (0) 3 : 0.418 0.100 0.107 0.003 0.361 0.011
77 77 (0) 3 : 0.102 0.624 0.060 0.004 0.160 0.051
78 78 (0) 3 : 0.103 0.377 0.264 0.041 0.201 0.013
79 79 (0) 3 : 0.473 0.231 0.098 0.047 0.142 0.008
80 80 (0) 3 : 0.062 0.332 0.338 0.007 0.213 0.048
81 81 (0) 3 : 0.421 0.148 0.136 0.017 0.252 0.025
82 82 (0) 3 : 0.121 0.614 0.081 0.013 0.164 0.007
83 83 (0) 3 : 0.367 0.118 0.087 0.002 0.378 0.048
84 84 (0) 3 : 0.116 0.322 0.174 0.007 0.354 0.028
85 85 (0) 3 : 0.128 0.264 0.136 0.019 0.355 0.097
86 86 (0) 3 : 0.259 0.390 0.087 0.006 0.201 0.058
87 87 (0) 3 : 0.470 0.121 0.125 0.004 0.255 0.025
88 88 (0) 3 : 0.369 0.311 0.059 0.003 0.251 0.007
89 89 (0) 3 : 0.310 0.272 0.128 0.013 0.272 0.006
90 90 (0) 3 : 0.115 0.171 0.095 0.021 0.292 0.306
91 91 (0) 3 : 0.269 0.156 0.206 0.006 0.336 0.028
92 92 (0) 3 : 0.513 0.181 0.061 0.007 0.231 0.007
93 93 (0) 3 : 0.168 0.263 0.146 0.002 0.403 0.018
94 94 (0) 3 : 0.132 0.374 0.169 0.010 0.295 0.021
95 95 (0) 3 : 0.153 0.484 0.091 0.004 0.246 0.021
96 96 (0) 3 : 0.551 0.194 0.058 0.004 0.170 0.023
97 97 (0) 3 : 0.251 0.317 0.135 0.002 0.273 0.021
98 98 (0) 3 : 0.324 0.294 0.082 0.008 0.272 0.020
99 99 (0) 3 : 0.146 0.082 0.270 0.008 0.466 0.028
100 100 (0) 3 : 0.062 0.344 0.441 0.002 0.146 0.004
101 101 (0) 3 : 0.079 0.099 0.110 0.050 0.130 0.532
102 102 (0) 3 : 0.149 0.101 0.257 0.004 0.472 0.017
103 103 (0) 3 : 0.269 0.288 0.087 0.009 0.329 0.018
104 104 (0) 3 : 0.085 0.458 0.158 0.002 0.214 0.083
105 105 (0) 3 : 0.128 0.527 0.096 0.002 0.227 0.021
106 106 (0) 3 : 0.180 0.175 0.249 0.003 0.378 0.015
107 107 (0) 3 : 0.241 0.167 0.180 0.009 0.353 0.050
108 108 (0) 3 : 0.113 0.600 0.107 0.006 0.163 0.011
109 109 (0) 3 : 0.001 0.001 0.001 0.994 0.001 0.001
110 110 (0) 3 : 0.167 0.412 0.160 0.006 0.245 0.010
111 111 (0) 3 : 0.303 0.198 0.145 0.010 0.323 0.020
112 112 (7) 4 : 0.001 0.002 0.001 0.994 0.001 0.001
113 113 (12) 4 : 0.144 0.364 0.134 0.010 0.335 0.013
114 114 (12) 4 : 0.092 0.114 0.053 0.534 0.191 0.016
115 115 (3) 4 : 0.418 0.270 0.084 0.002 0.211 0.014
116 116 (12) 4 : 0.231 0.181 0.131 0.002 0.400 0.054
117 117 (13) 4 : 0.442 0.117 0.252 0.002 0.179 0.008
118 118 (0) 4 : 0.271 0.079 0.075 0.003 0.229 0.342
119 119 (3) 4 : 0.399 0.127 0.270 0.002 0.178 0.023
120 120 (0) 4 : 0.400 0.194 0.187 0.002 0.202 0.015
121 121 (0) 4 : 0.168 0.477 0.110 0.008 0.228 0.009
122 122 (9) 4 : 0.317 0.120 0.419 0.004 0.136 0.003
123 123 (9) 4 : 0.543 0.270 0.026 0.002 0.154 0.005
124 124 (12) 4 : 0.361 0.121 0.118 0.010 0.377 0.012
125 125 (0) 5 : 0.027 0.046 0.026 0.009 0.032 0.861
126 126 (0) 5 : 0.351 0.410 0.034 0.002 0.187 0.016
127 127 (0) 5 : 0.036 0.022 0.034 0.017 0.028 0.862
128 128 (0) 6 : 0.552 0.165 0.094 0.002 0.178 0.010
129 129 (0) 6 : 0.305 0.129 0.417 0.004 0.141 0.004
130 130 (9) 6 : 0.178 0.425 0.142 0.004 0.246 0.006
131 131 (0) 6 : 0.249 0.203 0.220 0.006 0.317 0.005
132 132 (0) 6 : 0.088 0.708 0.077 0.004 0.116 0.007
133 133 (0) 6 : 0.185 0.059 0.395 0.003 0.347 0.012
134 134 (0) 6 : 0.138 0.465 0.122 0.008 0.253 0.014
135 135 (0) 6 : 0.231 0.160 0.252 0.004 0.338 0.016
136 136 (11) 6 : 0.276 0.120 0.210 0.002 0.365 0.028
137 137 (0) 6 : 0.360 0.151 0.088 0.026 0.340 0.034
138 138 (0) 6 : 0.319 0.131 0.165 0.002 0.292 0.091
139 139 (0) 6 : 0.474 0.094 0.114 0.002 0.282 0.036
140 140 (4) 6 : 0.142 0.234 0.207 0.005 0.399 0.013
141 141 (0) 6 : 0.183 0.128 0.389 0.006 0.278 0.016
142 142 (0) 6 : 0.251 0.122 0.139 0.005 0.446 0.036
143 143 (0) 6 : 0.022 0.590 0.330 0.001 0.050 0.007
144 144 (0) 6 : 0.114 0.408 0.178 0.010 0.240 0.050
145 145 (4) 6 : 0.017 0.584 0.341 0.001 0.054 0.003
146 146 (5) 6 : 0.026 0.439 0.382 0.002 0.142 0.010
147 147 (0) 6 : 0.213 0.369 0.145 0.040 0.225 0.007
148 148 (5) 6 : 0.068 0.445 0.140 0.011 0.320 0.016
149 149 (0) 6 : 0.203 0.137 0.239 0.011 0.404 0.006
150 150 (0) 6 : 0.104 0.128 0.469 0.006 0.269 0.024
151 151 (10) 6 : 0.155 0.144 0.274 0.004 0.396 0.028
152 152 (0) 6 : 0.283 0.354 0.133 0.002 0.217 0.010
153 153 (0) 6 : 0.697 0.182 0.027 0.004 0.085 0.005
154 154 (0) 6 : 0.293 0.426 0.106 0.002 0.158 0.016
155 155 (5) 6 : 0.142 0.316 0.139 0.006 0.365 0.032
156 156 (0) 6 : 0.470 0.074 0.090 0.001 0.301 0.063
157 157 (0) 6 : 0.520 0.060 0.200 0.004 0.191 0.024
158 158 (0) 6 : 0.535 0.101 0.108 0.003 0.212 0.041
159 159 (10) 6 : 0.451 0.130 0.115 0.005 0.286 0.014
160 160 (0) 6 : 0.438 0.177 0.112 0.003 0.254 0.017
161 161 (0) 6 : 0.151 0.553 0.111 0.002 0.179 0.004
162 162 (0) 6 : 0.151 0.167 0.420 0.003 0.248 0.011
163 163 (0) 6 : 0.448 0.242 0.042 0.003 0.252 0.012
164 164 (0) 6 : 0.092 0.755 0.089 0.008 0.047 0.008
165 165 (0) 6 : 0.097 0.743 0.096 0.008 0.051 0.005
166 166 (0) 6 : 0.503 0.185 0.060 0.022 0.208 0.022
167 167 (0) 6 : 0.109 0.565 0.115 0.021 0.177 0.013
168 168 (0) 6 : 0.259 0.118 0.262 0.006 0.310 0.045
169 169 (0) 6 : 0.227 0.437 0.089 0.004 0.218 0.025
170 170 (2) 6 : 0.439 0.167 0.106 0.006 0.266 0.015
171 171 (0) 6 : 0.114 0.520 0.112 0.009 0.201 0.044
172 172 (0) 6 : 0.182 0.462 0.151 0.003 0.190 0.013
173 173 (0) 6 : 0.186 0.285 0.189 0.008 0.313 0.018
174 174 (0) 6 : 0.260 0.189 0.141 0.002 0.389 0.019
175 175 (7) 6 : 0.325 0.254 0.127 0.005 0.281 0.009
176 176 (0) 6 : 0.194 0.323 0.172 0.005 0.281 0.024
177 177 (10) 6 : 0.248 0.174 0.128 0.002 0.379 0.069
178 178 (0) 6 : 0.068 0.088 0.060 0.010 0.134 0.640
179 179 (8) 6 : 0.369 0.097 0.107 0.019 0.397 0.011
180 180 (0) 6 : 0.280 0.191 0.191 0.002 0.331 0.005
181 181 (7) 6 : 0.321 0.094 0.136 0.003 0.431 0.016
182 182 (0) 6 : 0.108 0.749 0.055 0.002 0.081 0.005
183 183 (0) 6 : 0.189 0.555 0.064 0.006 0.171 0.016
184 184 (0) 6 : 0.311 0.150 0.183 0.004 0.302 0.050
185 185 (0) 6 : 0.207 0.130 0.243 0.007 0.404 0.009
186 186 (2) 6 : 0.116 0.587 0.103 0.009 0.165 0.020
187 187 (0) 6 : 0.124 0.380 0.080 0.164 0.201 0.052
188 188 (0) 6 : 0.147 0.315 0.175 0.006 0.238 0.119
189 189 (3) 6 : 0.516 0.098 0.083 0.007 0.275 0.020
190 190 (0) 6 : 0.133 0.303 0.242 0.002 0.299 0.020
191 191 (0) 6 : 0.280 0.319 0.199 0.002 0.193 0.006
192 192 (0) 6 : 0.345 0.054 0.110 0.002 0.192 0.296
193 193 (0) 6 : 0.104 0.306 0.246 0.013 0.318 0.013
194 194 (0) 6 : 0.044 0.170 0.621 0.008 0.127 0.029
195 195 (0) 6 : 0.085 0.290 0.367 0.004 0.219 0.035
196 196 (13) 6 : 0.008 0.109 0.771 0.008 0.083 0.021
197 197 (0) 6 : 0.068 0.330 0.423 0.002 0.155 0.021
198 198 (12) 6 : 0.191 0.066 0.248 0.006 0.418 0.071
199 199 (0) 6 : 0.447 0.179 0.121 0.006 0.224 0.023
200 200 (0) 6 : 0.354 0.155 0.142 0.008 0.336 0.006
201 201 (8) 6 : 0.014 0.121 0.761 0.003 0.094 0.007
202 202 (0) 6 : 0.007 0.116 0.778 0.009 0.078 0.012
203 203 (0) 6 : 0.305 0.041 0.394 0.007 0.245 0.008
204 204 (0) 6 : 0.086 0.071 0.669 0.002 0.133 0.039
205 205 (0) 6 : 0.199 0.196 0.191 0.002 0.390 0.023
206 206 (0) 6 : 0.174 0.423 0.118 0.003 0.264 0.018
207 207 (14) 6 : 0.166 0.372 0.144 0.004 0.302 0.011
208 208 (0) 6 : 0.177 0.093 0.212 0.011 0.399 0.108
209 209 (0) 6 : 0.332 0.133 0.179 0.007 0.339 0.010
210 210 (0) 6 : 0.269 0.189 0.195 0.005 0.334 0.009
211 211 (14) 6 : 0.075 0.193 0.541 0.004 0.176 0.010
212 212 (0) 6 : 0.128 0.114 0.442 0.014 0.233 0.069
213 213 (7) 6 : 0.016 0.082 0.752 0.004 0.115 0.032
214 214 (0) 6 : 0.234 0.065 0.145 0.004 0.543 0.008
215 215 (0) 6 : 0.305 0.235 0.124 0.009 0.295 0.032
216 216 (0) 6 : 0.201 0.036 0.656 0.004 0.096 0.008
217 217 (5) 6 : 0.202 0.036 0.643 0.005 0.105 0.009
218 218 (0) 6 : 0.212 0.235 0.155 0.018 0.316 0.064
219 219 (0) 2 : 0.022 0.019 0.032 0.005 0.031 0.890
220 220 (0) 2 : 0.010 0.006 0.004 0.002 0.004 0.974
221 221 (0) 2 : 0.019 0.014 0.015 0.013 0.022 0.917
222 222 (0) 2 : 0.034 0.050 0.029 0.003 0.069 0.814
223 223 (0) 2 : 0.020 0.012 0.026 0.003 0.044 0.896
224 224 (0) 2 : 0.009 0.007 0.006 0.003 0.005 0.970
225 225 (0) 2 : 0.198 0.042 0.081 0.006 0.098 0.575
226 226 (0) 2 : 0.003 0.005 0.005 0.002 0.004 0.981
227 227 (0) 2 : 0.047 0.071 0.071 0.001 0.079 0.730
1 1 (0) 1 : 0.045 0.006 0.182 0.235 0.024 0.507
2 2 (1) 1 : 0.158 0.081 0.039 0.245 0.002 0.474
3 3 (0) 1 : 0.147 0.026 0.133 0.305 0.009 0.379
4 4 (0) 2 : 0.072 0.731 0.049 0.058 0.002 0.088
5 5 (0) 2 : 0.280 0.010 0.084 0.361 0.004 0.261
6 6 (0) 2 : 0.058 0.765 0.043 0.055 0.008 0.071
7 7 (0) 2 : 0.015 0.925 0.012 0.021 0.006 0.021
8 8 (0) 2 : 0.006 0.970 0.007 0.008 0.004 0.005
9 9 (0) 2 : 0.056 0.796 0.012 0.082 0.002 0.051
10 10 (0) 2 : 0.010 0.964 0.009 0.007 0.002 0.008
11 11 (0) 2 : 0.010 0.949 0.011 0.011 0.004 0.015
12 12 (0) 2 : 0.020 0.788 0.004 0.013 0.165 0.011
13 13 (0) 2 : 0.017 0.936 0.015 0.018 0.004 0.010
14 14 (0) 2 : 0.020 0.888 0.021 0.027 0.012 0.032
15 15 (0) 2 : 0.085 0.517 0.070 0.128 0.004 0.197
16 16 (0) 2 : 0.011 0.952 0.011 0.010 0.005 0.010
17 17 (0) 2 : 0.043 0.818 0.030 0.043 0.007 0.058
18 18 (0) 2 : 0.016 0.915 0.017 0.019 0.012 0.021
19 19 (0) 2 : 0.009 0.888 0.031 0.021 0.034 0.017
20 20 (0) 2 : 0.082 0.633 0.032 0.082 0.012 0.158
21 21 (9) 2 : 0.028 0.861 0.019 0.036 0.003 0.053
22 22 (0) 2 : 0.207 0.133 0.131 0.240 0.002 0.287
23 23 (0) 2 : 0.011 0.906 0.033 0.021 0.003 0.027
24 24 (0) 2 : 0.008 0.962 0.009 0.007 0.007 0.007
25 25 (0) 2 : 0.084 0.534 0.030 0.151 0.030 0.172
26 26 (0) 2 : 0.022 0.938 0.008 0.011 0.010 0.011
27 27 (0) 2 : 0.019 0.756 0.014 0.026 0.165 0.020
28 28 (0) 2 : 0.005 0.976 0.004 0.007 0.002 0.006
29 29 (0) 2 : 0.023 0.882 0.015 0.038 0.006 0.036
30 30 (0) 2 : 0.322 0.236 0.042 0.209 0.002 0.189
31 31 (0) 2 : 0.007 0.963 0.008 0.011 0.004 0.007
32 32 (0) 2 : 0.011 0.920 0.007 0.028 0.001 0.031
33 33 (0) 2 : 0.013 0.890 0.012 0.016 0.051 0.018
34 34 (0) 2 : 0.019 0.365 0.539 0.031 0.002 0.045
35 35 (0) 2 : 0.016 0.917 0.010 0.023 0.002 0.033
36 36 (5) 2 : 0.010 0.953 0.009 0.012 0.004 0.012
37 37 (0) 2 : 0.010 0.936 0.010 0.017 0.015 0.013
38 38 (0) 2 : 0.023 0.880 0.018 0.048 0.002 0.029
39 39 (0) 2 : 0.010 0.959 0.008 0.011 0.003 0.009
40 40 (0) 2 : 0.008 0.961 0.013 0.009 0.002 0.008
41 41 (0) 2 : 0.136 0.287 0.145 0.176 0.008 0.248
42 42 (0) 2 : 0.010 0.940 0.020 0.014 0.002 0.014
43 43 (0) 2 : 0.036 0.824 0.015 0.072 0.002 0.051
44 44 (0) 2 : 0.015 0.518 0.424 0.020 0.004 0.020
45 45 (0) 2 : 0.062 0.776 0.013 0.085 0.003 0.060
46 46 (0) 2 : 0.007 0.966 0.008 0.009 0.003 0.006
47 47 (4) 2 : 0.181 0.201 0.045 0.289 0.002 0.282
48 48 (0) 2 : 0.086 0.562 0.019 0.143 0.003 0.188
49 49 (1) 2 : 0.367 0.141 0.050 0.246 0.005 0.191
50 50 (0) 2 : 0.017 0.874 0.022 0.041 0.003 0.043
51 51 (0) 2 : 0.006 0.952 0.025 0.008 0.002 0.007
52 52 (0) 2 : 0.008 0.929 0.018 0.011 0.018 0.015
53 53 (0) 2 : 0.129 0.539 0.023 0.157 0.005 0.147
54 54 (0) 2 : 0.006 0.975 0.004 0.005 0.004 0.005
55 55 (0) 2 : 0.021 0.938 0.009 0.011 0.008 0.013
56 56 (0) 2 : 0.019 0.896 0.017 0.031 0.003 0.034
57 57 (0) 2 : 0.203 0.289 0.080 0.183 0.009 0.237
58 58 (0) 2 : 0.017 0.927 0.012 0.016 0.013 0.014
59 59 (0) 2 : 0.023 0.913 0.023 0.017 0.006 0.017
60 60 (0) 2 : 0.010 0.963 0.007 0.006 0.003 0.012
61 61 (0) 2 : 0.024 0.826 0.039 0.043 0.016 0.053
62 62 (1) 2 : 0.007 0.962 0.016 0.005 0.004 0.006
63 63 (0) 3 : 0.031 0.018 0.840 0.029 0.009 0.073
64 64 (0) 3 : 0.337 0.004 0.118 0.325 0.005 0.210
65 65 (0) 3 : 0.279 0.006 0.305 0.184 0.004 0.222
66 66 (0) 3 : 0.082 0.049 0.129 0.204 0.004 0.532
67 67 (0) 3 : 0.244 0.029 0.170 0.182 0.006 0.368
68 68 (0) 3 : 0.346 0.013 0.079 0.217 0.037 0.308
69 69 (0) 3 : 0.473 0.008 0.065 0.304 0.006 0.143
70 70 (0) 3 : 0.569 0.025 0.019 0.259 0.003 0.125
71 71 (0) 3 : 0.252 0.039 0.127 0.231 0.008 0.344
72 72 (8) 3 : 0.397 0.006 0.102 0.239 0.013 0.244
73 73 (0) 3 : 0.257 0.022 0.064 0.380 0.001 0.277
74 74 (0) 3 : 0.084 0.328 0.033 0.194 0.012 0.349
75 75 (0) 3 : 0.279 0.073 0.090 0.319 0.002 0.238
76 76 (0) 3 : 0.253 0.011 0.093 0.312 0.003 0.327
77 77 (0) 3 : 0.357 0.048 0.046 0.292 0.003 0.253
78 78 (0) 3 : 0.243 0.016 0.331 0.189 0.047 0.174
79 79 (0) 3 : 0.377 0.006 0.100 0.269 0.033 0.214
80 80 (0) 3 : 0.167 0.059 0.433 0.148 0.005 0.188
81 81 (0) 3 : 0.188 0.033 0.140 0.299 0.015 0.325
82 82 (0) 3 : 0.461 0.008 0.043 0.291 0.013 0.184
83 83 (0) 3 : 0.145 0.035 0.121 0.373 0.002 0.324
84 84 (0) 3 : 0.266 0.024 0.122 0.220 0.005 0.363
85 85 (0) 3 : 0.247 0.137 0.060 0.223 0.018 0.316
86 86 (0) 3 : 0.333 0.047 0.046 0.321 0.006 0.247
87 87 (0) 3 : 0.274 0.025 0.047 0.393 0.004 0.256
88 88 (0) 3 : 0.378 0.007 0.023 0.368 0.003 0.220
89 89 (0) 3 : 0.355 0.004 0.129 0.257 0.012 0.243
90 90 (0) 3 : 0.165 0.287 0.086 0.179 0.025 0.259
91 91 (0) 3 : 0.237 0.045 0.112 0.253 0.010 0.344
92 92 (0) 3 : 0.426 0.009 0.048 0.303 0.007 0.207
93 93 (0) 3 : 0.159 0.013 0.201 0.268 0.001 0.358
94 94 (0) 3 : 0.226 0.017 0.160 0.312 0.010 0.276
95 95 (0) 3 : 0.292 0.023 0.088 0.273 0.005 0.319
96 96 (0) 3 : 0.344 0.025 0.024 0.398 0.004 0.206
97 97 (0) 3 : 0.317 0.012 0.044 0.316 0.003 0.308
98 98 (0) 3 : 0.313 0.019 0.043 0.375 0.007 0.243
99 99 (0) 3 : 0.082 0.040 0.276 0.204 0.009 0.389
100 100 (0) 3 : 0.140 0.005 0.517 0.174 0.003 0.161
101 101 (0) 3 : 0.131 0.417 0.048 0.141 0.053 0.210
102 102 (0) 3 : 0.148 0.013 0.300 0.210 0.003 0.326
103 103 (0) 3 : 0.328 0.017 0.083 0.268 0.007 0.298
104 104 (0) 3 : 0.251 0.131 0.157 0.209 0.002 0.251
105 105 (0) 3 : 0.420 0.018 0.031 0.286 0.002 0.244
106 106 (0) 3 : 0.177 0.016 0.181 0.207 0.003 0.417
107 107 (0) 3 : 0.280 0.056 0.083 0.307 0.009 0.266
108 108 (0) 3 : 0.416 0.012 0.094 0.242 0.006 0.230
109 109 (0) 3 : 0.001 0.001 0.001 0.001 0.995 0.001
110 110 (0) 3 : 0.393 0.009 0.054 0.259 0.007 0.277
111 111 (0) 3 : 0.277 0.025 0.208 0.184 0.010 0.297
112 112 (7) 4 : 0.001 0.001 0.001 0.001 0.994 0.001
113 113 (12) 4 : 0.265 0.014 0.162 0.218 0.008 0.333
114 114 (12) 4 : 0.101 0.020 0.029 0.162 0.534 0.154
115 115 (3) 4 : 0.492 0.016 0.039 0.240 0.002 0.211
116 116 (12) 4 : 0.294 0.044 0.104 0.229 0.003 0.327
117 117 (13) 4 : 0.314 0.015 0.228 0.312 0.001 0.129
118 118 (0) 4 : 0.191 0.417 0.053 0.144 0.005 0.191
119 119 (3) 4 : 0.373 0.022 0.236 0.255 0.002 0.112
120 120 (0) 4 : 0.234 0.016 0.145 0.354 0.002 0.250
121 121 (0) 4 : 0.368 0.008 0.100 0.281 0.006 0.238
122 122 (9) 4 : 0.216 0.005 0.504 0.149 0.003 0.123
123 123 (9) 4 : 0.426 0.006 0.036 0.357 0.002 0.173
124 124 (12) 4 : 0.294 0.013 0.095 0.278 0.011 0.310
125 125 (0) 5 : 0.024 0.871 0.041 0.027 0.010 0.027
126 126 (0) 5 : 0.391 0.010 0.016 0.400 0.002 0.181
127 127 (0) 5 : 0.025 0.853 0.041 0.024 0.015 0.042
128 128 (0) 6 : 0.395 0.009 0.071 0.293 0.003 0.229
129 129 (0) 6 : 0.241 0.004 0.498 0.148 0.004 0.105
130 130 (9) 6 : 0.390 0.006 0.094 0.263 0.004 0.243
131 131 (0) 6 : 0.313 0.007 0.164 0.239 0.005 0.272
132 132 (0) 6 : 0.377 0.009 0.106 0.308 0.004 0.196
133 133 (0) 6 : 0.173 0.008 0.456 0.121 0.004 0.238
134 134 (0) 6 : 0.382 0.013 0.081 0.217 0.007 0.300
135 135 (0) 6 : 0.253 0.022 0.203 0.207 0.004 0.310
136 136 (11) 6 : 0.151 0.027 0.171 0.230 0.003 0.417
137 137 (0) 6 : 0.332 0.026 0.057 0.253 0.033 0.300
138 138 (0) 6 : 0.157 0.077 0.181 0.277 0.002 0.306
139 139 (0) 6 : 0.229 0.031 0.113 0.297 0.002 0.329
140 140 (4) 6 : 0.212 0.018 0.185 0.245 0.004 0.337
141 141 (0) 6 : 0.154 0.017 0.341 0.231 0.006 0.251
142 142 (0) 6 : 0.135 0.049 0.065 0.293 0.004 0.453
143 143 (0) 6 : 0.239 0.008 0.585 0.095 0.001 0.071
144 144 (0) 6 : 0.359 0.049 0.154 0.180 0.012 0.246
145 145 (4) 6 : 0.239 0.007 0.589 0.081 0.001 0.083
146 146 (5) 6 : 0.184 0.013 0.629 0.071 0.002 0.102
147 147 (0) 6 : 0.263 0.008 0.216 0.267 0.031 0.213
148 148 (5) 6 : 0.252 0.017 0.222 0.185 0.011 0.312
149 149 (0) 6 : 0.203 0.012 0.121 0.312 0.010 0.343
150 150 (0) 6 : 0.140 0.019 0.433 0.175 0.007 0.226
151 151 (10) 6 : 0.167 0.028 0.197 0.274 0.005 0.329
152 152 (0) 6 : 0.401 0.012 0.117 0.239 0.003 0.227
153 153 (0) 6 : 0.407 0.005 0.064 0.374 0.004 0.146
154 154 (0) 6 : 0.313 0.013 0.056 0.409 0.001 0.207
155 155 (5) 6 : 0.272 0.033 0.119 0.259 0.006 0.311
156 156 (0) 6 : 0.160 0.100 0.088 0.273 0.002 0.378
157 157 (0) 6 : 0.196 0.024 0.144 0.331 0.004 0.300
158 158 (0) 6 : 0.202 0.038 0.128 0.339 0.003 0.290
159 159 (10) 6 : 0.223 0.015 0.020 0.480 0.004 0.258
160 160 (0) 6 : 0.228 0.012 0.009 0.494 0.002 0.254
161 161 (0) 6 : 0.410 0.005 0.100 0.261 0.002 0.223
162 162 (0) 6 : 0.110 0.012 0.589 0.138 0.003 0.147
163 163 (0) 6 : 0.250 0.020 0.027 0.435 0.002 0.265
164 164 (0) 6 : 0.651 0.009 0.023 0.204 0.010 0.103
165 165 (0) 6 : 0.651 0.007 0.020 0.213 0.014 0.096
166 166 (0) 6 : 0.292 0.023 0.024 0.368 0.024 0.268
167 167 (0) 6 : 0.305 0.012 0.165 0.199 0.020 0.298
168 168 (0) 6 : 0.163 0.033 0.212 0.241 0.006 0.344
169 169 (0) 6 : 0.264 0.027 0.053 0.378 0.003 0.275
170 170 (2) 6 : 0.310 0.012 0.138 0.285 0.008 0.247
171 171 (0) 6 : 0.360 0.063 0.110 0.227 0.007 0.232
172 172 (0) 6 : 0.396 0.010 0.092 0.270 0.004 0.228
173 173 (0) 6 : 0.291 0.021 0.123 0.252 0.007 0.306
174 174 (0) 6 : 0.204 0.030 0.060 0.328 0.002 0.375
175 175 (7) 6 : 0.348 0.014 0.041 0.274 0.003 0.319
176 176 (0) 6 : 0.284 0.022 0.145 0.264 0.005 0.280
177 177 (10) 6 : 0.169 0.072 0.044 0.352 0.002 0.361
178 178 (0) 6 : 0.131 0.570 0.033 0.123 0.011 0.131
179 179 (8) 6 : 0.195 0.013 0.047 0.291 0.023 0.431
180 180 (0) 6 : 0.259 0.007 0.131 0.273 0.003 0.328
181 181 (7) 6 : 0.157 0.012 0.079 0.352 0.003 0.396
182 182 (0) 6 : 0.475 0.006 0.101 0.283 0.003 0.132
183 183 (0) 6 : 0.507 0.013 0.021 0.284 0.007 0.167
184 184 (0) 6 : 0.274 0.045 0.112 0.294 0.003 0.273
185 185 (0) 6 : 0.181 0.009 0.362 0.186 0.008 0.254
186 186 (2) 6 : 0.364 0.018 0.134 0.214 0.008 0.261
187 187 (0) 6 : 0.385 0.037 0.016 0.172 0.184 0.207
188 188 (0) 6 : 0.249 0.083 0.138 0.290 0.006 0.233
189 189 (3) 6 : 0.324 0.023 0.067 0.298 0.008 0.280
190 190 (0) 6 : 0.205 0.020 0.328 0.149 0.002 0.296
191 191 (0) 6 : 0.432 0.007 0.115 0.246 0.003 0.197
192 192 (0) 6 : 0.073 0.382 0.093 0.236 0.003 0.213
193 193 (0) 6 : 0.257 0.011 0.291 0.177 0.010 0.253
194 194 (0) 6 : 0.038 0.026 0.830 0.040 0.009 0.057
195 195 (0) 6 : 0.176 0.034 0.461 0.160 0.004 0.164
196 196 (13) 6 : 0.017 0.014 0.891 0.024 0.006 0.048
197 197 (0) 6 : 0.105 0.018 0.596 0.156 0.002 0.123
198 198 (12) 6 : 0.081 0.067 0.258 0.199 0.005 0.390
199 199 (0) 6 : 0.274 0.031 0.063 0.346 0.005 0.282
200 200 (0) 6 : 0.186 0.006 0.073 0.367 0.007 0.360
201 201 (8) 6 : 0.018 0.008 0.900 0.029 0.004 0.042
202 202 (0) 6 : 0.007 0.010 0.933 0.019 0.011 0.020
203 203 (0) 6 : 0.087 0.009 0.426 0.233 0.006 0.238
204 204 (0) 6 : 0.039 0.036 0.672 0.131 0.003 0.119
205 205 (0) 6 : 0.307 0.016 0.112 0.249 0.002 0.314
206 206 (0) 6 : 0.258 0.017 0.190 0.239 0.004 0.292
207 207 (14) 6 : 0.261 0.012 0.159 0.225 0.005 0.338
208 208 (0) 6 : 0.183 0.070 0.304 0.130 0.009 0.304
209 209 (0) 6 : 0.261 0.012 0.079 0.332 0.005 0.311
210 210 (0) 6 : 0.366 0.009 0.099 0.272 0.006 0.249
211 211 (14) 6 : 0.070 0.011 0.724 0.081 0.005 0.110
212 212 (0) 6 : 0.085 0.066 0.427 0.124 0.019 0.278
213 213 (7) 6 : 0.021 0.032 0.820 0.031 0.004 0.093
214 214 (0) 6 : 0.077 0.014 0.213 0.232 0.005 0.460
215 215 (0) 6 : 0.376 0.034 0.072 0.271 0.010 0.237
216 216 (0) 6 : 0.011 0.005 0.766 0.147 0.004 0.067
217 217 (5) 6 : 0.007 0.010 0.758 0.155 0.004 0.066
218 218 (0) 6 : 0.232 0.049 0.084 0.349 0.016 0.270
219 219 (0) 2 : 0.025 0.871 0.035 0.041 0.004 0.025
220 220 (0) 2 : 0.005 0.975 0.005 0.007 0.002 0.005
221 221 (0) 2 : 0.017 0.908 0.025 0.021 0.012 0.016
222 222 (0) 2 : 0.041 0.828 0.027 0.042 0.003 0.059
223 223 (0) 2 : 0.028 0.895 0.008 0.027 0.002 0.039
224 224 (0) 2 : 0.006 0.971 0.005 0.007 0.004 0.006
225 225 (0) 2 : 0.078 0.597 0.094 0.103 0.006 0.122
226 226 (0) 2 : 0.004 0.984 0.005 0.003 0.001 0.002
227 227 (0) 2 : 0.048 0.762 0.052 0.058 0.001 0.078
1 1 (0) 1 : 0.006 0.024 0.041 0.196 0.279 0.455
2 2 (1) 1 : 0.094 0.003 0.117 0.024 0.329 0.433
3 3 (0) 1 : 0.040 0.010 0.098 0.158 0.332 0.362
4 4 (0) 2 : 0.759 0.002 0.047 0.038 0.064 0.090
5 5 (0) 2 : 0.009 0.005 0.136 0.039 0.372 0.440
6 6 (0) 2 : 0.800 0.009 0.049 0.031 0.055 0.057
7 7 (0) 2 : 0.933 0.005 0.016 0.008 0.014 0.026
8 8 (0) 2 : 0.973 0.005 0.004 0.006 0.006 0.006
9 9 (0) 2 : 0.823 0.002 0.050 0.018 0.055 0.052
10 10 (0) 2 : 0.971 0.002 0.006 0.006 0.007 0.007
11 11 (0) 2 : 0.943 0.003 0.012 0.013 0.016 0.011
12 12 (0) 2 : 0.763 0.178 0.017 0.011 0.022 0.008
13 13 (0) 2 : 0.935 0.006 0.008 0.011 0.022 0.018
14 14 (0) 2 : 0.890 0.014 0.033 0.015 0.030 0.018
15 15 (0) 2 : 0.402 0.004 0.060 0.046 0.244 0.244
16 16 (0) 2 : 0.955 0.005 0.010 0.011 0.010 0.009
17 17 (0) 2 : 0.799 0.007 0.026 0.024 0.069 0.075
18 18 (0) 2 : 0.921 0.010 0.014 0.016 0.022 0.017
19 19 (0) 2 : 0.897 0.026 0.012 0.025 0.020 0.020
20 20 (0) 2 : 0.714 0.016 0.077 0.029 0.074 0.090
21 21 (9) 2 : 0.863 0.003 0.028 0.019 0.048 0.040
22 22 (0) 2 : 0.144 0.002 0.232 0.130 0.260 0.231
23 23 (0) 2 : 0.905 0.002 0.008 0.030 0.024 0.030
24 24 (0) 2 : 0.958 0.006 0.007 0.011 0.008 0.010
25 25 (0) 2 : 0.539 0.047 0.074 0.019 0.115 0.206
26 26 (0) 2 : 0.928 0.010 0.021 0.014 0.014 0.013
27 27 (0) 2 : 0.756 0.194 0.011 0.018 0.008 0.014
28 28 (0) 2 : 0.966 0.003 0.007 0.005 0.005 0.013
29 29 (0) 2 : 0.899 0.007 0.029 0.011 0.025 0.029
30 30 (0) 2 : 0.236 0.003 0.376 0.028 0.223 0.134
31 31 (0) 2 : 0.972 0.003 0.004 0.007 0.006 0.007
32 32 (0) 2 : 0.917 0.002 0.028 0.005 0.024 0.024
33 33 (0) 2 : 0.891 0.039 0.020 0.017 0.019 0.014
34 34 (0) 2 : 0.403 0.002 0.020 0.491 0.042 0.043
35 35 (0) 2 : 0.907 0.002 0.025 0.010 0.037 0.020
36 36 (5) 2 : 0.954 0.003 0.014 0.011 0.013 0.004
37 37 (0) 2 : 0.955 0.014 0.007 0.008 0.006 0.010
38 38 (0) 2 : 0.894 0.002 0.025 0.027 0.030 0.023
39 39 (0) 2 : 0.962 0.002 0.011 0.008 0.009 0.007
40 40 (0) 2 : 0.958 0.002 0.008 0.013 0.009 0.009
41 41 (0) 2 : 0.283 0.009 0.177 0.083 0.226 0.222
42 42 (0) 2 : 0.940 0.002 0.010 0.007 0.011 0.030
43 43 (0) 2 : 0.822 0.002 0.060 0.016 0.057 0.043
44 44 (0) 2 : 0.487 0.005 0.016 0.458 0.013 0.022
45 45 (0) 2 : 0.737 0.004 0.053 0.025 0.120 0.061
46 46 (0) 2 : 0.962 0.004 0.006 0.007 0.013 0.010
47 47 (4) 2 : 0.207 0.002 0.252 0.029 0.273 0.238
48 48 (0) 2 : 0.486 0.004 0.065 0.012 0.186 0.247
49 49 (1) 2 : 0.127 0.004 0.533 0.058 0.149 0.129
50 50 (0) 2 : 0.862 0.003 0.027 0.015 0.060 0.033
51 51 (0) 2 : 0.962 0.002 0.008 0.012 0.009 0.008
52 52 (0) 2 : 0.908 0.020 0.018 0.016 0.021 0.017
53 53 (0) 2 : 0.483 0.005 0.194 0.025 0.162 0.131
54 54 (0) 2 : 0.971 0.003 0.006 0.007 0.006 0.006
55 55 (0) 2 : 0.922 0.008 0.018 0.010 0.024 0.017
56 56 (0) 2 : 0.902 0.004 0.018 0.015 0.020 0.040
57 57 (0) 2 : 0.373 0.010 0.136 0.051 0.226 0.204
58 58 (0) 2 : 0.929 0.012 0.009 0.016 0.018 0.017
59 59 (0) 2 : 0.906 0.008 0.025 0.020 0.017 0.025
60 60 (0) 2 : 0.952 0.003 0.011 0.009 0.011 0.013
61 61 (0) 2 : 0.788 0.017 0.021 0.069 0.049 0.055
62 62 (1) 2 : 0.962 0.005 0.005 0.017 0.007 0.004
63 63 (0) 3 : 0.022 0.010 0.018 0.884 0.019 0.047
64 64 (0) 3 : 0.004 0.006 0.202 0.022 0.415 0.351
65 65 (0) 3 : 0.006 0.005 0.251 0.225 0.286 0.228
66 66 (0) 3 : 0.075 0.005 0.062 0.275 0.218 0.365
67 67 (0) 3 : 0.027 0.008 0.216 0.051 0.345 0.352
68 68 (0) 3 : 0.010 0.045 0.407 0.044 0.266 0.228
69 69 (0) 3 : 0.011 0.006 0.610 0.054 0.201 0.119
70 70 (0) 3 : 0.026 0.003 0.760 0.022 0.110 0.079
71 71 (0) 3 : 0.034 0.012 0.298 0.045 0.251 0.361
72 72 (8) 3 : 0.008 0.011 0.473 0.104 0.172 0.233
73 73 (0) 3 : 0.015 0.002 0.155 0.034 0.380 0.415
74 74 (0) 3 : 0.367 0.016 0.076 0.055 0.178 0.307
75 75 (0) 3 : 0.079 0.002 0.368 0.033 0.281 0.238
76 76 (0) 3 : 0.010 0.003 0.107 0.041 0.398 0.441
77 77 (0) 3 : 0.051 0.003 0.493 0.052 0.223 0.178
78 78 (0) 3 : 0.012 0.045 0.328 0.270 0.166 0.179
79 79 (0) 3 : 0.005 0.045 0.368 0.067 0.202 0.313
80 80 (0) 3 : 0.043 0.007 0.132 0.484 0.165 0.169
81 81 (0) 3 : 0.022 0.014 0.109 0.019 0.343 0.492
82 82 (0) 3 : 0.007 0.018 0.501 0.012 0.193 0.267
83 83 (0) 3 : 0.038 0.002 0.261 0.117 0.271 0.311
84 84 (0) 3 : 0.025 0.007 0.351 0.103 0.236 0.278
85 85 (0) 3 : 0.157 0.023 0.305 0.075 0.211 0.229
86 86 (0) 3 : 0.058 0.006 0.437 0.052 0.178 0.270
87 87 (0) 3 : 0.025 0.003 0.154 0.029 0.421 0.368
88 88 (0) 3 : 0.010 0.003 0.373 0.052 0.377 0.186
89 89 (0) 3 : 0.005 0.013 0.349 0.099 0.239 0.297
90 90 (0) 3 : 0.276 0.019 0.200 0.058 0.197 0.250
91 91 (0) 3 : 0.031 0.009 0.168 0.051 0.290 0.451
92 92 (0) 3 : 0.007 0.007 0.393 0.011 0.344 0.238
93 93 (0) 3 : 0.017 0.002 0.190 0.167 0.339 0.285
94 94 (0) 3 : 0.022 0.010 0.356 0.065 0.330 0.217
95 95 (0) 3 : 0.024 0.006 0.367 0.050 0.254 0.299
96 96 (0) 3 : 0.032 0.004 0.268 0.015 0.378 0.302
97 97 (0) 3 : 0.018 0.002 0.281 0.030 0.330 0.337
98 98 (0) 3 : 0.016 0.008 0.274 0.016 0.287 0.399
99 99 (0) 3 : 0.046 0.012 0.102 0.437 0.168 0.236
100 100 (0) 3 : 0.004 0.002 0.160 0.373 0.287 0.174
101 101 (0) 3 : 0.458 0.047 0.113 0.040 0.154 0.188
102 102 (0) 3 : 0.021 0.004 0.088 0.189 0.294 0.404
103 103 (0) 3 : 0.020 0.009 0.328 0.029 0.314 0.302
104 104 (0) 3 : 0.124 0.003 0.264 0.190 0.215 0.205
105 105 (0) 3 : 0.018 0.002 0.430 0.044 0.309 0.198
106 106 (0) 3 : 0.014 0.004 0.131 0.198 0.306 0.347
107 107 (0) 3 : 0.073 0.012 0.297 0.046 0.248 0.323
108 108 (0) 3 : 0.011 0.007 0.468 0.056 0.283 0.176
109 109 (0) 3 : 0.001 0.995 0.001 0.001 0.001 0.001
110 110 (0) 3 : 0.009 0.007 0.394 0.040 0.303 0.247
111 111 (0) 3 : 0.022 0.007 0.297 0.178 0.230 0.266
112 112 (7) 4 : 0.001 0.994 0.001 0.001 0.001 0.001
113 113 (12) 4 : 0.016 0.009 0.334 0.096 0.309 0.236
114 114 (12) 4 : 0.038 0.538 0.120 0.035 0.112 0.157
115 115 (3) 4 : 0.019 0.002 0.363 0.018 0.356 0.242
116 116 (12) 4 : 0.062 0.003 0.280 0.062 0.265 0.328
117 117 (13) 4 : 0.011 0.001 0.304 0.149 0.289 0.244
118 118 (0) 4 : 0.412 0.004 0.106 0.026 0.210 0.242
119 119 (3) 4 : 0.026 0.003 0.368 0.163 0.247 0.193
120 120 (0) 4 : 0.017 0.002 0.318 0.154 0.328 0.181
121 121 (0) 4 : 0.009 0.007 0.383 0.117 0.232 0.251
122 122 (9) 4 : 0.004 0.005 0.226 0.331 0.298 0.135
123 123 (9) 4 : 0.006 0.002 0.445 0.020 0.358 0.169
124 124 (12) 4 : 0.019 0.010 0.251 0.041 0.381 0.298
125 125 (0) 5 : 0.866 0.008 0.041 0.046 0.021 0.018
126 126 (0) 5 : 0.015 0.002 0.491 0.024 0.337 0.131
127 127 (0) 5 : 0.864 0.014 0.022 0.047 0.026 0.027
128 128 (0) 6 : 0.012 0.004 0.221 0.036 0.339 0.389
129 129 (0) 6 : 0.003 0.003 0.256 0.326 0.273 0.138
130 130 (9) 6 : 0.006 0.004 0.420 0.027 0.294 0.250
131 131 (0) 6 : 0.005 0.006 0.154 0.044 0.383 0.408
132 132 (0) 6 : 0.010 0.003 0.541 0.056 0.261 0.128
133 133 (0) 6 : 0.011 0.003 0.066 0.285 0.305 0.331
134 134 (0) 6 : 0.021 0.008 0.406 0.054 0.266 0.245
135 135 (0) 6 : 0.025 0.005 0.142 0.118 0.329 0.381
136 136 (11) 6 : 0.028 0.003 0.101 0.061 0.334 0.474
137 137 (0) 6 : 0.033 0.023 0.269 0.024 0.306 0.344
138 138 (0) 6 : 0.066 0.002 0.082 0.029 0.355 0.465
139 139 (0) 6 : 0.039 0.002 0.145 0.077 0.402 0.335
140 140 (4) 6 : 0.019 0.006 0.179 0.145 0.368 0.283
141 141 (0) 6 : 0.024 0.006 0.083 0.369 0.200 0.318
142 142 (0) 6 : 0.049 0.005 0.134 0.029 0.446 0.337
143 143 (0) 6 : 0.006 0.001 0.182 0.773 0.022 0.015
144 144 (0) 6 : 0.044 0.011 0.395 0.196 0.198 0.157
145 145 (4) 6 : 0.005 0.001 0.192 0.764 0.026 0.013
146 146 (5) 6 : 0.010 0.002 0.118 0.781 0.046 0.043
147 147 (0) 6 : 0.007 0.027 0.351 0.190 0.203 0.222
148 148 (5) 6 : 0.015 0.013 0.352 0.305 0.132 0.184
149 149 (0) 6 : 0.012 0.011 0.132 0.083 0.333 0.429
150 150 (0) 6 : 0.017 0.009 0.105 0.365 0.192 0.312
151 151 (10) 6 : 0.026 0.004 0.175 0.168 0.312 0.315
152 152 (0) 6 : 0.007 0.003 0.290 0.072 0.319 0.309
153 153 (0) 6 : 0.007 0.004 0.352 0.023 0.387 0.227
154 154 (0) 6 : 0.017 0.002 0.378 0.040 0.291 0.271
155 155 (5) 6 : 0.028 0.007 0.233 0.121 0.309 0.301
156 156 (0) 6 : 0.139 0.002 0.112 0.109 0.219 0.420
157 157 (0) 6 : 0.021 0.004 0.090 0.114 0.410 0.360
158 158 (0) 6 : 0.032 0.003 0.248 0.096 0.386 0.235
159 159 (10) 6 : 0.014 0.004 0.123 0.025 0.356 0.477
160 160 (0) 6 : 0.013 0.003 0.152 0.020 0.348 0.464
161 161 (0) 6 : 0.004 0.002 0.482 0.092 0.212 0.208
162 162 (0) 6 : 0.014 0.003 0.091 0.406 0.308 0.177
163 163 (0) 6 : 0.012 0.003 0.376 0.029 0.289 0.291
164 164 (0) 6 : 0.006 0.009 0.919 0.008 0.017 0.041
165 165 (0) 6 : 0.005 0.008 0.908 0.010 0.029 0.040
166 166 (0) 6 : 0.023 0.027 0.443 0.020 0.235 0.252
167 167 (0) 6 : 0.011 0.019 0.473 0.139 0.208 0.151
168 168 (0) 6 : 0.039 0.005 0.149 0.154 0.312 0.341
169 169 (0) 6 : 0.027 0.003 0.239 0.042 0.299 0.389
170 170 (2) 6 : 0.013 0.008 0.323 0.172 0.230 0.255
171 171 (0) 6 : 0.060 0.009 0.410 0.086 0.231 0.204
172 172 (0) 6 : 0.012 0.004 0.426 0.054 0.284 0.220
173 173 (0) 6 : 0.026 0.007 0.226 0.056 0.369 0.316
174 174 (0) 6 : 0.039 0.002 0.300 0.043 0.292 0.323
175 175 (7) 6 : 0.009 0.004 0.315 0.015 0.298 0.360
176 176 (0) 6 : 0.018 0.006 0.276 0.072 0.349 0.280
177 177 (10) 6 : 0.066 0.002 0.121 0.044 0.322 0.444
178 178 (0) 6 : 0.611 0.013 0.132 0.041 0.100 0.104
179 179 (8) 6 : 0.018 0.023 0.226 0.056 0.332 0.345
180 180 (0) 6 : 0.007 0.004 0.172 0.110 0.362 0.346
181 181 (7) 6 : 0.016 0.003 0.073 0.083 0.423 0.403
182 182 (0) 6 : 0.004 0.002 0.537 0.051 0.272 0.135
183 183 (0) 6 : 0.015 0.006 0.646 0.023 0.175 0.135
184 184 (0) 6 : 0.035 0.003 0.206 0.043 0.341 0.371
185 185 (0) 6 : 0.008 0.007 0.161 0.261 0.293 0.269
186 186 (2) 6 : 0.024 0.008 0.480 0.127 0.177 0.183
187 187 (0) 6 : 0.053 0.164 0.408 0.023 0.163 0.188
188 188 (0) 6 : 0.099 0.007 0.251 0.148 0.246 0.250
189 189 (3) 6 : 0.028 0.008 0.172 0.024 0.407 0.360
190 190 (0) 6 : 0.028 0.003 0.208 0.349 0.228 0.183
191 191 (0) 6 : 0.006 0.003 0.318 0.026 0.353 0.295
192 192 (0) 6 : 0.360 0.002 0.037 0.050 0.232 0.319
193 193 (0) 6 : 0.010 0.011 0.181 0.179 0.302 0.316
194 194 (0) 6 : 0.030 0.006 0.036 0.824 0.037 0.066
195 195 (0) 6 : 0.043 0.005 0.134 0.527 0.148 0.142
196 196 (13) 6 : 0.017 0.010 0.016 0.848 0.064 0.045
197 197 (0) 6 : 0.016 0.002 0.156 0.596 0.124 0.106
198 198 (12) 6 : 0.063 0.007 0.103 0.267 0.243 0.318
199 199 (0) 6 : 0.034 0.005 0.188 0.056 0.314 0.402
200 200 (0) 6 : 0.006 0.009 0.240 0.076 0.361 0.308
201 201 (8) 6 : 0.007 0.004 0.016 0.833 0.080 0.061
202 202 (0) 6 : 0.010 0.012 0.009 0.847 0.073 0.049
203 203 (0) 6 : 0.007 0.007 0.206 0.538 0.144 0.099
204 204 (0) 6 : 0.039 0.003 0.027 0.816 0.062 0.052
205 205 (0) 6 : 0.024 0.002 0.167 0.041 0.337 0.429
206 206 (0) 6 : 0.020 0.004 0.250 0.125 0.317 0.285
207 207 (14) 6 : 0.010 0.005 0.231 0.101 0.339 0.314
208 208 (0) 6 : 0.075 0.009 0.157 0.331 0.186 0.242
209 209 (0) 6 : 0.010 0.006 0.178 0.019 0.436 0.352
210 210 (0) 6 : 0.006 0.006 0.249 0.039 0.383 0.317
211 211 (14) 6 : 0.011 0.005 0.069 0.755 0.073 0.088
212 212 (0) 6 : 0.090 0.018 0.228 0.444 0.089 0.130
213 213 (7) 6 : 0.021 0.005 0.021 0.815 0.066 0.072
214 214 (0) 6 : 0.010 0.004 0.046 0.424 0.165 0.352
215 215 (0) 6 : 0.034 0.007 0.210 0.034 0.370 0.345
216 216 (0) 6 : 0.005 0.004 0.012 0.965 0.007 0.007
217 217 (5) 6 : 0.007 0.005 0.008 0.966 0.007 0.008
218 218 (0) 6 : 0.061 0.018 0.249 0.054 0.270 0.349
219 219 (0) 2 : 0.889 0.004 0.025 0.033 0.023 0.027
220 220 (0) 2 : 0.967 0.002 0.006 0.005 0.009 0.012
221 221 (0) 2 : 0.906 0.011 0.026 0.021 0.020 0.016
222 222 (0) 2 : 0.850 0.004 0.047 0.031 0.037 0.030
223 223 (0) 2 : 0.908 0.002 0.027 0.009 0.028 0.026
224 224 (0) 2 : 0.974 0.003 0.005 0.006 0.006 0.007
225 225 (0) 2 : 0.669 0.005 0.078 0.073 0.093 0.081
226 226 (0) 2 : 0.983 0.002 0.003 0.006 0.002 0.003
227 227 (0) 2 : 0.795 0.001 0.051 0.052 0.059 0.042
